week,lat_bin,lon_bin,flash_count
2024-05-27,20.0,-104.0,90
2024-05-27,20.0,-103.5,90
2024-05-27,20.0,-103.0,900
2024-05-27,20.0,-102.5,720
2024-05-27,20.0,-102.0,180
2024-05-27,20.0,-101.5,180
2024-05-27,20.0,-101.0,180
2024-05-27,20.0,-99.5,270
2024-05-27,20.0,-90.5,720
2024-05-27,20.0,-90.0,1710
2024-05-27,20.0,-89.5,180
2024-05-27,20.0,-84.0,360
2024-05-27,20.0,-83.5,270
2024-05-27,20.0,-80.5,90
2024-05-27,20.0,-79.5,180
2024-05-27,20.0,-79.0,180
2024-05-27,20.0,-78.5,270
2024-05-27,20.0,-78.0,540
2024-05-27,20.0,-77.5,180
2024-05-27,20.0,-77.0,1350
2024-05-27,20.0,-76.5,900
2024-05-27,20.0,-76.0,720
2024-05-27,20.0,-75.5,360
2024-05-27,20.0,-72.0,450
2024-05-27,20.0,-71.5,360
2024-05-27,20.0,-71.0,180
2024-05-27,20.0,-70.5,90
2024-05-27,20.0,-70.0,1170
2024-05-27,20.0,-68.5,90
2024-05-27,20.0,-67.0,90
2024-05-27,20.0,-65.5,90
2024-05-27,20.5,-103.0,810
2024-05-27,20.5,-102.5,720
2024-05-27,20.5,-102.0,180
2024-05-27,20.5,-101.5,990
2024-05-27,20.5,-101.0,90
2024-05-27,20.5,-90.0,180
2024-05-27,20.5,-89.5,630
2024-05-27,20.5,-89.0,450
2024-05-27,20.5,-88.5,450
2024-05-27,20.5,-84.0,180
2024-05-27,20.5,-83.5,90
2024-05-27,20.5,-82.0,360
2024-05-27,20.5,-81.5,630
2024-05-27,20.5,-80.5,90
2024-05-27,20.5,-80.0,90
2024-05-27,20.5,-79.5,360
2024-05-27,20.5,-79.0,180
2024-05-27,20.5,-78.5,540
2024-05-27,20.5,-78.0,1440
2024-05-27,20.5,-77.5,1800
2024-05-27,20.5,-77.0,1890
2024-05-27,20.5,-76.5,270
2024-05-27,20.5,-76.0,4140
2024-05-27,20.5,-75.5,450
2024-05-27,20.5,-75.0,270
2024-05-27,20.5,-72.0,540
2024-05-27,20.5,-71.5,1350
2024-05-27,20.5,-71.0,4140
2024-05-27,20.5,-70.5,990
2024-05-27,20.5,-70.0,720
2024-05-27,20.5,-69.5,720
2024-05-27,20.5,-69.0,1620
2024-05-27,20.5,-68.5,900
2024-05-27,20.5,-68.0,450
2024-05-27,20.5,-67.5,90
2024-05-27,21.0,-103.0,180
2024-05-27,21.0,-102.5,450
2024-05-27,21.0,-102.0,360
2024-05-27,21.0,-101.5,450
2024-05-27,21.0,-101.0,270
2024-05-27,21.0,-100.5,90
2024-05-27,21.0,-100.0,90
2024-05-27,21.0,-83.5,90
2024-05-27,21.0,-83.0,360
2024-05-27,21.0,-82.0,90
2024-05-27,21.0,-79.5,180
2024-05-27,21.0,-79.0,2340
2024-05-27,21.0,-78.5,2430
2024-05-27,21.0,-78.0,360
2024-05-27,21.0,-77.5,630
2024-05-27,21.0,-77.0,900
2024-05-27,21.0,-76.5,1350
2024-05-27,21.0,-76.0,1350
2024-05-27,21.0,-75.5,360
2024-05-27,21.0,-74.5,270
2024-05-27,21.0,-74.0,1980
2024-05-27,21.0,-71.5,900
2024-05-27,21.0,-71.0,3060
2024-05-27,21.0,-70.5,4050
2024-05-27,21.0,-70.0,7920
2024-05-27,21.0,-69.5,810
2024-05-27,21.0,-69.0,540
2024-05-27,21.0,-68.5,270
2024-05-27,21.0,-68.0,900
2024-05-27,21.0,-67.5,450
2024-05-27,21.0,-67.0,90
2024-05-27,21.0,-66.0,270
2024-05-27,21.5,-102.0,270
2024-05-27,21.5,-101.5,270
2024-05-27,21.5,-101.0,360
2024-05-27,21.5,-85.5,2250
2024-05-27,21.5,-85.0,810
2024-05-27,21.5,-84.5,360
2024-05-27,21.5,-84.0,90
2024-05-27,21.5,-83.5,540
2024-05-27,21.5,-83.0,630
2024-05-27,21.5,-82.5,810
2024-05-27,21.5,-81.0,90
2024-05-27,21.5,-80.5,450
2024-05-27,21.5,-80.0,1170
2024-05-27,21.5,-79.5,810
2024-05-27,21.5,-79.0,1080
2024-05-27,21.5,-78.5,90
2024-05-27,21.5,-78.0,450
2024-05-27,21.5,-77.5,450
2024-05-27,21.5,-77.0,180
2024-05-27,21.5,-76.5,270
2024-05-27,21.5,-76.0,720
2024-05-27,21.5,-75.5,90
2024-05-27,21.5,-75.0,540
2024-05-27,21.5,-74.5,1530
2024-05-27,21.5,-74.0,720
2024-05-27,21.5,-73.5,720
2024-05-27,21.5,-73.0,180
2024-05-27,21.5,-72.5,180
2024-05-27,21.5,-71.5,90
2024-05-27,21.5,-71.0,540
2024-05-27,21.5,-70.5,990
2024-05-27,21.5,-70.0,2970
2024-05-27,21.5,-69.0,90
2024-05-27,21.5,-68.5,360
2024-05-27,21.5,-68.0,630
2024-05-27,21.5,-67.5,1530
2024-05-27,21.5,-67.0,900
2024-05-27,21.5,-66.5,90
2024-05-27,21.5,-66.0,810
2024-05-27,22.0,-103.5,90
2024-05-27,22.0,-103.0,180
2024-05-27,22.0,-102.5,360
2024-05-27,22.0,-101.5,360
2024-05-27,22.0,-101.0,810
2024-05-27,22.0,-86.0,90
2024-05-27,22.0,-84.5,2430
2024-05-27,22.0,-84.0,270
2024-05-27,22.0,-83.5,180
2024-05-27,22.0,-82.5,90
2024-05-27,22.0,-82.0,270
2024-05-27,22.0,-81.5,270
2024-05-27,22.0,-81.0,540
2024-05-27,22.0,-80.5,270
2024-05-27,22.0,-80.0,180
2024-05-27,22.0,-79.5,1440
2024-05-27,22.0,-79.0,540
2024-05-27,22.0,-78.5,540
2024-05-27,22.0,-78.0,1350
2024-05-27,22.0,-77.5,1620
2024-05-27,22.0,-77.0,270
2024-05-27,22.0,-76.5,270
2024-05-27,22.0,-75.5,450
2024-05-27,22.0,-75.0,630
2024-05-27,22.0,-74.5,990
2024-05-27,22.0,-74.0,2430
2024-05-27,22.0,-71.5,90
2024-05-27,22.0,-71.0,270
2024-05-27,22.0,-70.0,270
2024-05-27,22.0,-69.5,180
2024-05-27,22.0,-69.0,270
2024-05-27,22.0,-68.5,90
2024-05-27,22.0,-68.0,180
2024-05-27,22.0,-67.5,90
2024-05-27,22.0,-67.0,450
2024-05-27,22.0,-66.5,90
2024-05-27,22.0,-66.0,90
2024-05-27,22.5,-103.0,180
2024-05-27,22.5,-102.5,540
2024-05-27,22.5,-101.5,810
2024-05-27,22.5,-101.0,360
2024-05-27,22.5,-86.5,270
2024-05-27,22.5,-86.0,450
2024-05-27,22.5,-84.0,270
2024-05-27,22.5,-83.5,1350
2024-05-27,22.5,-83.0,450
2024-05-27,22.5,-82.5,540
2024-05-27,22.5,-82.0,990
2024-05-27,22.5,-81.5,450
2024-05-27,22.5,-81.0,450
2024-05-27,22.5,-80.5,270
2024-05-27,22.5,-80.0,360
2024-05-27,22.5,-79.5,450
2024-05-27,22.5,-78.0,180
2024-05-27,22.5,-77.5,990
2024-05-27,22.5,-77.0,1350
2024-05-27,22.5,-76.5,270
2024-05-27,22.5,-76.0,270
2024-05-27,22.5,-75.5,450
2024-05-27,22.5,-75.0,90
2024-05-27,22.5,-74.5,90
2024-05-27,22.5,-74.0,180
2024-05-27,22.5,-73.5,990
2024-05-27,22.5,-73.0,450
2024-05-27,22.5,-72.0,90
2024-05-27,22.5,-71.0,540
2024-05-27,22.5,-70.5,360
2024-05-27,22.5,-70.0,360
2024-05-27,22.5,-69.5,630
2024-05-27,22.5,-69.0,1260
2024-05-27,22.5,-68.5,90
2024-05-27,22.5,-67.5,270
2024-05-27,22.5,-67.0,270
2024-05-27,22.5,-66.5,360
2024-05-27,22.5,-66.0,360
2024-05-27,22.5,-65.5,90
2024-05-27,23.0,-102.0,630
2024-05-27,23.0,-101.5,1620
2024-05-27,23.0,-101.0,720
2024-05-27,23.0,-100.5,180
2024-05-27,23.0,-79.5,90
2024-05-27,23.0,-79.0,270
2024-05-27,23.0,-78.0,90
2024-05-27,23.0,-77.5,1260
2024-05-27,23.0,-77.0,270
2024-05-27,23.0,-76.5,270
2024-05-27,23.0,-76.0,90
2024-05-27,23.0,-75.5,180
2024-05-27,23.0,-75.0,270
2024-05-27,23.0,-74.0,90
2024-05-27,23.0,-73.5,180
2024-05-27,23.0,-73.0,270
2024-05-27,23.0,-72.5,180
2024-05-27,23.0,-72.0,270
2024-05-27,23.0,-70.5,270
2024-05-27,23.0,-70.0,270
2024-05-27,23.0,-69.5,270
2024-05-27,23.0,-69.0,180
2024-05-27,23.0,-68.5,270
2024-05-27,23.0,-67.5,1260
2024-05-27,23.0,-67.0,90
2024-05-27,23.0,-66.5,360
2024-05-27,23.0,-65.5,90
2024-05-27,23.5,-102.0,180
2024-05-27,23.5,-101.5,1620
2024-05-27,23.5,-101.0,1620
2024-05-27,23.5,-100.5,450
2024-05-27,23.5,-100.0,270
2024-05-27,23.5,-99.5,630
2024-05-27,23.5,-73.5,180
2024-05-27,23.5,-70.0,90
2024-05-27,23.5,-69.5,270
2024-05-27,23.5,-69.0,270
2024-05-27,23.5,-68.5,180
2024-05-27,23.5,-68.0,270
2024-05-27,23.5,-67.5,270
2024-05-27,23.5,-67.0,180
2024-05-27,23.5,-65.5,90
2024-05-27,24.0,-101.5,360
2024-05-27,24.0,-101.0,720
2024-05-27,24.0,-100.0,270
2024-05-27,24.0,-99.5,630
2024-05-27,24.0,-87.5,90
2024-05-27,24.0,-80.0,270
2024-05-27,24.0,-75.5,90
2024-05-27,24.0,-70.5,90
2024-05-27,24.0,-69.0,90
2024-05-27,24.0,-68.5,450
2024-05-27,24.0,-68.0,180
2024-05-27,24.0,-67.5,90
2024-05-27,24.0,-67.0,90
2024-05-27,24.5,-102.5,90
2024-05-27,24.5,-102.0,270
2024-05-27,24.5,-101.5,1260
2024-05-27,24.5,-101.0,900
2024-05-27,24.5,-100.5,720
2024-05-27,24.5,-100.0,90
2024-05-27,24.5,-99.5,360
2024-05-27,24.5,-88.0,2880
2024-05-27,24.5,-87.5,2520
2024-05-27,24.5,-84.5,90
2024-05-27,24.5,-83.5,90
2024-05-27,24.5,-83.0,270
2024-05-27,24.5,-82.5,990
2024-05-27,24.5,-82.0,180
2024-05-27,24.5,-80.5,360
2024-05-27,24.5,-80.0,540
2024-05-27,24.5,-79.5,270
2024-05-27,24.5,-68.0,90
2024-05-27,24.5,-67.5,90
2024-05-27,24.5,-66.5,180
2024-05-27,24.5,-66.0,180
2024-05-27,25.0,-102.0,270
2024-05-27,25.0,-101.5,540
2024-05-27,25.0,-101.0,1080
2024-05-27,25.0,-100.5,990
2024-05-27,25.0,-88.5,180
2024-05-27,25.0,-88.0,2700
2024-05-27,25.0,-87.5,2430
2024-05-27,25.0,-86.5,1620
2024-05-27,25.0,-85.5,180
2024-05-27,25.0,-85.0,90
2024-05-27,25.0,-84.5,90
2024-05-27,25.0,-83.5,90
2024-05-27,25.0,-83.0,180
2024-05-27,25.0,-82.5,1890
2024-05-27,25.0,-82.0,90
2024-05-27,25.0,-81.5,90
2024-05-27,25.0,-80.5,360
2024-05-27,25.0,-80.0,180
2024-05-27,25.5,-88.5,90
2024-05-27,25.5,-88.0,1620
2024-05-27,25.5,-87.5,2520
2024-05-27,25.5,-87.0,540
2024-05-27,25.5,-86.5,1530
2024-05-27,25.5,-86.0,270
2024-05-27,25.5,-85.0,1440
2024-05-27,25.5,-84.0,90
2024-05-27,25.5,-83.0,90
2024-05-27,25.5,-82.5,720
2024-05-27,25.5,-82.0,90
2024-05-27,25.5,-81.5,90
2024-05-27,25.5,-81.0,90
2024-05-27,25.5,-80.5,180
2024-05-27,25.5,-80.0,270
2024-05-27,25.5,-79.0,90
2024-05-27,26.0,-102.5,180
2024-05-27,26.0,-102.0,180
2024-05-27,26.0,-88.5,540
2024-05-27,26.0,-88.0,1530
2024-05-27,26.0,-87.5,3600
2024-05-27,26.0,-87.0,1170
2024-05-27,26.0,-86.5,2070
2024-05-27,26.0,-86.0,450
2024-05-27,26.0,-85.5,270
2024-05-27,26.0,-85.0,180
2024-05-27,26.0,-84.0,270
2024-05-27,26.0,-83.5,1350
2024-05-27,26.0,-82.0,270
2024-05-27,26.0,-81.0,90
2024-05-27,26.0,-65.5,180
2024-05-27,26.5,-88.5,450
2024-05-27,26.5,-88.0,2340
2024-05-27,26.5,-87.5,4770
2024-05-27,26.5,-87.0,2250
2024-05-27,26.5,-86.5,2610
2024-05-27,26.5,-86.0,1260
2024-05-27,26.5,-85.5,990
2024-05-27,26.5,-85.0,90
2024-05-27,26.5,-84.5,270
2024-05-27,26.5,-83.0,180
2024-05-27,26.5,-81.5,90
2024-05-27,26.5,-81.0,90
2024-05-27,26.5,-67.0,90
2024-05-27,26.5,-66.0,360
2024-05-27,26.5,-65.5,90
2024-05-27,27.0,-91.5,6480
2024-05-27,27.0,-91.0,90
2024-05-27,27.0,-90.5,90
2024-05-27,27.0,-90.0,90
2024-05-27,27.0,-89.0,180
2024-05-27,27.0,-88.5,1620
2024-05-27,27.0,-88.0,180
2024-05-27,27.0,-87.5,4050
2024-05-27,27.0,-87.0,4860
2024-05-27,27.0,-86.5,3510
2024-05-27,27.0,-86.0,1350
2024-05-27,27.0,-85.5,90
2024-05-27,27.0,-84.5,90
2024-05-27,27.0,-83.5,90
2024-05-27,27.0,-82.0,180
2024-05-27,27.0,-81.0,180
2024-05-27,27.0,-66.0,90
2024-05-27,27.0,-65.5,270
2024-05-27,27.5,-103.0,90
2024-05-27,27.5,-102.5,630
2024-05-27,27.5,-96.5,630
2024-05-27,27.5,-96.0,1620
2024-05-27,27.5,-95.5,720
2024-05-27,27.5,-95.0,360
2024-05-27,27.5,-91.5,4770
2024-05-27,27.5,-91.0,360
2024-05-27,27.5,-90.5,270
2024-05-27,27.5,-89.5,180
2024-05-27,27.5,-89.0,270
2024-05-27,27.5,-88.5,180
2024-05-27,27.5,-88.0,1980
2024-05-27,27.5,-87.5,3330
2024-05-27,27.5,-87.0,4410
2024-05-27,27.5,-86.5,2520
2024-05-27,27.5,-86.0,450
2024-05-27,27.5,-85.5,180
2024-05-27,27.5,-84.5,990
2024-05-27,27.5,-84.0,360
2024-05-27,27.5,-83.0,270
2024-05-27,27.5,-65.5,90
2024-05-27,28.0,-103.0,540
2024-05-27,28.0,-102.5,630
2024-05-27,28.0,-102.0,2070
2024-05-27,28.0,-101.5,180
2024-05-27,28.0,-97.5,270
2024-05-27,28.0,-97.0,630
2024-05-27,28.0,-96.5,1350
2024-05-27,28.0,-96.0,450
2024-05-27,28.0,-95.5,180
2024-05-27,28.0,-95.0,180
2024-05-27,28.0,-92.5,2070
2024-05-27,28.0,-92.0,2070
2024-05-27,28.0,-91.5,2250
2024-05-27,28.0,-91.0,990
2024-05-27,28.0,-90.0,1080
2024-05-27,28.0,-89.5,360
2024-05-27,28.0,-89.0,270
2024-05-27,28.0,-88.5,1890
2024-05-27,28.0,-88.0,90
2024-05-27,28.0,-87.5,7650
2024-05-27,28.0,-87.0,10710
2024-05-27,28.0,-86.5,3330
2024-05-27,28.0,-86.0,270
2024-05-27,28.0,-85.5,90
2024-05-27,28.0,-84.5,90
2024-05-27,28.0,-66.0,180
2024-05-27,28.5,-103.5,630
2024-05-27,28.5,-103.0,1350
2024-05-27,28.5,-102.5,2610
2024-05-27,28.5,-102.0,2070
2024-05-27,28.5,-98.5,90
2024-05-27,28.5,-97.5,2340
2024-05-27,28.5,-97.0,2250
2024-05-27,28.5,-96.5,4050
2024-05-27,28.5,-96.0,540
2024-05-27,28.5,-95.5,810
2024-05-27,28.5,-93.0,450
2024-05-27,28.5,-92.5,5670
2024-05-27,28.5,-92.0,3420
2024-05-27,28.5,-91.5,2340
2024-05-27,28.5,-91.0,1890
2024-05-27,28.5,-90.0,540
2024-05-27,28.5,-89.5,2880
2024-05-27,28.5,-89.0,1890
2024-05-27,28.5,-88.5,2880
2024-05-27,28.5,-88.0,3330
2024-05-27,28.5,-87.5,10530
2024-05-27,28.5,-87.0,6210
2024-05-27,28.5,-86.5,1170
2024-05-27,28.5,-86.0,450
2024-05-27,28.5,-85.5,90
2024-05-27,29.0,-104.0,450
2024-05-27,29.0,-103.5,450
2024-05-27,29.0,-103.0,450
2024-05-27,29.0,-102.5,360
2024-05-27,29.0,-98.5,270
2024-05-27,29.0,-96.5,90
2024-05-27,29.0,-96.0,540
2024-05-27,29.0,-95.5,2250
2024-05-27,29.0,-94.0,270
2024-05-27,29.0,-93.5,3420
2024-05-27,29.0,-93.0,1530
2024-05-27,29.0,-92.5,7200
2024-05-27,29.0,-92.0,3240
2024-05-27,29.0,-91.5,3600
2024-05-27,29.0,-91.0,6210
2024-05-27,29.0,-90.5,90
2024-05-27,29.0,-90.0,540
2024-05-27,29.0,-89.5,2970
2024-05-27,29.0,-89.0,4050
2024-05-27,29.0,-88.5,3330
2024-05-27,29.0,-88.0,7290
2024-05-27,29.0,-87.5,8370
2024-05-27,29.0,-87.0,10170
2024-05-27,29.0,-86.5,1530
2024-05-27,29.0,-86.0,540
2024-05-27,29.0,-85.5,270
2024-05-27,29.0,-85.0,90
2024-05-27,29.0,-84.5,90
2024-05-27,29.5,-103.0,1170
2024-05-27,29.5,-102.5,6120
2024-05-27,29.5,-102.0,1980
2024-05-27,29.5,-101.5,360
2024-05-27,29.5,-100.0,540
2024-05-27,29.5,-96.0,270
2024-05-27,29.5,-95.5,270
2024-05-27,29.5,-95.0,450
2024-05-27,29.5,-94.5,1620
2024-05-27,29.5,-94.0,2160
2024-05-27,29.5,-93.5,180
2024-05-27,29.5,-92.5,2070
2024-05-27,29.5,-92.0,4860
2024-05-27,29.5,-91.5,720
2024-05-27,29.5,-91.0,1350
2024-05-27,29.5,-90.5,7290
2024-05-27,29.5,-90.0,4680
2024-05-27,29.5,-89.5,5310
2024-05-27,29.5,-89.0,2970
2024-05-27,29.5,-88.5,2160
2024-05-27,29.5,-88.0,4320
2024-05-27,29.5,-87.5,1080
2024-05-27,29.5,-87.0,6120
2024-05-27,29.5,-86.5,2880
2024-05-27,29.5,-86.0,450
2024-05-27,29.5,-85.5,90
2024-05-27,29.5,-85.0,900
2024-05-27,29.5,-84.5,90
2024-05-27,30.0,-105.5,90
2024-05-27,30.0,-104.0,180
2024-05-27,30.0,-103.5,1080
2024-05-27,30.0,-103.0,3150
2024-05-27,30.0,-102.5,1710
2024-05-27,30.0,-102.0,990
2024-05-27,30.0,-101.5,2430
2024-05-27,30.0,-101.0,1350
2024-05-27,30.0,-100.5,90
2024-05-27,30.0,-100.0,720
2024-05-27,30.0,-98.5,720
2024-05-27,30.0,-98.0,270
2024-05-27,30.0,-96.0,180
2024-05-27,30.0,-95.5,180
2024-05-27,30.0,-95.0,630
2024-05-27,30.0,-94.5,1260
2024-05-27,30.0,-94.0,2070
2024-05-27,30.0,-93.5,4140
2024-05-27,30.0,-93.0,900
2024-05-27,30.0,-92.5,2070
2024-05-27,30.0,-92.0,5130
2024-05-27,30.0,-91.5,1080
2024-05-27,30.0,-91.0,1260
2024-05-27,30.0,-90.5,1710
2024-05-27,30.0,-90.0,1980
2024-05-27,30.0,-89.5,2340
2024-05-27,30.0,-89.0,4410
2024-05-27,30.0,-88.5,6210
2024-05-27,30.0,-88.0,5940
2024-05-27,30.0,-87.5,3870
2024-05-27,30.0,-87.0,12600
2024-05-27,30.0,-86.5,1440
2024-05-27,30.0,-86.0,180
2024-05-27,30.0,-85.5,450
2024-05-27,30.0,-85.0,360
2024-05-27,30.0,-84.5,630
2024-05-27,30.5,-104.5,450
2024-05-27,30.5,-104.0,180
2024-05-27,30.5,-103.5,2070
2024-05-27,30.5,-103.0,2070
2024-05-27,30.5,-102.5,90
2024-05-27,30.5,-100.5,90
2024-05-27,30.5,-99.5,180
2024-05-27,30.5,-99.0,360
2024-05-27,30.5,-98.5,1440
2024-05-27,30.5,-96.0,180
2024-05-27,30.5,-95.5,1350
2024-05-27,30.5,-95.0,990
2024-05-27,30.5,-94.5,360
2024-05-27,30.5,-94.0,2250
2024-05-27,30.5,-93.5,3510
2024-05-27,30.5,-93.0,2250
2024-05-27,30.5,-92.5,900
2024-05-27,30.5,-92.0,2250
2024-05-27,30.5,-91.5,360
2024-05-27,30.5,-91.0,1620
2024-05-27,30.5,-90.5,1710
2024-05-27,30.5,-90.0,90
2024-05-27,30.5,-89.5,2340
2024-05-27,30.5,-89.0,1890
2024-05-27,30.5,-88.5,2880
2024-05-27,30.5,-88.0,4410
2024-05-27,30.5,-87.5,3330
2024-05-27,30.5,-87.0,2970
2024-05-27,30.5,-86.5,630
2024-05-27,30.5,-86.0,360
2024-05-27,30.5,-85.5,450
2024-05-27,30.5,-85.0,1170
2024-05-27,30.5,-84.5,180
2024-05-27,30.5,-84.0,180
2024-05-27,31.0,-104.5,1260
2024-05-27,31.0,-104.0,1080
2024-05-27,31.0,-103.5,270
2024-05-27,31.0,-103.0,1170
2024-05-27,31.0,-102.0,180
2024-05-27,31.0,-101.0,450
2024-05-27,31.0,-100.0,360
2024-05-27,31.0,-99.5,360
2024-05-27,31.0,-99.0,270
2024-05-27,31.0,-98.5,360
2024-05-27,31.0,-96.5,720
2024-05-27,31.0,-96.0,90
2024-05-27,31.0,-95.5,360
2024-05-27,31.0,-95.0,1800
2024-05-27,31.0,-94.5,450
2024-05-27,31.0,-94.0,900
2024-05-27,31.0,-93.5,360
2024-05-27,31.0,-93.0,360
2024-05-27,31.0,-92.5,1260
2024-05-27,31.0,-92.0,2070
2024-05-27,31.0,-91.5,360
2024-05-27,31.0,-91.0,540
2024-05-27,31.0,-90.5,270
2024-05-27,31.0,-89.5,180
2024-05-27,31.0,-89.0,3150
2024-05-27,31.0,-88.5,1170
2024-05-27,31.0,-88.0,1440
2024-05-27,31.0,-87.5,540
2024-05-27,31.0,-87.0,270
2024-05-27,31.0,-86.5,180
2024-05-27,31.0,-86.0,90
2024-05-27,31.0,-85.5,180
2024-05-27,31.0,-85.0,450
2024-05-27,31.0,-84.5,90
2024-05-27,31.5,-105.5,90
2024-05-27,31.5,-105.0,270
2024-05-27,31.5,-104.5,450
2024-05-27,31.5,-104.0,1260
2024-05-27,31.5,-102.5,90
2024-05-27,31.5,-101.0,810
2024-05-27,31.5,-100.0,270
2024-05-27,31.5,-99.5,540
2024-05-27,31.5,-99.0,90
2024-05-27,31.5,-98.5,720
2024-05-27,31.5,-98.0,180
2024-05-27,31.5,-97.5,90
2024-05-27,31.5,-96.5,90
2024-05-27,31.5,-96.0,900
2024-05-27,31.5,-95.5,270
2024-05-27,31.5,-95.0,2070
2024-05-27,31.5,-94.5,2610
2024-05-27,31.5,-94.0,1080
2024-05-27,31.5,-93.5,990
2024-05-27,31.5,-93.0,90
2024-05-27,31.5,-92.5,1080
2024-05-27,31.5,-92.0,1170
2024-05-27,31.5,-91.0,270
2024-05-27,31.5,-90.5,90
2024-05-27,31.5,-89.5,450
2024-05-27,31.5,-89.0,810
2024-05-27,31.5,-88.5,1260
2024-05-27,31.5,-88.0,1080
2024-05-27,31.5,-87.5,360
2024-05-27,31.5,-87.0,810
2024-05-27,31.5,-86.5,720
2024-05-27,31.5,-86.0,90
2024-05-27,31.5,-85.5,90
2024-05-27,32.0,-105.5,270
2024-05-27,32.0,-103.0,1620
2024-05-27,32.0,-102.5,2070
2024-05-27,32.0,-102.0,810
2024-05-27,32.0,-100.5,90
2024-05-27,32.0,-98.5,1440
2024-05-27,32.0,-97.5,1440
2024-05-27,32.0,-97.0,450
2024-05-27,32.0,-96.5,1170
2024-05-27,32.0,-96.0,270
2024-05-27,32.0,-95.5,810
2024-05-27,32.0,-95.0,2610
2024-05-27,32.0,-94.5,2880
2024-05-27,32.0,-94.0,1350
2024-05-27,32.0,-93.5,1620
2024-05-27,32.0,-93.0,3060
2024-05-27,32.0,-92.5,1530
2024-05-27,32.0,-92.0,450
2024-05-27,32.0,-91.0,630
2024-05-27,32.0,-90.5,270
2024-05-27,32.0,-90.0,180
2024-05-27,32.0,-88.5,450
2024-05-27,32.0,-88.0,270
2024-05-27,32.0,-87.5,90
2024-05-27,32.0,-86.5,360
2024-05-27,32.0,-86.0,90
2024-05-27,32.0,-85.0,90
2024-05-27,32.5,-105.5,180
2024-05-27,32.5,-103.5,1980
2024-05-27,32.5,-103.0,1350
2024-05-27,32.5,-102.5,2070
2024-05-27,32.5,-102.0,720
2024-05-27,32.5,-101.0,900
2024-05-27,32.5,-100.5,900
2024-05-27,32.5,-100.0,90
2024-05-27,32.5,-99.5,90
2024-05-27,32.5,-97.5,630
2024-05-27,32.5,-97.0,2790
2024-05-27,32.5,-96.5,1980
2024-05-27,32.5,-96.0,1620
2024-05-27,32.5,-95.5,810
2024-05-27,32.5,-95.0,180
2024-05-27,32.5,-94.5,180
2024-05-27,32.5,-94.0,180
2024-05-27,32.5,-93.5,270
2024-05-27,32.5,-93.0,810
2024-05-27,32.5,-92.5,90
2024-05-27,32.5,-91.0,180
2024-05-27,32.5,-90.5,1620
2024-05-27,32.5,-90.0,2070
2024-05-27,32.5,-89.5,450
2024-05-27,32.5,-89.0,180
2024-05-27,32.5,-88.5,1350
2024-05-27,32.5,-88.0,270
2024-05-27,32.5,-87.5,90
2024-05-27,32.5,-86.5,180
2024-05-27,32.5,-86.0,180
2024-05-27,33.0,-104.0,270
2024-05-27,33.0,-103.5,3960
2024-05-27,33.0,-103.0,1980
2024-05-27,33.0,-102.5,1980
2024-05-27,33.0,-102.0,1890
2024-05-27,33.0,-101.5,2970
2024-05-27,33.0,-101.0,810
2024-05-27,33.0,-100.0,1350
2024-05-27,33.0,-99.5,360
2024-05-27,33.0,-99.0,360
2024-05-27,33.0,-98.5,630
2024-05-27,33.0,-98.0,900
2024-05-27,33.0,-97.5,2970
2024-05-27,33.0,-97.0,810
2024-05-27,33.0,-96.5,1080
2024-05-27,33.0,-96.0,360
2024-05-27,33.0,-95.5,540
2024-05-27,33.0,-95.0,900
2024-05-27,33.0,-94.0,180
2024-05-27,33.0,-90.5,180
2024-05-27,33.0,-90.0,90
2024-05-27,33.0,-89.0,90
2024-05-27,33.5,-105.5,180
2024-05-27,33.5,-104.5,90
2024-05-27,33.5,-104.0,1530
2024-05-27,33.5,-103.5,2610
2024-05-27,33.5,-103.0,2160
2024-05-27,33.5,-102.5,3060
2024-05-27,33.5,-102.0,2250
2024-05-27,33.5,-101.5,1890
2024-05-27,33.5,-101.0,1080
2024-05-27,33.5,-100.5,1440
2024-05-27,33.5,-100.0,2070
2024-05-27,33.5,-99.5,720
2024-05-27,33.5,-99.0,1080
2024-05-27,33.5,-98.5,900
2024-05-27,33.5,-98.0,1530
2024-05-27,33.5,-97.5,990
2024-05-27,33.5,-97.0,1080
2024-05-27,33.5,-96.5,540
2024-05-27,33.5,-96.0,1080
2024-05-27,33.5,-95.5,180
2024-05-27,33.5,-95.0,810
2024-05-27,33.5,-89.0,180
2024-05-27,33.5,-88.5,990
2024-05-27,33.5,-88.0,270
2024-05-27,33.5,-87.5,90
2024-05-27,33.5,-85.5,90
2024-05-27,33.5,-84.5,180
2024-05-27,33.5,-84.0,270
2024-05-27,34.0,-105.5,180
2024-05-27,34.0,-104.5,1080
2024-05-27,34.0,-104.0,1260
2024-05-27,34.0,-103.5,540
2024-05-27,34.0,-103.0,1080
2024-05-27,34.0,-102.5,1260
2024-05-27,34.0,-102.0,630
2024-05-27,34.0,-101.5,90
2024-05-27,34.0,-101.0,270
2024-05-27,34.0,-100.5,90
2024-05-27,34.0,-100.0,450
2024-05-27,34.0,-99.5,720
2024-05-27,34.0,-99.0,1170
2024-05-27,34.0,-98.5,1800
2024-05-27,34.0,-98.0,1260
2024-05-27,34.0,-97.5,810
2024-05-27,34.0,-97.0,360
2024-05-27,34.0,-96.5,2610
2024-05-27,34.0,-96.0,1530
2024-05-27,34.0,-95.5,450
2024-05-27,34.0,-95.0,90
2024-05-27,34.0,-94.5,180
2024-05-27,34.0,-92.5,180
2024-05-27,34.0,-92.0,270
2024-05-27,34.0,-91.5,180
2024-05-27,34.0,-89.5,180
2024-05-27,34.0,-89.0,270
2024-05-27,34.0,-88.5,900
2024-05-27,34.0,-88.0,180
2024-05-27,34.0,-87.5,720
2024-05-27,34.0,-87.0,90
2024-05-27,34.0,-86.5,180
2024-05-27,34.0,-83.5,90
2024-05-27,34.5,-104.5,720
2024-05-27,34.5,-104.0,540
2024-05-27,34.5,-103.5,810
2024-05-27,34.5,-103.0,630
2024-05-27,34.5,-102.5,540
2024-05-27,34.5,-102.0,1260
2024-05-27,34.5,-101.5,1350
2024-05-27,34.5,-101.0,450
2024-05-27,34.5,-100.5,720
2024-05-27,34.5,-100.0,2430
2024-05-27,34.5,-99.5,2610
2024-05-27,34.5,-99.0,1080
2024-05-27,34.5,-98.5,2250
2024-05-27,34.5,-98.0,1080
2024-05-27,34.5,-97.5,180
2024-05-27,34.5,-97.0,720
2024-05-27,34.5,-96.5,180
2024-05-27,34.5,-96.0,630
2024-05-27,34.5,-92.5,90
2024-05-27,34.5,-92.0,90
2024-05-27,34.5,-91.5,90
2024-05-27,34.5,-91.0,180
2024-05-27,34.5,-90.0,270
2024-05-27,34.5,-89.5,270
2024-05-27,34.5,-89.0,90
2024-05-27,34.5,-88.5,90
2024-05-27,34.5,-66.0,450
2024-05-27,35.0,-104.0,360
2024-05-27,35.0,-103.5,2430
2024-05-27,35.0,-103.0,2790
2024-05-27,35.0,-102.5,180
2024-05-27,35.0,-102.0,90
2024-05-27,35.0,-101.5,1530
2024-05-27,35.0,-101.0,2880
2024-05-27,35.0,-100.5,5310
2024-05-27,35.0,-100.0,1530
2024-05-27,35.0,-99.5,270
2024-05-27,35.0,-98.5,1170
2024-05-27,35.0,-98.0,270
2024-05-27,35.0,-97.5,180
2024-05-27,35.0,-97.0,90
2024-05-27,35.0,-94.0,270
2024-05-27,35.0,-91.5,90
2024-05-27,35.0,-90.0,630
2024-05-27,35.0,-67.0,90
2024-05-27,35.0,-66.5,270
2024-05-27,35.5,-105.5,180
2024-05-27,35.5,-105.0,270
2024-05-27,35.5,-103.5,810
2024-05-27,35.5,-103.0,1440
2024-05-27,35.5,-102.5,450
2024-05-27,35.5,-102.0,360
2024-05-27,35.5,-101.5,1440
2024-05-27,35.5,-101.0,5490
2024-05-27,35.5,-100.5,540
2024-05-27,35.5,-98.5,90
2024-05-27,35.5,-98.0,810
2024-05-27,35.5,-97.5,90
2024-05-27,35.5,-96.5,90
2024-05-27,35.5,-94.5,180
2024-05-27,35.5,-67.0,90
2024-05-27,36.0,-105.5,90
2024-05-27,36.0,-104.0,180
2024-05-27,36.0,-103.5,180
2024-05-27,36.0,-102.5,630
2024-05-27,36.0,-102.0,1170
2024-05-27,36.0,-101.5,2070
2024-05-27,36.0,-101.0,900
2024-05-27,36.0,-100.5,1080
2024-05-27,36.0,-100.0,540
2024-05-27,36.0,-99.5,450
2024-05-27,36.0,-99.0,90
2024-05-27,36.0,-98.5,90
2024-05-27,36.0,-94.5,180
2024-05-27,36.0,-94.0,180
2024-05-27,36.0,-66.0,900
2024-05-27,36.0,-65.5,90
2024-05-27,36.5,-105.0,90
2024-05-27,36.5,-104.5,90
2024-05-27,36.5,-103.0,90
2024-05-27,36.5,-102.5,90
2024-05-27,36.5,-102.0,2790
2024-05-27,36.5,-101.5,1440
2024-05-27,36.5,-101.0,810
2024-05-27,36.5,-100.5,1260
2024-05-27,36.5,-100.0,1080
2024-05-27,36.5,-99.5,1080
2024-05-27,36.5,-99.0,810
2024-05-27,36.5,-98.5,1080
2024-05-27,36.5,-98.0,180
2024-05-27,36.5,-93.0,180
2024-05-27,36.5,-89.0,90
2024-05-27,36.5,-66.5,90
2024-05-27,36.5,-66.0,180
2024-05-27,36.5,-65.5,180
2024-05-27,37.0,-105.0,90
2024-05-27,37.0,-104.0,90
2024-05-27,37.0,-103.5,360
2024-05-27,37.0,-103.0,630
2024-05-27,37.0,-102.5,1980
2024-05-27,37.0,-102.0,1890
2024-05-27,37.0,-101.5,1710
2024-05-27,37.0,-101.0,3690
2024-05-27,37.0,-100.5,3780
2024-05-27,37.0,-100.0,4230
2024-05-27,37.0,-99.5,1350
2024-05-27,37.0,-99.0,2070
2024-05-27,37.0,-98.5,360
2024-05-27,37.0,-92.5,450
2024-05-27,37.0,-66.0,450
2024-05-27,37.0,-65.5,270
2024-05-27,37.5,-105.0,180
2024-05-27,37.5,-104.5,90
2024-05-27,37.5,-103.5,900
2024-05-27,37.5,-103.0,450
2024-05-27,37.5,-102.5,1710
2024-05-27,37.5,-102.0,2970
2024-05-27,37.5,-101.5,2070
2024-05-27,37.5,-101.0,1440
2024-05-27,37.5,-100.5,3690
2024-05-27,37.5,-100.0,2250
2024-05-27,37.5,-99.5,270
2024-05-27,37.5,-98.0,90
2024-05-27,37.5,-97.5,630
2024-05-27,37.5,-66.5,90
2024-05-27,37.5,-66.0,360
2024-05-27,38.0,-105.0,270
2024-05-27,38.0,-104.5,810
2024-05-27,38.0,-104.0,180
2024-05-27,38.0,-103.5,540
2024-05-27,38.0,-103.0,360
2024-05-27,38.0,-102.5,540
2024-05-27,38.0,-102.0,2340
2024-05-27,38.0,-101.5,1800
2024-05-27,38.0,-101.0,2970
2024-05-27,38.0,-100.5,3510
2024-05-27,38.0,-100.0,900
2024-05-27,38.0,-99.5,900
2024-05-27,38.0,-99.0,90
2024-05-27,38.0,-98.0,1620
2024-05-27,38.0,-97.5,810
2024-05-27,38.0,-97.0,360
2024-05-27,38.0,-67.0,180
2024-05-27,38.0,-66.5,90
2024-05-27,38.5,-105.5,90
2024-05-27,38.5,-105.0,540
2024-05-27,38.5,-104.5,630
2024-05-27,38.5,-104.0,720
2024-05-27,38.5,-103.5,2250
2024-05-27,38.5,-103.0,810
2024-05-27,38.5,-102.5,1170
2024-05-27,38.5,-102.0,720
2024-05-27,38.5,-101.5,90
2024-05-27,38.5,-101.0,1800
2024-05-27,38.5,-100.5,5040
2024-05-27,38.5,-100.0,1080
2024-05-27,38.5,-99.5,360
2024-05-27,38.5,-99.0,180
2024-05-27,38.5,-98.5,90
2024-05-27,38.5,-98.0,630
2024-05-27,38.5,-97.5,900
2024-05-27,38.5,-97.0,3330
2024-05-27,38.5,-96.5,270
2024-05-27,38.5,-67.0,180
2024-05-27,38.5,-66.5,90
2024-05-27,39.0,-105.5,90
2024-05-27,39.0,-104.5,990
2024-05-27,39.0,-104.0,1980
2024-05-27,39.0,-103.5,1170
2024-05-27,39.0,-103.0,1620
2024-05-27,39.0,-102.5,540
2024-05-27,39.0,-101.5,90
2024-05-27,39.0,-101.0,270
2024-05-27,39.0,-100.5,1350
2024-05-27,39.0,-100.0,90
2024-05-27,39.0,-99.5,90
2024-05-27,39.0,-99.0,90
2024-05-27,39.0,-97.5,1620
2024-05-27,39.0,-97.0,2160
2024-05-27,39.0,-96.5,360
2024-05-27,39.0,-96.0,90
2024-05-27,39.5,-114.0,90
2024-05-27,39.5,-104.0,90
2024-05-27,39.5,-103.5,630
2024-05-27,39.5,-103.0,720
2024-05-27,39.5,-102.5,630
2024-05-27,39.5,-101.5,90
2024-05-27,39.5,-100.0,450
2024-05-27,39.5,-99.5,180
2024-05-27,39.5,-99.0,90
2024-05-27,39.5,-97.5,3600
2024-05-27,39.5,-97.0,1980
2024-05-27,39.5,-96.5,450
2024-05-27,40.0,-108.5,90
2024-05-27,40.0,-107.5,270
2024-05-27,40.0,-106.5,90
2024-05-27,40.0,-105.5,90
2024-05-27,40.0,-103.5,90
2024-05-27,40.0,-103.0,630
2024-05-27,40.0,-102.5,360
2024-05-27,40.0,-102.0,180
2024-05-27,40.0,-101.5,180
2024-05-27,40.0,-101.0,180
2024-05-27,40.0,-100.5,810
2024-05-27,40.0,-100.0,3330
2024-05-27,40.0,-99.5,1080
2024-05-27,40.0,-99.0,360
2024-05-27,40.0,-98.0,810
2024-05-27,40.0,-97.5,1980
2024-05-27,40.0,-97.0,180
2024-05-27,40.5,-112.0,90
2024-05-27,40.5,-111.5,90
2024-05-27,40.5,-110.0,90
2024-05-27,40.5,-107.0,180
2024-05-27,40.5,-106.5,90
2024-05-27,40.5,-106.0,90
2024-05-27,40.5,-105.5,270
2024-05-27,40.5,-105.0,180
2024-05-27,40.5,-104.0,180
2024-05-27,40.5,-103.5,1980
2024-05-27,40.5,-103.0,1620
2024-05-27,40.5,-102.5,990
2024-05-27,40.5,-102.0,450
2024-05-27,40.5,-101.5,1170
2024-05-27,40.5,-101.0,1080
2024-05-27,40.5,-100.5,2610
2024-05-27,40.5,-100.0,1440
2024-05-27,40.5,-99.5,360
2024-05-27,40.5,-99.0,90
2024-05-27,40.5,-98.5,540
2024-05-27,40.5,-97.5,270
2024-05-27,40.5,-97.0,360
2024-05-27,40.5,-96.5,360
2024-05-27,40.5,-95.5,180
2024-05-27,41.0,-108.0,90
2024-05-27,41.0,-106.0,90
2024-05-27,41.0,-105.5,90
2024-05-27,41.0,-105.0,270
2024-05-27,41.0,-104.5,540
2024-05-27,41.0,-104.0,540
2024-05-27,41.0,-103.5,630
2024-05-27,41.0,-103.0,810
2024-05-27,41.0,-102.5,630
2024-05-27,41.0,-102.0,270
2024-05-27,41.0,-101.5,3420
2024-05-27,41.0,-101.0,1350
2024-05-27,41.0,-100.5,1440
2024-05-27,41.0,-100.0,450
2024-05-27,41.0,-99.5,1170
2024-05-27,41.0,-99.0,450
2024-05-27,41.0,-98.5,990
2024-05-27,41.0,-98.0,1260
2024-05-27,41.0,-97.5,810
2024-05-27,41.0,-97.0,1260
2024-05-27,41.0,-96.5,270
2024-05-27,41.0,-96.0,720
2024-05-27,41.0,-95.5,450
2024-05-27,41.5,-111.0,90
2024-05-27,41.5,-110.0,90
2024-05-27,41.5,-104.5,270
2024-05-27,41.5,-104.0,720
2024-05-27,41.5,-103.5,540
2024-05-27,41.5,-103.0,450
2024-05-27,41.5,-102.5,3780
2024-05-27,41.5,-102.0,1620
2024-05-27,41.5,-101.5,2700
2024-05-27,41.5,-101.0,630
2024-05-27,41.5,-100.0,90
2024-05-27,41.5,-99.5,360
2024-05-27,41.5,-99.0,270
2024-05-27,41.5,-98.5,720
2024-05-27,41.5,-98.0,2160
2024-05-27,41.5,-97.5,1440
2024-05-27,41.5,-97.0,1800
2024-05-27,41.5,-96.5,360
2024-05-27,41.5,-96.0,90
2024-05-27,42.0,-108.5,90
2024-05-27,42.0,-105.5,90
2024-05-27,42.0,-105.0,180
2024-05-27,42.0,-104.0,450
2024-05-27,42.0,-103.5,900
2024-05-27,42.0,-103.0,1800
2024-05-27,42.0,-102.5,1620
2024-05-27,42.0,-102.0,1260
2024-05-27,42.0,-101.5,630
2024-05-27,42.0,-101.0,450
2024-05-27,42.0,-100.5,180
2024-05-27,42.0,-100.0,630
2024-05-27,42.0,-99.0,1080
2024-05-27,42.0,-98.5,1440
2024-05-27,42.0,-98.0,630
2024-05-27,42.0,-97.5,180
2024-05-27,42.0,-97.0,270
2024-05-27,42.5,-109.0,90
2024-05-27,42.5,-105.0,360
2024-05-27,42.5,-104.0,90
2024-05-27,42.5,-103.5,90
2024-05-27,42.5,-103.0,1080
2024-05-27,42.5,-102.5,180
2024-05-27,42.5,-102.0,1980
2024-05-27,42.5,-101.5,990
2024-05-27,42.5,-101.0,810
2024-05-27,42.5,-100.5,540
2024-05-27,42.5,-100.0,90
2024-05-27,42.5,-99.0,810
2024-05-27,42.5,-98.5,270
2024-05-27,42.5,-98.0,360
2024-05-27,42.5,-97.5,180
2024-05-27,42.5,-96.5,90
2024-05-27,43.0,-106.5,180
2024-05-27,43.0,-106.0,180
2024-05-27,43.0,-103.5,450
2024-05-27,43.0,-103.0,810
2024-05-27,43.0,-102.5,360
2024-05-27,43.0,-102.0,90
2024-05-27,43.0,-101.5,540
2024-05-27,43.0,-101.0,540
2024-05-27,43.0,-100.5,630
2024-05-27,43.0,-98.5,450
2024-05-27,43.0,-98.0,360
2024-05-27,43.0,-97.5,90
2024-05-27,43.0,-97.0,90
2024-05-27,43.0,-94.0,90
2024-05-27,43.5,-104.0,90
2024-05-27,43.5,-103.5,90
2024-05-27,43.5,-103.0,180
2024-05-27,43.5,-102.5,900
2024-05-27,43.5,-102.0,630
2024-05-27,43.5,-101.5,450
2024-05-27,43.5,-100.0,180
2024-05-27,43.5,-99.0,90
2024-05-27,43.5,-98.5,360
2024-05-27,43.5,-98.0,270
2024-05-27,43.5,-97.5,90
2024-05-27,43.5,-97.0,180
2024-05-27,43.5,-96.0,90
2024-05-27,44.0,-104.5,720
2024-05-27,44.0,-104.0,180
2024-05-27,44.0,-103.5,270
2024-05-27,44.0,-102.5,630
2024-05-27,44.0,-102.0,270
2024-05-27,44.0,-99.5,810
2024-05-27,44.0,-99.0,450
2024-05-27,44.0,-98.5,270
2024-05-27,44.0,-98.0,90
2024-05-27,44.0,-96.0,90
2024-05-27,44.0,-95.5,90
2024-05-27,44.0,-95.0,90
2024-05-27,44.0,-94.5,540
2024-05-27,44.0,-94.0,450
2024-05-27,44.0,-93.5,630
2024-05-27,44.0,-93.0,720
2024-05-27,44.0,-92.5,450
2024-05-27,44.5,-106.0,90
2024-05-27,44.5,-104.5,180
2024-05-27,44.5,-104.0,90
2024-05-27,44.5,-102.5,540
2024-05-27,44.5,-102.0,360
2024-05-27,44.5,-101.5,450
2024-05-27,44.5,-100.5,90
2024-05-27,44.5,-99.5,90
2024-05-27,44.5,-99.0,360
2024-05-27,44.5,-98.5,450
2024-05-27,44.5,-98.0,630
2024-05-27,44.5,-97.5,270
2024-05-27,44.5,-97.0,360
2024-05-27,44.5,-96.5,270
2024-05-27,44.5,-96.0,90
2024-05-27,44.5,-95.5,90
2024-05-27,44.5,-95.0,180
2024-05-27,44.5,-94.5,540
2024-05-27,44.5,-94.0,450
2024-05-27,44.5,-93.5,360
2024-05-27,44.5,-93.0,90
2024-05-27,44.5,-92.0,90
2024-05-27,45.0,-104.5,360
2024-05-27,45.0,-104.0,90
2024-05-27,45.0,-103.0,90
2024-05-27,45.0,-102.5,630
2024-05-27,45.0,-102.0,450
2024-05-27,45.0,-101.0,90
2024-05-27,45.0,-100.0,180
2024-05-27,45.0,-99.5,270
2024-05-27,45.0,-99.0,540
2024-05-27,45.0,-98.5,810
2024-05-27,45.0,-98.0,540
2024-05-27,45.0,-97.5,540
2024-05-27,45.0,-97.0,90
2024-05-27,45.0,-96.5,90
2024-05-27,45.0,-94.0,90
2024-05-27,45.0,-92.0,90
2024-05-27,45.5,-114.5,90
2024-05-27,45.5,-110.5,90
2024-05-27,45.5,-102.5,180
2024-05-27,45.5,-102.0,450
2024-05-27,45.5,-101.5,90
2024-05-27,45.5,-101.0,360
2024-05-27,45.5,-100.0,360
2024-05-27,45.5,-99.5,1080
2024-05-27,45.5,-99.0,1440
2024-05-27,45.5,-98.5,450
2024-05-27,45.5,-98.0,540
2024-05-27,45.5,-97.5,810
2024-05-27,45.5,-96.5,360
2024-05-27,45.5,-96.0,90
2024-05-27,45.5,-95.5,270
2024-05-27,46.0,-110.0,90
2024-05-27,46.0,-105.5,450
2024-05-27,46.0,-105.0,90
2024-05-27,46.0,-104.5,360
2024-05-27,46.0,-103.0,90
2024-05-27,46.0,-102.0,180
2024-05-27,46.0,-101.5,90
2024-05-27,46.0,-101.0,720
2024-05-27,46.0,-100.5,180
2024-05-27,46.0,-100.0,90
2024-05-27,46.0,-99.5,1080
2024-05-27,46.0,-99.0,900
2024-05-27,46.0,-98.5,90
2024-05-27,46.0,-98.0,90
2024-05-27,46.0,-97.5,90
2024-05-27,46.0,-97.0,180
2024-05-27,46.0,-96.5,90
2024-05-27,46.0,-96.0,180
2024-05-27,46.0,-95.0,90
2024-05-27,46.0,-90.0,180
2024-05-27,46.5,-108.5,90
2024-05-27,46.5,-108.0,90
2024-05-27,46.5,-106.5,90
2024-05-27,46.5,-106.0,180
2024-05-27,46.5,-105.5,990
2024-05-27,46.5,-105.0,270
2024-05-27,46.5,-104.5,90
2024-05-27,46.5,-103.0,360
2024-05-27,46.5,-100.5,90
2024-05-27,46.5,-100.0,810
2024-05-27,46.5,-99.5,1530
2024-05-27,46.5,-99.0,900
2024-05-27,46.5,-98.5,630
2024-05-27,46.5,-97.0,180
2024-05-27,46.5,-94.5,90
2024-05-27,46.5,-90.0,180
2024-05-27,47.0,-103.0,360
2024-05-27,47.0,-102.5,90
2024-05-27,47.0,-102.0,540
2024-05-27,47.0,-101.5,450
2024-05-27,47.0,-101.0,270
2024-05-27,47.0,-100.5,360
2024-05-27,47.0,-100.0,540
2024-05-27,47.0,-99.5,990
2024-05-27,47.0,-99.0,90
2024-05-27,47.0,-98.5,270
2024-05-27,47.0,-98.0,90
2024-05-27,47.0,-97.5,270
2024-05-27,47.0,-97.0,90
2024-05-27,47.0,-93.5,90
2024-05-27,47.5,-104.0,90
2024-05-27,47.5,-103.5,90
2024-05-27,47.5,-103.0,270
2024-05-27,47.5,-102.5,90
2024-05-27,47.5,-102.0,90
2024-05-27,47.5,-101.5,270
2024-05-27,47.5,-101.0,180
2024-05-27,47.5,-100.5,450
2024-05-27,47.5,-100.0,990
2024-05-27,47.5,-99.5,900
2024-05-27,47.5,-99.0,360
2024-05-27,47.5,-96.5,90
2024-05-27,48.0,-105.5,90
2024-05-27,48.0,-105.0,90
2024-05-27,48.0,-104.0,180
2024-05-27,48.0,-103.5,270
2024-05-27,48.0,-102.0,90
2024-05-27,48.0,-101.5,450
2024-05-27,48.0,-100.0,90
2024-05-27,48.0,-99.5,270
2024-05-27,48.0,-99.0,90
2024-05-27,48.0,-98.5,90
2024-05-27,48.0,-98.0,180
2024-05-27,48.0,-97.5,90
2024-05-27,48.5,-105.5,90
2024-05-27,48.5,-105.0,90
2024-05-27,48.5,-104.0,180
2024-05-27,48.5,-101.0,90
2024-05-27,48.5,-100.5,180
2024-05-27,48.5,-100.0,90
2024-05-27,48.5,-99.5,90
2024-05-27,48.5,-99.0,90
2024-05-27,48.5,-98.5,90
2024-05-27,48.5,-98.0,90
2024-05-27,48.5,-97.0,90
2024-05-27,49.0,-104.0,90
2024-05-27,49.0,-103.5,90
2024-05-27,49.0,-100.5,180
2024-05-27,49.0,-98.5,270
2024-05-27,49.0,-98.0,90
2024-05-27,49.0,-79.0,90
2024-05-27,49.0,-78.5,180
2024-05-27,49.5,-100.0,360
2024-05-27,49.5,-99.5,270
2024-05-27,49.5,-99.0,180
2024-05-27,49.5,-98.5,270
2024-05-27,49.5,-97.0,90
2024-05-27,49.5,-96.0,180
2024-05-27,49.5,-95.5,180
2024-05-27,49.5,-88.5,180
2024-05-27,49.5,-88.0,180
2024-05-27,49.5,-85.0,90
2024-05-27,49.5,-84.5,90
2024-05-27,49.5,-78.0,90
2024-05-27,50.0,-97.5,270
2024-05-27,50.0,-97.0,180
2024-05-27,50.0,-96.5,180
2024-05-27,50.0,-90.0,90
2024-05-27,50.0,-88.5,270
2024-05-27,50.0,-84.5,180
2024-05-27,50.5,-97.5,90
2024-05-27,50.5,-97.0,90
2024-05-27,50.5,-96.5,270
2024-05-27,50.5,-96.0,180
2024-05-27,50.5,-95.5,90
2024-05-27,50.5,-94.5,450
2024-05-27,50.5,-94.0,270
2024-05-27,50.5,-91.5,90
2024-05-27,50.5,-89.0,180
2024-05-27,50.5,-88.5,90
2024-05-27,50.5,-87.0,270
2024-05-27,50.5,-86.5,180
2024-05-27,50.5,-86.0,90
2024-05-27,50.5,-82.5,180
2024-05-27,50.5,-81.0,180
2024-05-27,50.5,-79.5,270
2024-05-27,50.5,-79.0,270
2024-05-27,51.0,-109.0,90
2024-05-27,51.0,-98.5,90
2024-05-27,51.0,-97.5,90
2024-05-27,51.0,-94.5,180
2024-05-27,51.0,-91.0,270
2024-05-27,51.0,-89.0,90
2024-05-27,51.0,-88.5,90
2024-05-27,51.0,-86.5,180
2024-05-27,51.0,-86.0,90
2024-05-27,51.0,-82.0,90
2024-05-27,51.0,-80.5,90
2024-05-27,51.0,-80.0,360
2024-05-27,51.0,-79.5,180
2024-05-27,51.0,-79.0,450
2024-05-27,51.0,-78.5,450
2024-05-27,51.0,-78.0,180
2024-05-27,51.0,-77.5,360
2024-05-27,51.0,-77.0,90
2024-05-27,51.0,-76.5,180
2024-05-27,51.0,-76.0,90
2024-05-27,51.0,-75.5,180
2024-05-27,51.0,-74.0,90
2024-05-27,51.5,-96.0,90
2024-05-27,51.5,-90.5,270
2024-05-27,51.5,-88.5,360
2024-05-27,51.5,-86.5,90
2024-05-27,51.5,-82.0,180
2024-05-27,51.5,-81.0,270
2024-05-27,51.5,-80.5,180
2024-05-27,51.5,-80.0,90
2024-05-27,51.5,-79.5,180
2024-05-27,51.5,-78.5,360
2024-05-27,51.5,-77.5,180
2024-05-27,51.5,-77.0,90
2024-05-27,51.5,-76.5,360
2024-05-27,51.5,-75.5,270
2024-05-27,51.5,-74.5,90
2024-05-27,51.5,-74.0,180
2024-05-27,51.5,-73.5,180
2024-05-27,51.5,-73.0,90
2024-05-27,52.0,-88.5,180
2024-05-27,52.0,-88.0,90
2024-05-27,52.0,-81.0,90
2024-05-27,52.0,-77.5,90
2024-05-27,52.0,-76.5,90
2024-05-27,52.0,-76.0,90
2024-05-27,52.0,-75.5,90
2024-05-27,52.0,-75.0,90
2024-05-27,52.0,-74.5,180
2024-05-27,52.0,-73.5,90
2024-05-27,52.0,-72.5,90
2024-05-27,52.5,-89.5,90
2024-05-27,52.5,-86.0,90
2024-05-27,52.5,-74.5,90
2024-05-27,52.5,-73.0,90
2024-05-27,52.5,-72.0,90
2024-05-27,53.0,-89.5,90
2024-05-27,53.0,-89.0,90
2024-05-27,53.0,-73.5,90
2024-05-27,53.0,-72.5,90
2024-05-27,53.0,-72.0,90
2024-05-27,53.0,-71.5,90
2024-05-27,53.5,-89.0,90
2024-05-27,53.5,-75.5,90
2024-05-27,53.5,-70.5,90
2024-05-27,54.0,-88.0,90
2024-05-27,54.0,-74.5,360
2024-05-27,54.0,-74.0,180
2024-05-27,54.0,-73.5,90
2024-05-27,54.0,-72.5,270
2024-05-27,54.0,-72.0,360
2024-05-27,54.0,-70.5,180
2024-05-27,54.0,-70.0,270
2024-05-27,54.0,-69.5,270
2024-05-27,54.0,-69.0,90
2024-05-27,54.5,-88.5,180
2024-05-27,54.5,-74.0,270
2024-05-27,54.5,-73.5,90
2024-05-27,54.5,-73.0,90
2024-05-27,54.5,-72.5,180
2024-05-27,54.5,-72.0,180
2024-05-27,54.5,-71.5,180
2024-05-27,54.5,-69.5,90
2024-06-03,20.0,-104.5,450
2024-06-03,20.0,-104.0,630
2024-06-03,20.0,-103.5,90
2024-06-03,20.0,-103.0,900
2024-06-03,20.0,-102.5,720
2024-06-03,20.0,-102.0,1620
2024-06-03,20.0,-101.5,900
2024-06-03,20.0,-101.0,1890
2024-06-03,20.0,-100.5,1800
2024-06-03,20.0,-100.0,1260
2024-06-03,20.0,-99.5,1260
2024-06-03,20.0,-99.0,1890
2024-06-03,20.0,-98.5,90
2024-06-03,20.0,-90.5,1710
2024-06-03,20.0,-90.0,630
2024-06-03,20.0,-89.5,3510
2024-06-03,20.0,-89.0,1080
2024-06-03,20.0,-88.5,270
2024-06-03,20.0,-85.5,810
2024-06-03,20.0,-85.0,9360
2024-06-03,20.0,-84.5,1350
2024-06-03,20.0,-84.0,90
2024-06-03,20.0,-83.5,450
2024-06-03,20.0,-83.0,540
2024-06-03,20.0,-82.5,450
2024-06-03,20.0,-82.0,1890
2024-06-03,20.0,-81.5,810
2024-06-03,20.0,-81.0,810
2024-06-03,20.0,-80.5,360
2024-06-03,20.0,-80.0,630
2024-06-03,20.0,-79.5,2610
2024-06-03,20.0,-79.0,2160
2024-06-03,20.0,-78.5,720
2024-06-03,20.0,-78.0,360
2024-06-03,20.0,-77.5,1350
2024-06-03,20.0,-77.0,1080
2024-06-03,20.0,-76.5,1890
2024-06-03,20.0,-76.0,1530
2024-06-03,20.0,-75.5,1530
2024-06-03,20.0,-75.0,1350
2024-06-03,20.0,-74.5,1530
2024-06-03,20.0,-74.0,810
2024-06-03,20.0,-73.5,1170
2024-06-03,20.0,-72.5,270
2024-06-03,20.0,-72.0,180
2024-06-03,20.0,-71.5,180
2024-06-03,20.0,-71.0,360
2024-06-03,20.0,-70.5,1530
2024-06-03,20.0,-70.0,2430
2024-06-03,20.0,-69.5,990
2024-06-03,20.0,-69.0,1530
2024-06-03,20.0,-68.5,1710
2024-06-03,20.0,-68.0,2160
2024-06-03,20.0,-67.5,1980
2024-06-03,20.0,-67.0,180
2024-06-03,20.0,-66.5,360
2024-06-03,20.0,-66.0,1080
2024-06-03,20.0,-65.5,1080
2024-06-03,20.5,-104.5,360
2024-06-03,20.5,-104.0,990
2024-06-03,20.5,-103.5,180
2024-06-03,20.5,-103.0,1080
2024-06-03,20.5,-102.5,900
2024-06-03,20.5,-102.0,1170
2024-06-03,20.5,-101.5,1440
2024-06-03,20.5,-101.0,3240
2024-06-03,20.5,-100.5,1530
2024-06-03,20.5,-100.0,1800
2024-06-03,20.5,-99.5,900
2024-06-03,20.5,-99.0,540
2024-06-03,20.5,-90.5,90
2024-06-03,20.5,-90.0,1620
2024-06-03,20.5,-89.5,1350
2024-06-03,20.5,-89.0,2610
2024-06-03,20.5,-88.5,1170
2024-06-03,20.5,-88.0,270
2024-06-03,20.5,-86.0,180
2024-06-03,20.5,-85.0,900
2024-06-03,20.5,-84.5,2970
2024-06-03,20.5,-84.0,630
2024-06-03,20.5,-83.5,540
2024-06-03,20.5,-83.0,270
2024-06-03,20.5,-82.0,270
2024-06-03,20.5,-81.5,810
2024-06-03,20.5,-81.0,630
2024-06-03,20.5,-80.5,540
2024-06-03,20.5,-80.0,1350
2024-06-03,20.5,-79.5,1890
2024-06-03,20.5,-79.0,1620
2024-06-03,20.5,-78.5,180
2024-06-03,20.5,-78.0,270
2024-06-03,20.5,-77.5,90
2024-06-03,20.5,-77.0,630
2024-06-03,20.5,-76.5,1710
2024-06-03,20.5,-76.0,1890
2024-06-03,20.5,-75.5,3780
2024-06-03,20.5,-75.0,4050
2024-06-03,20.5,-74.5,1530
2024-06-03,20.5,-74.0,180
2024-06-03,20.5,-73.5,180
2024-06-03,20.5,-73.0,180
2024-06-03,20.5,-71.5,270
2024-06-03,20.5,-71.0,2070
2024-06-03,20.5,-70.5,1260
2024-06-03,20.5,-70.0,1440
2024-06-03,20.5,-69.5,2430
2024-06-03,20.5,-69.0,4770
2024-06-03,20.5,-68.5,2430
2024-06-03,20.5,-68.0,450
2024-06-03,20.5,-65.5,540
2024-06-03,21.0,-104.5,180
2024-06-03,21.0,-104.0,450
2024-06-03,21.0,-103.5,540
2024-06-03,21.0,-103.0,720
2024-06-03,21.0,-102.5,180
2024-06-03,21.0,-102.0,270
2024-06-03,21.0,-101.5,2160
2024-06-03,21.0,-101.0,1260
2024-06-03,21.0,-100.5,2430
2024-06-03,21.0,-100.0,1980
2024-06-03,21.0,-99.5,990
2024-06-03,21.0,-99.0,630
2024-06-03,21.0,-89.0,180
2024-06-03,21.0,-88.0,810
2024-06-03,21.0,-87.5,630
2024-06-03,21.0,-84.0,90
2024-06-03,21.0,-83.5,630
2024-06-03,21.0,-83.0,450
2024-06-03,21.0,-82.5,450
2024-06-03,21.0,-82.0,540
2024-06-03,21.0,-81.5,1170
2024-06-03,21.0,-81.0,540
2024-06-03,21.0,-80.5,180
2024-06-03,21.0,-80.0,1890
2024-06-03,21.0,-79.5,2250
2024-06-03,21.0,-79.0,2340
2024-06-03,21.0,-78.5,810
2024-06-03,21.0,-78.0,1080
2024-06-03,21.0,-77.5,810
2024-06-03,21.0,-77.0,4500
2024-06-03,21.0,-76.5,1440
2024-06-03,21.0,-76.0,4410
2024-06-03,21.0,-75.5,1800
2024-06-03,21.0,-75.0,2880
2024-06-03,21.0,-74.5,1530
2024-06-03,21.0,-74.0,900
2024-06-03,21.0,-73.5,5040
2024-06-03,21.0,-73.0,1080
2024-06-03,21.0,-72.5,1260
2024-06-03,21.0,-72.0,1170
2024-06-03,21.0,-71.5,2970
2024-06-03,21.0,-71.0,1170
2024-06-03,21.0,-70.5,180
2024-06-03,21.0,-70.0,90
2024-06-03,21.0,-69.5,630
2024-06-03,21.0,-69.0,1890
2024-06-03,21.0,-68.5,1350
2024-06-03,21.0,-68.0,360
2024-06-03,21.0,-67.5,900
2024-06-03,21.0,-67.0,540
2024-06-03,21.0,-66.5,180
2024-06-03,21.0,-66.0,90
2024-06-03,21.5,-104.5,90
2024-06-03,21.5,-104.0,810
2024-06-03,21.5,-103.5,450
2024-06-03,21.5,-103.0,450
2024-06-03,21.5,-102.5,180
2024-06-03,21.5,-102.0,1080
2024-06-03,21.5,-101.5,540
2024-06-03,21.5,-101.0,1800
2024-06-03,21.5,-100.5,2790
2024-06-03,21.5,-100.0,630
2024-06-03,21.5,-99.5,810
2024-06-03,21.5,-99.0,810
2024-06-03,21.5,-84.5,90
2024-06-03,21.5,-83.5,720
2024-06-03,21.5,-83.0,1170
2024-06-03,21.5,-82.5,270
2024-06-03,21.5,-82.0,720
2024-06-03,21.5,-81.5,1440
2024-06-03,21.5,-81.0,1170
2024-06-03,21.5,-80.5,180
2024-06-03,21.5,-80.0,90
2024-06-03,21.5,-79.5,990
2024-06-03,21.5,-79.0,810
2024-06-03,21.5,-78.5,540
2024-06-03,21.5,-78.0,2430
2024-06-03,21.5,-77.5,1530
2024-06-03,21.5,-77.0,1260
2024-06-03,21.5,-76.0,810
2024-06-03,21.5,-75.5,720
2024-06-03,21.5,-75.0,630
2024-06-03,21.5,-74.5,2160
2024-06-03,21.5,-74.0,900
2024-06-03,21.5,-73.5,2070
2024-06-03,21.5,-73.0,5580
2024-06-03,21.5,-72.5,6570
2024-06-03,21.5,-72.0,8730
2024-06-03,21.5,-71.5,990
2024-06-03,21.5,-71.0,4140
2024-06-03,21.5,-70.5,2520
2024-06-03,21.5,-70.0,990
2024-06-03,21.5,-69.5,3150
2024-06-03,21.5,-69.0,720
2024-06-03,21.5,-68.5,90
2024-06-03,21.5,-68.0,270
2024-06-03,21.5,-67.5,1980
2024-06-03,21.5,-67.0,2160
2024-06-03,21.5,-66.5,990
2024-06-03,21.5,-66.0,630
2024-06-03,21.5,-65.5,180
2024-06-03,22.0,-104.5,1170
2024-06-03,22.0,-104.0,450
2024-06-03,22.0,-103.0,630
2024-06-03,22.0,-102.5,180
2024-06-03,22.0,-102.0,2520
2024-06-03,22.0,-101.5,540
2024-06-03,22.0,-101.0,1350
2024-06-03,22.0,-100.5,4590
2024-06-03,22.0,-100.0,1530
2024-06-03,22.0,-99.5,1440
2024-06-03,22.0,-99.0,180
2024-06-03,22.0,-85.0,1350
2024-06-03,22.0,-84.5,4410
2024-06-03,22.0,-84.0,540
2024-06-03,22.0,-83.5,900
2024-06-03,22.0,-83.0,2250
2024-06-03,22.0,-82.5,90
2024-06-03,22.0,-82.0,360
2024-06-03,22.0,-81.5,2340
2024-06-03,22.0,-81.0,360
2024-06-03,22.0,-80.5,1980
2024-06-03,22.0,-80.0,1710
2024-06-03,22.0,-79.5,2880
2024-06-03,22.0,-79.0,3690
2024-06-03,22.0,-78.5,2610
2024-06-03,22.0,-78.0,900
2024-06-03,22.0,-77.5,540
2024-06-03,22.0,-77.0,540
2024-06-03,22.0,-76.5,1260
2024-06-03,22.0,-76.0,3240
2024-06-03,22.0,-75.5,540
2024-06-03,22.0,-75.0,450
2024-06-03,22.0,-74.5,270
2024-06-03,22.0,-74.0,270
2024-06-03,22.0,-73.5,1350
2024-06-03,22.0,-73.0,2700
2024-06-03,22.0,-72.5,2160
2024-06-03,22.0,-72.0,990
2024-06-03,22.0,-71.5,1620
2024-06-03,22.0,-71.0,1980
2024-06-03,22.0,-70.5,360
2024-06-03,22.0,-70.0,3150
2024-06-03,22.0,-69.5,4410
2024-06-03,22.0,-69.0,720
2024-06-03,22.0,-68.5,1260
2024-06-03,22.0,-68.0,1080
2024-06-03,22.0,-67.5,180
2024-06-03,22.0,-67.0,450
2024-06-03,22.0,-66.5,270
2024-06-03,22.0,-66.0,90
2024-06-03,22.0,-65.5,180
2024-06-03,22.5,-105.0,360
2024-06-03,22.5,-104.5,900
2024-06-03,22.5,-104.0,270
2024-06-03,22.5,-103.5,450
2024-06-03,22.5,-103.0,360
2024-06-03,22.5,-102.5,90
2024-06-03,22.5,-102.0,1170
2024-06-03,22.5,-101.5,2070
2024-06-03,22.5,-101.0,2070
2024-06-03,22.5,-100.5,6570
2024-06-03,22.5,-100.0,3600
2024-06-03,22.5,-99.5,1980
2024-06-03,22.5,-84.5,3240
2024-06-03,22.5,-84.0,5130
2024-06-03,22.5,-83.5,4950
2024-06-03,22.5,-83.0,3150
2024-06-03,22.5,-82.5,1620
2024-06-03,22.5,-82.0,2610
2024-06-03,22.5,-81.5,1440
2024-06-03,22.5,-81.0,2520
2024-06-03,22.5,-80.5,3060
2024-06-03,22.5,-80.0,540
2024-06-03,22.5,-79.0,720
2024-06-03,22.5,-78.5,180
2024-06-03,22.5,-78.0,630
2024-06-03,22.5,-77.5,2250
2024-06-03,22.5,-77.0,3960
2024-06-03,22.5,-76.5,5940
2024-06-03,22.5,-76.0,3150
2024-06-03,22.5,-75.5,3150
2024-06-03,22.5,-75.0,1980
2024-06-03,22.5,-74.5,1170
2024-06-03,22.5,-74.0,2430
2024-06-03,22.5,-73.5,2070
2024-06-03,22.5,-73.0,360
2024-06-03,22.5,-72.5,1890
2024-06-03,22.5,-72.0,2790
2024-06-03,22.5,-71.5,1260
2024-06-03,22.5,-71.0,1980
2024-06-03,22.5,-70.5,1710
2024-06-03,22.5,-70.0,3240
2024-06-03,22.5,-69.5,1080
2024-06-03,22.5,-69.0,270
2024-06-03,22.5,-68.5,2610
2024-06-03,22.5,-68.0,360
2024-06-03,22.5,-67.5,1260
2024-06-03,22.5,-67.0,180
2024-06-03,22.5,-66.0,90
2024-06-03,22.5,-65.5,270
2024-06-03,23.0,-105.5,540
2024-06-03,23.0,-105.0,1620
2024-06-03,23.0,-104.5,990
2024-06-03,23.0,-104.0,900
2024-06-03,23.0,-103.5,540
2024-06-03,23.0,-103.0,90
2024-06-03,23.0,-102.5,450
2024-06-03,23.0,-102.0,2340
2024-06-03,23.0,-101.5,5310
2024-06-03,23.0,-101.0,1440
2024-06-03,23.0,-100.5,2340
2024-06-03,23.0,-100.0,6480
2024-06-03,23.0,-99.5,2880
2024-06-03,23.0,-99.0,1890
2024-06-03,23.0,-98.5,810
2024-06-03,23.0,-84.5,1800
2024-06-03,23.0,-84.0,90
2024-06-03,23.0,-83.5,3240
2024-06-03,23.0,-83.0,2790
2024-06-03,23.0,-82.5,5580
2024-06-03,23.0,-82.0,4500
2024-06-03,23.0,-81.5,3240
2024-06-03,23.0,-81.0,4140
2024-06-03,23.0,-80.5,900
2024-06-03,23.0,-80.0,180
2024-06-03,23.0,-79.0,90
2024-06-03,23.0,-78.5,1800
2024-06-03,23.0,-78.0,1530
2024-06-03,23.0,-77.5,1800
2024-06-03,23.0,-77.0,990
2024-06-03,23.0,-76.5,2610
2024-06-03,23.0,-76.0,2070
2024-06-03,23.0,-75.5,2430
2024-06-03,23.0,-75.0,1260
2024-06-03,23.0,-74.5,2430
2024-06-03,23.0,-74.0,1980
2024-06-03,23.0,-73.5,270
2024-06-03,23.0,-73.0,540
2024-06-03,23.0,-72.5,180
2024-06-03,23.0,-72.0,810
2024-06-03,23.0,-71.5,450
2024-06-03,23.0,-71.0,900
2024-06-03,23.0,-70.5,1980
2024-06-03,23.0,-70.0,4140
2024-06-03,23.0,-69.5,1530
2024-06-03,23.0,-69.0,1530
2024-06-03,23.0,-68.5,3600
2024-06-03,23.0,-68.0,180
2024-06-03,23.0,-67.5,270
2024-06-03,23.0,-67.0,180
2024-06-03,23.0,-65.5,180
2024-06-03,23.5,-106.0,540
2024-06-03,23.5,-105.5,1980
2024-06-03,23.5,-105.0,1350
2024-06-03,23.5,-104.5,630
2024-06-03,23.5,-104.0,270
2024-06-03,23.5,-103.5,450
2024-06-03,23.5,-103.0,990
2024-06-03,23.5,-102.5,720
2024-06-03,23.5,-102.0,720
2024-06-03,23.5,-101.5,3060
2024-06-03,23.5,-101.0,1440
2024-06-03,23.5,-100.5,4500
2024-06-03,23.5,-100.0,6390
2024-06-03,23.5,-99.5,7650
2024-06-03,23.5,-99.0,2880
2024-06-03,23.5,-98.5,90
2024-06-03,23.5,-84.0,180
2024-06-03,23.5,-83.5,810
2024-06-03,23.5,-83.0,2790
2024-06-03,23.5,-82.5,2160
2024-06-03,23.5,-82.0,90
2024-06-03,23.5,-81.5,810
2024-06-03,23.5,-81.0,360
2024-06-03,23.5,-80.5,270
2024-06-03,23.5,-80.0,270
2024-06-03,23.5,-79.5,90
2024-06-03,23.5,-79.0,360
2024-06-03,23.5,-78.5,450
2024-06-03,23.5,-78.0,2340
2024-06-03,23.5,-77.5,900
2024-06-03,23.5,-77.0,540
2024-06-03,23.5,-76.5,540
2024-06-03,23.5,-76.0,630
2024-06-03,23.5,-75.5,1260
2024-06-03,23.5,-75.0,810
2024-06-03,23.5,-74.5,4590
2024-06-03,23.5,-74.0,1620
2024-06-03,23.5,-73.5,1350
2024-06-03,23.5,-73.0,1080
2024-06-03,23.5,-72.5,1620
2024-06-03,23.5,-72.0,540
2024-06-03,23.5,-71.5,540
2024-06-03,23.5,-71.0,180
2024-06-03,23.5,-70.5,1440
2024-06-03,23.5,-70.0,630
2024-06-03,23.5,-69.5,270
2024-06-03,23.5,-69.0,810
2024-06-03,23.5,-68.5,1440
2024-06-03,23.5,-68.0,270
2024-06-03,23.5,-67.5,630
2024-06-03,23.5,-65.5,180
2024-06-03,24.0,-106.5,180
2024-06-03,24.0,-106.0,1350
2024-06-03,24.0,-105.5,900
2024-06-03,24.0,-105.0,270
2024-06-03,24.0,-104.5,180
2024-06-03,24.0,-104.0,180
2024-06-03,24.0,-103.5,360
2024-06-03,24.0,-103.0,90
2024-06-03,24.0,-102.5,270
2024-06-03,24.0,-102.0,720
2024-06-03,24.0,-101.5,1620
2024-06-03,24.0,-101.0,2610
2024-06-03,24.0,-100.5,1980
2024-06-03,24.0,-100.0,4770
2024-06-03,24.0,-99.5,8820
2024-06-03,24.0,-99.0,2880
2024-06-03,24.0,-87.5,900
2024-06-03,24.0,-82.5,270
2024-06-03,24.0,-81.5,180
2024-06-03,24.0,-81.0,180
2024-06-03,24.0,-80.5,90
2024-06-03,24.0,-80.0,900
2024-06-03,24.0,-79.5,180
2024-06-03,24.0,-79.0,540
2024-06-03,24.0,-78.5,900
2024-06-03,24.0,-78.0,1170
2024-06-03,24.0,-77.5,540
2024-06-03,24.0,-77.0,270
2024-06-03,24.0,-76.5,180
2024-06-03,24.0,-75.5,1800
2024-06-03,24.0,-75.0,1080
2024-06-03,24.0,-74.5,1350
2024-06-03,24.0,-74.0,3600
2024-06-03,24.0,-73.5,900
2024-06-03,24.0,-73.0,90
2024-06-03,24.0,-72.5,180
2024-06-03,24.0,-72.0,1080
2024-06-03,24.0,-71.5,1710
2024-06-03,24.0,-71.0,450
2024-06-03,24.0,-70.5,180
2024-06-03,24.0,-70.0,540
2024-06-03,24.0,-69.5,180
2024-06-03,24.0,-69.0,630
2024-06-03,24.0,-68.5,270
2024-06-03,24.0,-68.0,90
2024-06-03,24.0,-67.5,360
2024-06-03,24.0,-66.5,180
2024-06-03,24.0,-66.0,360
2024-06-03,24.0,-65.5,90
2024-06-03,24.5,-107.0,90
2024-06-03,24.5,-106.5,270
2024-06-03,24.5,-106.0,450
2024-06-03,24.5,-105.5,180
2024-06-03,24.5,-104.5,180
2024-06-03,24.5,-104.0,900
2024-06-03,24.5,-103.5,540
2024-06-03,24.5,-103.0,720
2024-06-03,24.5,-102.5,630
2024-06-03,24.5,-102.0,810
2024-06-03,24.5,-101.5,2070
2024-06-03,24.5,-101.0,4050
2024-06-03,24.5,-100.5,6480
2024-06-03,24.5,-100.0,10080
2024-06-03,24.5,-99.5,12240
2024-06-03,24.5,-99.0,4140
2024-06-03,24.5,-87.5,90
2024-06-03,24.5,-87.0,450
2024-06-03,24.5,-86.0,90
2024-06-03,24.5,-83.0,90
2024-06-03,24.5,-82.5,1530
2024-06-03,24.5,-82.0,630
2024-06-03,24.5,-81.5,540
2024-06-03,24.5,-80.5,180
2024-06-03,24.5,-80.0,180
2024-06-03,24.5,-79.5,90
2024-06-03,24.5,-79.0,450
2024-06-03,24.5,-78.5,900
2024-06-03,24.5,-78.0,990
2024-06-03,24.5,-77.5,270
2024-06-03,24.5,-77.0,360
2024-06-03,24.5,-76.5,450
2024-06-03,24.5,-76.0,270
2024-06-03,24.5,-75.5,720
2024-06-03,24.5,-75.0,270
2024-06-03,24.5,-74.0,1440
2024-06-03,24.5,-73.5,1260
2024-06-03,24.5,-73.0,990
2024-06-03,24.5,-72.5,90
2024-06-03,24.5,-72.0,360
2024-06-03,24.5,-71.5,90
2024-06-03,24.5,-71.0,90
2024-06-03,24.5,-70.0,180
2024-06-03,24.5,-69.5,270
2024-06-03,24.5,-69.0,360
2024-06-03,24.5,-68.5,270
2024-06-03,24.5,-68.0,180
2024-06-03,24.5,-67.5,90
2024-06-03,24.5,-67.0,360
2024-06-03,24.5,-66.5,90
2024-06-03,24.5,-66.0,450
2024-06-03,24.5,-65.5,630
2024-06-03,25.0,-106.5,2070
2024-06-03,25.0,-106.0,990
2024-06-03,25.0,-105.5,180
2024-06-03,25.0,-105.0,630
2024-06-03,25.0,-104.5,1170
2024-06-03,25.0,-104.0,540
2024-06-03,25.0,-103.5,630
2024-06-03,25.0,-103.0,180
2024-06-03,25.0,-102.5,630
2024-06-03,25.0,-102.0,2070
2024-06-03,25.0,-101.5,4680
2024-06-03,25.0,-101.0,4590
2024-06-03,25.0,-100.5,4860
2024-06-03,25.0,-100.0,5490
2024-06-03,25.0,-99.5,7110
2024-06-03,25.0,-88.5,540
2024-06-03,25.0,-87.5,270
2024-06-03,25.0,-86.5,90
2024-06-03,25.0,-85.0,90
2024-06-03,25.0,-83.5,1170
2024-06-03,25.0,-82.5,180
2024-06-03,25.0,-82.0,360
2024-06-03,25.0,-81.5,1530
2024-06-03,25.0,-81.0,1980
2024-06-03,25.0,-80.5,180
2024-06-03,25.0,-80.0,90
2024-06-03,25.0,-79.5,450
2024-06-03,25.0,-79.0,180
2024-06-03,25.0,-78.5,270
2024-06-03,25.0,-78.0,540
2024-06-03,25.0,-77.5,990
2024-06-03,25.0,-77.0,270
2024-06-03,25.0,-76.5,810
2024-06-03,25.0,-76.0,180
2024-06-03,25.0,-75.5,90
2024-06-03,25.0,-75.0,90
2024-06-03,25.0,-74.0,360
2024-06-03,25.0,-73.5,1170
2024-06-03,25.0,-73.0,540
2024-06-03,25.0,-72.5,180
2024-06-03,25.0,-72.0,90
2024-06-03,25.0,-71.5,90
2024-06-03,25.0,-71.0,90
2024-06-03,25.0,-70.5,90
2024-06-03,25.0,-70.0,90
2024-06-03,25.0,-69.5,360
2024-06-03,25.0,-69.0,1260
2024-06-03,25.0,-68.5,90
2024-06-03,25.0,-68.0,180
2024-06-03,25.0,-67.5,90
2024-06-03,25.0,-67.0,270
2024-06-03,25.0,-66.5,270
2024-06-03,25.0,-65.5,270
2024-06-03,25.5,-107.5,1080
2024-06-03,25.5,-107.0,1440
2024-06-03,25.5,-106.5,900
2024-06-03,25.5,-106.0,990
2024-06-03,25.5,-105.5,540
2024-06-03,25.5,-105.0,900
2024-06-03,25.5,-104.5,1260
2024-06-03,25.5,-104.0,1440
2024-06-03,25.5,-103.5,900
2024-06-03,25.5,-103.0,450
2024-06-03,25.5,-102.5,360
2024-06-03,25.5,-102.0,1980
2024-06-03,25.5,-101.5,2880
2024-06-03,25.5,-101.0,2790
2024-06-03,25.5,-100.5,4230
2024-06-03,25.5,-100.0,4320
2024-06-03,25.5,-99.5,2610
2024-06-03,25.5,-88.0,90
2024-06-03,25.5,-87.5,540
2024-06-03,25.5,-87.0,1080
2024-06-03,25.5,-86.5,180
2024-06-03,25.5,-86.0,270
2024-06-03,25.5,-85.5,90
2024-06-03,25.5,-84.0,360
2024-06-03,25.5,-83.5,90
2024-06-03,25.5,-82.5,90
2024-06-03,25.5,-82.0,270
2024-06-03,25.5,-81.5,630
2024-06-03,25.5,-81.0,3960
2024-06-03,25.5,-80.5,1440
2024-06-03,25.5,-80.0,360
2024-06-03,25.5,-79.0,360
2024-06-03,25.5,-78.0,810
2024-06-03,25.5,-77.5,360
2024-06-03,25.5,-77.0,90
2024-06-03,25.5,-75.0,90
2024-06-03,25.5,-74.5,180
2024-06-03,25.5,-74.0,270
2024-06-03,25.5,-73.5,720
2024-06-03,25.5,-73.0,270
2024-06-03,25.5,-72.0,90
2024-06-03,25.5,-71.5,360
2024-06-03,25.5,-69.5,90
2024-06-03,25.5,-69.0,270
2024-06-03,25.5,-68.5,180
2024-06-03,25.5,-67.5,90
2024-06-03,25.5,-67.0,270
2024-06-03,25.5,-66.5,180
2024-06-03,25.5,-66.0,180
2024-06-03,26.0,-108.5,270
2024-06-03,26.0,-108.0,720
2024-06-03,26.0,-107.5,3150
2024-06-03,26.0,-107.0,1350
2024-06-03,26.0,-106.5,270
2024-06-03,26.0,-106.0,270
2024-06-03,26.0,-105.5,900
2024-06-03,26.0,-105.0,990
2024-06-03,26.0,-104.5,270
2024-06-03,26.0,-104.0,1170
2024-06-03,26.0,-103.5,2880
2024-06-03,26.0,-103.0,1530
2024-06-03,26.0,-102.5,1350
2024-06-03,26.0,-102.0,2520
2024-06-03,26.0,-101.5,6480
2024-06-03,26.0,-101.0,7920
2024-06-03,26.0,-100.5,10350
2024-06-03,26.0,-100.0,1710
2024-06-03,26.0,-99.5,540
2024-06-03,26.0,-95.0,90
2024-06-03,26.0,-87.0,180
2024-06-03,26.0,-86.5,270
2024-06-03,26.0,-86.0,180
2024-06-03,26.0,-85.5,90
2024-06-03,26.0,-82.5,90
2024-06-03,26.0,-82.0,720
2024-06-03,26.0,-81.5,2520
2024-06-03,26.0,-81.0,3600
2024-06-03,26.0,-80.5,1170
2024-06-03,26.0,-79.5,180
2024-06-03,26.0,-79.0,180
2024-06-03,26.0,-78.0,90
2024-06-03,26.0,-77.5,1440
2024-06-03,26.0,-77.0,90
2024-06-03,26.0,-76.0,90
2024-06-03,26.0,-73.5,180
2024-06-03,26.0,-73.0,90
2024-06-03,26.0,-71.5,90
2024-06-03,26.0,-70.5,90
2024-06-03,26.0,-69.0,90
2024-06-03,26.0,-68.5,270
2024-06-03,26.0,-68.0,90
2024-06-03,26.0,-67.5,90
2024-06-03,26.0,-67.0,180
2024-06-03,26.0,-66.5,180
2024-06-03,26.5,-108.5,360
2024-06-03,26.5,-108.0,1260
2024-06-03,26.5,-107.5,1800
2024-06-03,26.5,-106.5,450
2024-06-03,26.5,-106.0,990
2024-06-03,26.5,-105.0,180
2024-06-03,26.5,-104.5,1440
2024-06-03,26.5,-104.0,810
2024-06-03,26.5,-103.5,1350
2024-06-03,26.5,-103.0,5400
2024-06-03,26.5,-102.5,1800
2024-06-03,26.5,-102.0,810
2024-06-03,26.5,-101.5,6840
2024-06-03,26.5,-101.0,4950
2024-06-03,26.5,-100.5,1350
2024-06-03,26.5,-85.5,180
2024-06-03,26.5,-83.0,360
2024-06-03,26.5,-82.5,180
2024-06-03,26.5,-82.0,1800
2024-06-03,26.5,-81.5,5310
2024-06-03,26.5,-81.0,900
2024-06-03,26.5,-80.5,630
2024-06-03,26.5,-79.0,180
2024-06-03,26.5,-78.5,1440
2024-06-03,26.5,-78.0,90
2024-06-03,26.5,-77.5,270
2024-06-03,26.5,-77.0,90
2024-06-03,26.5,-72.5,90
2024-06-03,26.5,-69.5,180
2024-06-03,26.5,-68.0,90
2024-06-03,26.5,-67.0,90
2024-06-03,26.5,-66.5,540
2024-06-03,27.0,-108.5,810
2024-06-03,27.0,-108.0,2160
2024-06-03,27.0,-107.5,720
2024-06-03,27.0,-107.0,180
2024-06-03,27.0,-106.0,360
2024-06-03,27.0,-105.5,270
2024-06-03,27.0,-105.0,900
2024-06-03,27.0,-104.5,2070
2024-06-03,27.0,-104.0,1710
2024-06-03,27.0,-103.5,3870
2024-06-03,27.0,-103.0,4680
2024-06-03,27.0,-102.5,4230
2024-06-03,27.0,-102.0,720
2024-06-03,27.0,-101.5,270
2024-06-03,27.0,-101.0,2340
2024-06-03,27.0,-100.5,630
2024-06-03,27.0,-100.0,270
2024-06-03,27.0,-99.5,270
2024-06-03,27.0,-82.5,810
2024-06-03,27.0,-82.0,3960
2024-06-03,27.0,-81.5,1710
2024-06-03,27.0,-81.0,1890
2024-06-03,27.0,-80.5,90
2024-06-03,27.0,-78.5,450
2024-06-03,27.0,-78.0,180
2024-06-03,27.0,-73.5,90
2024-06-03,27.0,-72.5,90
2024-06-03,27.0,-72.0,90
2024-06-03,27.0,-68.5,90
2024-06-03,27.0,-68.0,180
2024-06-03,27.0,-67.5,540
2024-06-03,27.5,-109.0,270
2024-06-03,27.5,-108.5,1080
2024-06-03,27.5,-108.0,270
2024-06-03,27.5,-107.5,270
2024-06-03,27.5,-107.0,90
2024-06-03,27.5,-106.5,180
2024-06-03,27.5,-106.0,180
2024-06-03,27.5,-105.5,270
2024-06-03,27.5,-105.0,540
2024-06-03,27.5,-104.5,720
2024-06-03,27.5,-104.0,2340
2024-06-03,27.5,-103.5,1620
2024-06-03,27.5,-103.0,4230
2024-06-03,27.5,-102.5,4320
2024-06-03,27.5,-102.0,2970
2024-06-03,27.5,-101.5,270
2024-06-03,27.5,-101.0,270
2024-06-03,27.5,-96.0,90
2024-06-03,27.5,-95.5,90
2024-06-03,27.5,-95.0,180
2024-06-03,27.5,-87.0,360
2024-06-03,27.5,-86.5,270
2024-06-03,27.5,-85.5,90
2024-06-03,27.5,-85.0,90
2024-06-03,27.5,-83.0,90
2024-06-03,27.5,-82.5,270
2024-06-03,27.5,-82.0,3330
2024-06-03,27.5,-81.5,3330
2024-06-03,27.5,-81.0,1890
2024-06-03,27.5,-71.5,90
2024-06-03,27.5,-69.5,450
2024-06-03,27.5,-69.0,450
2024-06-03,27.5,-68.0,90
2024-06-03,27.5,-67.5,90
2024-06-03,28.0,-109.0,90
2024-06-03,28.0,-108.5,90
2024-06-03,28.0,-107.5,90
2024-06-03,28.0,-107.0,540
2024-06-03,28.0,-106.0,630
2024-06-03,28.0,-105.5,270
2024-06-03,28.0,-105.0,990
2024-06-03,28.0,-104.5,630
2024-06-03,28.0,-104.0,1890
2024-06-03,28.0,-103.5,3510
2024-06-03,28.0,-103.0,2700
2024-06-03,28.0,-102.5,6300
2024-06-03,28.0,-102.0,4410
2024-06-03,28.0,-101.5,270
2024-06-03,28.0,-101.0,900
2024-06-03,28.0,-97.0,2790
2024-06-03,28.0,-96.5,360
2024-06-03,28.0,-96.0,540
2024-06-03,28.0,-95.5,1170
2024-06-03,28.0,-95.0,270
2024-06-03,28.0,-94.5,270
2024-06-03,28.0,-89.5,90
2024-06-03,28.0,-88.5,90
2024-06-03,28.0,-82.0,1980
2024-06-03,28.0,-81.5,2250
2024-06-03,28.0,-81.0,540
2024-06-03,28.0,-79.5,180
2024-06-03,28.0,-69.5,180
2024-06-03,28.0,-69.0,90
2024-06-03,28.0,-67.5,180
2024-06-03,28.5,-107.0,180
2024-06-03,28.5,-106.5,270
2024-06-03,28.5,-106.0,90
2024-06-03,28.5,-105.5,630
2024-06-03,28.5,-105.0,90
2024-06-03,28.5,-104.5,270
2024-06-03,28.5,-104.0,1350
2024-06-03,28.5,-103.5,2520
2024-06-03,28.5,-103.0,1080
2024-06-03,28.5,-102.5,2970
2024-06-03,28.5,-102.0,2520
2024-06-03,28.5,-97.5,180
2024-06-03,28.5,-97.0,4140
2024-06-03,28.5,-96.5,1980
2024-06-03,28.5,-96.0,2250
2024-06-03,28.5,-95.5,90
2024-06-03,28.5,-82.5,270
2024-06-03,28.5,-82.0,90
2024-06-03,28.5,-81.5,5130
2024-06-03,28.5,-81.0,2160
2024-06-03,28.5,-80.5,1260
2024-06-03,28.5,-80.0,270
2024-06-03,28.5,-69.0,180
2024-06-03,28.5,-68.5,90
2024-06-03,28.5,-67.0,90
2024-06-03,29.0,-107.0,360
2024-06-03,29.0,-106.5,90
2024-06-03,29.0,-105.5,270
2024-06-03,29.0,-105.0,180
2024-06-03,29.0,-104.5,900
2024-06-03,29.0,-104.0,1260
2024-06-03,29.0,-103.5,360
2024-06-03,29.0,-103.0,90
2024-06-03,29.0,-102.5,1530
2024-06-03,29.0,-102.0,2610
2024-06-03,29.0,-101.0,90
2024-06-03,29.0,-97.5,90
2024-06-03,29.0,-97.0,540
2024-06-03,29.0,-96.5,540
2024-06-03,29.0,-96.0,2340
2024-06-03,29.0,-95.5,1170
2024-06-03,29.0,-95.0,450
2024-06-03,29.0,-94.0,90
2024-06-03,29.0,-93.5,90
2024-06-03,29.0,-93.0,180
2024-06-03,29.0,-90.5,90
2024-06-03,29.0,-90.0,180
2024-06-03,29.0,-89.5,90
2024-06-03,29.0,-88.5,90
2024-06-03,29.0,-82.5,720
2024-06-03,29.0,-82.0,360
2024-06-03,29.0,-81.5,1440
2024-06-03,29.0,-81.0,720
2024-06-03,29.0,-80.5,1170
2024-06-03,29.0,-80.0,810
2024-06-03,29.0,-76.0,90
2024-06-03,29.0,-71.0,90
2024-06-03,29.0,-70.5,90
2024-06-03,29.5,-107.5,180
2024-06-03,29.5,-107.0,180
2024-06-03,29.5,-105.5,90
2024-06-03,29.5,-104.5,1260
2024-06-03,29.5,-104.0,1800
2024-06-03,29.5,-103.0,90
2024-06-03,29.5,-102.5,180
2024-06-03,29.5,-102.0,90
2024-06-03,29.5,-101.5,180
2024-06-03,29.5,-101.0,1440
2024-06-03,29.5,-100.5,720
2024-06-03,29.5,-100.0,90
2024-06-03,29.5,-97.5,360
2024-06-03,29.5,-97.0,450
2024-06-03,29.5,-96.5,90
2024-06-03,29.5,-96.0,450
2024-06-03,29.5,-95.5,450
2024-06-03,29.5,-95.0,3600
2024-06-03,29.5,-94.5,630
2024-06-03,29.5,-94.0,270
2024-06-03,29.5,-93.5,180
2024-06-03,29.5,-93.0,180
2024-06-03,29.5,-92.0,720
2024-06-03,29.5,-91.5,270
2024-06-03,29.5,-91.0,90
2024-06-03,29.5,-90.5,720
2024-06-03,29.5,-90.0,180
2024-06-03,29.5,-89.5,90
2024-06-03,29.5,-89.0,2070
2024-06-03,29.5,-88.5,270
2024-06-03,29.5,-88.0,1170
2024-06-03,29.5,-87.5,90
2024-06-03,29.5,-83.5,810
2024-06-03,29.5,-82.5,1710
2024-06-03,29.5,-82.0,2340
2024-06-03,29.5,-81.5,450
2024-06-03,29.5,-81.0,270
2024-06-03,29.5,-80.5,540
2024-06-03,29.5,-80.0,90
2024-06-03,29.5,-79.5,990
2024-06-03,29.5,-79.0,630
2024-06-03,29.5,-69.5,90
2024-06-03,30.0,-107.0,90
2024-06-03,30.0,-106.0,90
2024-06-03,30.0,-105.5,180
2024-06-03,30.0,-104.5,180
2024-06-03,30.0,-104.0,270
2024-06-03,30.0,-103.0,1170
2024-06-03,30.0,-102.5,1530
2024-06-03,30.0,-102.0,990
2024-06-03,30.0,-101.5,630
2024-06-03,30.0,-101.0,630
2024-06-03,30.0,-100.5,270
2024-06-03,30.0,-100.0,450
2024-06-03,30.0,-99.5,90
2024-06-03,30.0,-97.5,2610
2024-06-03,30.0,-97.0,3960
2024-06-03,30.0,-96.5,900
2024-06-03,30.0,-96.0,1080
2024-06-03,30.0,-95.5,630
2024-06-03,30.0,-95.0,630
2024-06-03,30.0,-94.5,360
2024-06-03,30.0,-94.0,270
2024-06-03,30.0,-93.5,900
2024-06-03,30.0,-93.0,3150
2024-06-03,30.0,-92.5,1260
2024-06-03,30.0,-92.0,1170
2024-06-03,30.0,-91.5,1260
2024-06-03,30.0,-91.0,720
2024-06-03,30.0,-90.5,270
2024-06-03,30.0,-90.0,180
2024-06-03,30.0,-89.5,1530
2024-06-03,30.0,-89.0,990
2024-06-03,30.0,-88.5,720
2024-06-03,30.0,-88.0,1170
2024-06-03,30.0,-87.5,90
2024-06-03,30.0,-86.5,90
2024-06-03,30.0,-85.5,180
2024-06-03,30.0,-84.5,720
2024-06-03,30.0,-84.0,180
2024-06-03,30.0,-83.5,1080
2024-06-03,30.0,-83.0,1620
2024-06-03,30.0,-82.5,180
2024-06-03,30.0,-82.0,810
2024-06-03,30.0,-81.5,180
2024-06-03,30.0,-80.5,810
2024-06-03,30.0,-80.0,1980
2024-06-03,30.0,-79.5,1620
2024-06-03,30.0,-79.0,90
2024-06-03,30.0,-68.5,90
2024-06-03,30.0,-66.5,90
2024-06-03,30.0,-66.0,90
2024-06-03,30.5,-104.5,180
2024-06-03,30.5,-104.0,360
2024-06-03,30.5,-103.5,90
2024-06-03,30.5,-103.0,90
2024-06-03,30.5,-102.0,450
2024-06-03,30.5,-101.5,900
2024-06-03,30.5,-101.0,450
2024-06-03,30.5,-100.5,1170
2024-06-03,30.5,-100.0,1620
2024-06-03,30.5,-99.5,270
2024-06-03,30.5,-97.0,2700
2024-06-03,30.5,-96.5,2520
2024-06-03,30.5,-95.5,630
2024-06-03,30.5,-95.0,990
2024-06-03,30.5,-94.5,810
2024-06-03,30.5,-94.0,1620
2024-06-03,30.5,-93.5,1800
2024-06-03,30.5,-93.0,720
2024-06-03,30.5,-92.5,2700
2024-06-03,30.5,-92.0,1170
2024-06-03,30.5,-91.5,1620
2024-06-03,30.5,-91.0,270
2024-06-03,30.5,-90.5,630
2024-06-03,30.5,-90.0,180
2024-06-03,30.5,-89.5,900
2024-06-03,30.5,-89.0,180
2024-06-03,30.5,-88.5,2880
2024-06-03,30.5,-88.0,360
2024-06-03,30.5,-87.5,1080
2024-06-03,30.5,-87.0,1170
2024-06-03,30.5,-86.5,360
2024-06-03,30.5,-86.0,360
2024-06-03,30.5,-85.5,180
2024-06-03,30.5,-85.0,90
2024-06-03,30.5,-84.5,1170
2024-06-03,30.5,-84.0,270
2024-06-03,30.5,-83.5,450
2024-06-03,30.5,-83.0,360
2024-06-03,30.5,-82.5,180
2024-06-03,30.5,-82.0,450
2024-06-03,30.5,-78.5,270
2024-06-03,30.5,-78.0,90
2024-06-03,31.0,-105.0,360
2024-06-03,31.0,-104.0,90
2024-06-03,31.0,-103.0,90
2024-06-03,31.0,-102.5,90
2024-06-03,31.0,-102.0,450
2024-06-03,31.0,-101.5,180
2024-06-03,31.0,-101.0,270
2024-06-03,31.0,-100.5,450
2024-06-03,31.0,-97.5,1440
2024-06-03,31.0,-97.0,1440
2024-06-03,31.0,-96.5,2070
2024-06-03,31.0,-96.0,810
2024-06-03,31.0,-95.5,630
2024-06-03,31.0,-95.0,2070
2024-06-03,31.0,-94.5,2700
2024-06-03,31.0,-94.0,1620
2024-06-03,31.0,-93.5,1080
2024-06-03,31.0,-93.0,1260
2024-06-03,31.0,-92.5,1260
2024-06-03,31.0,-92.0,1620
2024-06-03,31.0,-91.5,1170
2024-06-03,31.0,-91.0,2700
2024-06-03,31.0,-90.5,540
2024-06-03,31.0,-90.0,450
2024-06-03,31.0,-89.5,900
2024-06-03,31.0,-89.0,3150
2024-06-03,31.0,-88.5,4590
2024-06-03,31.0,-88.0,270
2024-06-03,31.0,-87.5,1170
2024-06-03,31.0,-87.0,630
2024-06-03,31.0,-86.5,90
2024-06-03,31.0,-85.5,180
2024-06-03,31.0,-85.0,180
2024-06-03,31.0,-84.5,360
2024-06-03,31.0,-84.0,90
2024-06-03,31.0,-83.5,90
2024-06-03,31.0,-83.0,90
2024-06-03,31.0,-82.5,450
2024-06-03,31.0,-82.0,360
2024-06-03,31.0,-79.0,360
2024-06-03,31.0,-78.5,270
2024-06-03,31.0,-74.0,450
2024-06-03,31.0,-73.5,90
2024-06-03,31.5,-105.5,90
2024-06-03,31.5,-105.0,180
2024-06-03,31.5,-104.0,90
2024-06-03,31.5,-103.5,360
2024-06-03,31.5,-103.0,90
2024-06-03,31.5,-102.5,630
2024-06-03,31.5,-102.0,1170
2024-06-03,31.5,-101.5,810
2024-06-03,31.5,-101.0,90
2024-06-03,31.5,-100.5,360
2024-06-03,31.5,-98.5,180
2024-06-03,31.5,-98.0,2340
2024-06-03,31.5,-97.5,6120
2024-06-03,31.5,-97.0,5400
2024-06-03,31.5,-96.5,6120
2024-06-03,31.5,-96.0,6390
2024-06-03,31.5,-95.5,6390
2024-06-03,31.5,-95.0,5670
2024-06-03,31.5,-94.5,3510
2024-06-03,31.5,-94.0,1440
2024-06-03,31.5,-93.5,1530
2024-06-03,31.5,-93.0,1980
2024-06-03,31.5,-92.5,630
2024-06-03,31.5,-92.0,1170
2024-06-03,31.5,-91.5,540
2024-06-03,31.5,-91.0,3600
2024-06-03,31.5,-90.5,3600
2024-06-03,31.5,-90.0,270
2024-06-03,31.5,-89.5,360
2024-06-03,31.5,-89.0,360
2024-06-03,31.5,-88.5,1260
2024-06-03,31.5,-88.0,540
2024-06-03,31.5,-87.5,900
2024-06-03,31.5,-87.0,90
2024-06-03,31.5,-86.5,180
2024-06-03,31.5,-86.0,990
2024-06-03,31.5,-84.5,90
2024-06-03,31.5,-84.0,540
2024-06-03,31.5,-83.5,90
2024-06-03,31.5,-82.0,360
2024-06-03,31.5,-81.5,720
2024-06-03,31.5,-79.5,810
2024-06-03,31.5,-79.0,2520
2024-06-03,31.5,-78.5,7290
2024-06-03,31.5,-78.0,3330
2024-06-03,31.5,-77.5,720
2024-06-03,31.5,-76.5,90
2024-06-03,31.5,-76.0,90
2024-06-03,31.5,-69.0,90
2024-06-03,32.0,-108.5,90
2024-06-03,32.0,-105.0,90
2024-06-03,32.0,-104.5,1440
2024-06-03,32.0,-104.0,810
2024-06-03,32.0,-103.5,180
2024-06-03,32.0,-102.5,180
2024-06-03,32.0,-102.0,360
2024-06-03,32.0,-98.5,720
2024-06-03,32.0,-98.0,810
2024-06-03,32.0,-97.5,10350
2024-06-03,32.0,-97.0,5670
2024-06-03,32.0,-96.5,8550
2024-06-03,32.0,-96.0,7470
2024-06-03,32.0,-95.5,8640
2024-06-03,32.0,-95.0,7650
2024-06-03,32.0,-94.5,5220
2024-06-03,32.0,-94.0,4590
2024-06-03,32.0,-93.5,1890
2024-06-03,32.0,-93.0,1530
2024-06-03,32.0,-92.5,720
2024-06-03,32.0,-92.0,1170
2024-06-03,32.0,-91.5,1620
2024-06-03,32.0,-91.0,3510
2024-06-03,32.0,-90.5,1080
2024-06-03,32.0,-90.0,1980
2024-06-03,32.0,-89.5,360
2024-06-03,32.0,-89.0,450
2024-06-03,32.0,-88.5,450
2024-06-03,32.0,-88.0,1530
2024-06-03,32.0,-87.5,1080
2024-06-03,32.0,-87.0,270
2024-06-03,32.0,-86.5,1170
2024-06-03,32.0,-86.0,180
2024-06-03,32.0,-85.5,630
2024-06-03,32.0,-85.0,180
2024-06-03,32.0,-84.0,360
2024-06-03,32.0,-83.5,180
2024-06-03,32.0,-83.0,180
2024-06-03,32.0,-82.0,90
2024-06-03,32.0,-81.5,1080
2024-06-03,32.0,-80.5,180
2024-06-03,32.0,-80.0,450
2024-06-03,32.0,-79.5,180
2024-06-03,32.0,-79.0,90
2024-06-03,32.0,-78.5,270
2024-06-03,32.0,-78.0,1080
2024-06-03,32.0,-77.5,1890
2024-06-03,32.0,-77.0,990
2024-06-03,32.0,-76.5,1620
2024-06-03,32.0,-76.0,180
2024-06-03,32.5,-107.0,90
2024-06-03,32.5,-106.0,90
2024-06-03,32.5,-105.5,360
2024-06-03,32.5,-105.0,630
2024-06-03,32.5,-104.5,1080
2024-06-03,32.5,-104.0,270
2024-06-03,32.5,-103.0,180
2024-06-03,32.5,-102.5,90
2024-06-03,32.5,-101.5,360
2024-06-03,32.5,-101.0,630
2024-06-03,32.5,-97.5,3600
2024-06-03,32.5,-97.0,3240
2024-06-03,32.5,-96.5,11070
2024-06-03,32.5,-96.0,14040
2024-06-03,32.5,-95.5,9360
2024-06-03,32.5,-95.0,6390
2024-06-03,32.5,-94.5,9270
2024-06-03,32.5,-94.0,3780
2024-06-03,32.5,-93.5,2430
2024-06-03,32.5,-93.0,1080
2024-06-03,32.5,-92.5,1530
2024-06-03,32.5,-92.0,630
2024-06-03,32.5,-91.5,3960
2024-06-03,32.5,-91.0,1980
2024-06-03,32.5,-90.5,1980
2024-06-03,32.5,-90.0,2880
2024-06-03,32.5,-89.5,2340
2024-06-03,32.5,-89.0,810
2024-06-03,32.5,-88.5,4230
2024-06-03,32.5,-88.0,1080
2024-06-03,32.5,-87.5,1080
2024-06-03,32.5,-87.0,720
2024-06-03,32.5,-86.5,900
2024-06-03,32.5,-86.0,450
2024-06-03,32.5,-85.0,450
2024-06-03,32.5,-84.5,90
2024-06-03,32.5,-84.0,90
2024-06-03,32.5,-83.0,270
2024-06-03,32.5,-82.5,630
2024-06-03,32.5,-82.0,270
2024-06-03,32.5,-81.5,1080
2024-06-03,32.5,-81.0,270
2024-06-03,32.5,-80.5,540
2024-06-03,32.5,-80.0,540
2024-06-03,32.5,-79.5,360
2024-06-03,32.5,-78.5,90
2024-06-03,32.5,-77.5,630
2024-06-03,32.5,-77.0,810
2024-06-03,32.5,-76.5,270
2024-06-03,32.5,-76.0,4230
2024-06-03,32.5,-75.5,2790
2024-06-03,32.5,-75.0,1350
2024-06-03,32.5,-74.5,180
2024-06-03,32.5,-72.5,90
2024-06-03,33.0,-108.0,180
2024-06-03,33.0,-106.0,540
2024-06-03,33.0,-105.5,1710
2024-06-03,33.0,-105.0,1080
2024-06-03,33.0,-104.5,540
2024-06-03,33.0,-104.0,1080
2024-06-03,33.0,-103.0,360
2024-06-03,33.0,-102.5,990
2024-06-03,33.0,-102.0,1890
2024-06-03,33.0,-101.5,360
2024-06-03,33.0,-101.0,270
2024-06-03,33.0,-99.0,90
2024-06-03,33.0,-97.5,2790
2024-06-03,33.0,-97.0,3420
2024-06-03,33.0,-96.5,9990
2024-06-03,33.0,-96.0,7560
2024-06-03,33.0,-95.5,5670
2024-06-03,33.0,-95.0,2880
2024-06-03,33.0,-94.5,3780
2024-06-03,33.0,-94.0,4050
2024-06-03,33.0,-93.5,3060
2024-06-03,33.0,-93.0,3690
2024-06-03,33.0,-92.5,2250
2024-06-03,33.0,-92.0,1350
2024-06-03,33.0,-91.5,720
2024-06-03,33.0,-91.0,720
2024-06-03,33.0,-90.5,540
2024-06-03,33.0,-90.0,630
2024-06-03,33.0,-89.5,630
2024-06-03,33.0,-89.0,990
2024-06-03,33.0,-88.5,540
2024-06-03,33.0,-88.0,720
2024-06-03,33.0,-87.5,1080
2024-06-03,33.0,-87.0,1260
2024-06-03,33.0,-86.5,990
2024-06-03,33.0,-86.0,360
2024-06-03,33.0,-85.5,270
2024-06-03,33.0,-85.0,180
2024-06-03,33.0,-84.5,180
2024-06-03,33.0,-84.0,270
2024-06-03,33.0,-83.5,630
2024-06-03,33.0,-83.0,180
2024-06-03,33.0,-82.5,810
2024-06-03,33.0,-82.0,540
2024-06-03,33.0,-81.5,540
2024-06-03,33.0,-81.0,540
2024-06-03,33.0,-80.5,270
2024-06-03,33.0,-77.0,90
2024-06-03,33.0,-76.5,180
2024-06-03,33.0,-76.0,1080
2024-06-03,33.0,-75.5,3870
2024-06-03,33.0,-75.0,1710
2024-06-03,33.0,-74.5,540
2024-06-03,33.0,-74.0,1170
2024-06-03,33.0,-73.5,90
2024-06-03,33.0,-73.0,450
2024-06-03,33.0,-70.5,90
2024-06-03,33.5,-109.0,270
2024-06-03,33.5,-107.0,180
2024-06-03,33.5,-106.5,90
2024-06-03,33.5,-105.5,450
2024-06-03,33.5,-105.0,450
2024-06-03,33.5,-104.5,1260
2024-06-03,33.5,-104.0,1710
2024-06-03,33.5,-103.5,270
2024-06-03,33.5,-103.0,630
2024-06-03,33.5,-102.5,900
2024-06-03,33.5,-102.0,2610
2024-06-03,33.5,-101.5,450
2024-06-03,33.5,-98.5,90
2024-06-03,33.5,-98.0,1440
2024-06-03,33.5,-97.5,8280
2024-06-03,33.5,-97.0,4770
2024-06-03,33.5,-96.5,4320
2024-06-03,33.5,-96.0,5760
2024-06-03,33.5,-95.5,3330
2024-06-03,33.5,-95.0,4140
2024-06-03,33.5,-94.5,5940
2024-06-03,33.5,-94.0,2610
2024-06-03,33.5,-93.5,1080
2024-06-03,33.5,-93.0,1080
2024-06-03,33.5,-92.5,540
2024-06-03,33.5,-92.0,180
2024-06-03,33.5,-91.5,180
2024-06-03,33.5,-91.0,360
2024-06-03,33.5,-90.5,90
2024-06-03,33.5,-90.0,270
2024-06-03,33.5,-89.5,450
2024-06-03,33.5,-89.0,810
2024-06-03,33.5,-88.5,540
2024-06-03,33.5,-88.0,900
2024-06-03,33.5,-87.5,180
2024-06-03,33.5,-87.0,360
2024-06-03,33.5,-86.5,360
2024-06-03,33.5,-86.0,270
2024-06-03,33.5,-85.5,90
2024-06-03,33.5,-84.5,360
2024-06-03,33.5,-84.0,1260
2024-06-03,33.5,-83.5,270
2024-06-03,33.5,-83.0,720
2024-06-03,33.5,-82.5,450
2024-06-03,33.5,-82.0,180
2024-06-03,33.5,-81.5,3150
2024-06-03,33.5,-81.0,1260
2024-06-03,33.5,-80.0,90
2024-06-03,33.5,-79.0,90
2024-06-03,33.5,-78.0,630
2024-06-03,33.5,-77.5,1170
2024-06-03,33.5,-77.0,1620
2024-06-03,33.5,-76.5,630
2024-06-03,33.5,-76.0,540
2024-06-03,33.5,-75.5,3420
2024-06-03,33.5,-75.0,1350
2024-06-03,33.5,-74.5,630
2024-06-03,33.5,-74.0,360
2024-06-03,33.5,-73.5,90
2024-06-03,33.5,-73.0,90
2024-06-03,33.5,-72.0,90
2024-06-03,33.5,-71.5,270
2024-06-03,33.5,-70.5,90
2024-06-03,34.0,-109.0,90
2024-06-03,34.0,-108.0,450
2024-06-03,34.0,-107.0,90
2024-06-03,34.0,-106.0,540
2024-06-03,34.0,-105.0,360
2024-06-03,34.0,-104.5,1890
2024-06-03,34.0,-104.0,1260
2024-06-03,34.0,-103.5,990
2024-06-03,34.0,-103.0,2790
2024-06-03,34.0,-102.5,1170
2024-06-03,34.0,-102.0,900
2024-06-03,34.0,-101.5,360
2024-06-03,34.0,-101.0,180
2024-06-03,34.0,-99.0,1260
2024-06-03,34.0,-98.5,1440
2024-06-03,34.0,-98.0,5130
2024-06-03,34.0,-97.5,8100
2024-06-03,34.0,-97.0,6840
2024-06-03,34.0,-96.5,4680
2024-06-03,34.0,-96.0,1800
2024-06-03,34.0,-95.5,6390
2024-06-03,34.0,-95.0,1980
2024-06-03,34.0,-94.5,900
2024-06-03,34.0,-94.0,450
2024-06-03,34.0,-93.5,360
2024-06-03,34.0,-93.0,450
2024-06-03,34.0,-92.5,450
2024-06-03,34.0,-92.0,180
2024-06-03,34.0,-91.5,90
2024-06-03,34.0,-91.0,90
2024-06-03,34.0,-90.5,180
2024-06-03,34.0,-90.0,270
2024-06-03,34.0,-89.5,450
2024-06-03,34.0,-89.0,4140
2024-06-03,34.0,-88.5,4500
2024-06-03,34.0,-88.0,900
2024-06-03,34.0,-87.5,990
2024-06-03,34.0,-87.0,180
2024-06-03,34.0,-86.5,180
2024-06-03,34.0,-86.0,90
2024-06-03,34.0,-85.0,360
2024-06-03,34.0,-84.5,270
2024-06-03,34.0,-84.0,1440
2024-06-03,34.0,-83.5,540
2024-06-03,34.0,-83.0,270
2024-06-03,34.0,-82.5,540
2024-06-03,34.0,-82.0,90
2024-06-03,34.0,-81.5,540
2024-06-03,34.0,-81.0,630
2024-06-03,34.0,-80.5,180
2024-06-03,34.0,-79.5,900
2024-06-03,34.0,-79.0,630
2024-06-03,34.0,-78.5,720
2024-06-03,34.0,-78.0,1800
2024-06-03,34.0,-77.5,2250
2024-06-03,34.0,-77.0,810
2024-06-03,34.0,-76.5,990
2024-06-03,34.0,-76.0,360
2024-06-03,34.0,-75.5,810
2024-06-03,34.0,-75.0,3060
2024-06-03,34.0,-74.5,450
2024-06-03,34.0,-74.0,90
2024-06-03,34.0,-73.5,360
2024-06-03,34.0,-73.0,270
2024-06-03,34.0,-72.5,360
2024-06-03,34.0,-72.0,2430
2024-06-03,34.0,-71.5,2250
2024-06-03,34.0,-71.0,180
2024-06-03,34.5,-109.0,90
2024-06-03,34.5,-108.0,90
2024-06-03,34.5,-107.5,90
2024-06-03,34.5,-106.5,90
2024-06-03,34.5,-105.5,90
2024-06-03,34.5,-104.5,630
2024-06-03,34.5,-104.0,270
2024-06-03,34.5,-103.5,1530
2024-06-03,34.5,-103.0,3600
2024-06-03,34.5,-102.5,1260
2024-06-03,34.5,-102.0,630
2024-06-03,34.5,-101.5,1800
2024-06-03,34.5,-101.0,1080
2024-06-03,34.5,-100.5,1440
2024-06-03,34.5,-100.0,720
2024-06-03,34.5,-99.0,4230
2024-06-03,34.5,-98.5,3510
2024-06-03,34.5,-98.0,5580
2024-06-03,34.5,-97.5,8910
2024-06-03,34.5,-97.0,5400
2024-06-03,34.5,-96.5,7470
2024-06-03,34.5,-96.0,3690
2024-06-03,34.5,-95.5,3060
2024-06-03,34.5,-95.0,1890
2024-06-03,34.5,-94.5,1530
2024-06-03,34.5,-94.0,630
2024-06-03,34.5,-93.5,270
2024-06-03,34.5,-93.0,450
2024-06-03,34.5,-92.5,2160
2024-06-03,34.5,-92.0,990
2024-06-03,34.5,-91.5,180
2024-06-03,34.5,-91.0,360
2024-06-03,34.5,-90.5,90
2024-06-03,34.5,-90.0,180
2024-06-03,34.5,-89.5,270
2024-06-03,34.5,-89.0,90
2024-06-03,34.5,-88.0,270
2024-06-03,34.5,-87.0,270
2024-06-03,34.5,-86.5,90
2024-06-03,34.5,-86.0,180
2024-06-03,34.5,-84.0,90
2024-06-03,34.5,-83.0,180
2024-06-03,34.5,-82.5,180
2024-06-03,34.5,-81.5,90
2024-06-03,34.5,-81.0,900
2024-06-03,34.5,-80.5,270
2024-06-03,34.5,-79.5,180
2024-06-03,34.5,-79.0,2790
2024-06-03,34.5,-78.5,990
2024-06-03,34.5,-78.0,450
2024-06-03,34.5,-77.5,990
2024-06-03,34.5,-77.0,630
2024-06-03,34.5,-76.5,1080
2024-06-03,34.5,-76.0,810
2024-06-03,34.5,-75.5,5130
2024-06-03,34.5,-75.0,1350
2024-06-03,34.5,-74.5,4050
2024-06-03,34.5,-74.0,1440
2024-06-03,34.5,-73.5,450
2024-06-03,34.5,-73.0,270
2024-06-03,34.5,-72.5,360
2024-06-03,34.5,-71.5,90
2024-06-03,34.5,-70.5,1530
2024-06-03,34.5,-70.0,540
2024-06-03,34.5,-69.0,90
2024-06-03,35.0,-108.5,90
2024-06-03,35.0,-108.0,90
2024-06-03,35.0,-107.5,270
2024-06-03,35.0,-107.0,90
2024-06-03,35.0,-106.5,180
2024-06-03,35.0,-106.0,90
2024-06-03,35.0,-105.5,270
2024-06-03,35.0,-105.0,450
2024-06-03,35.0,-104.5,990
2024-06-03,35.0,-104.0,540
2024-06-03,35.0,-103.5,990
2024-06-03,35.0,-103.0,900
2024-06-03,35.0,-102.5,3150
2024-06-03,35.0,-102.0,2610
2024-06-03,35.0,-101.5,1530
2024-06-03,35.0,-101.0,900
2024-06-03,35.0,-100.5,1170
2024-06-03,35.0,-100.0,720
2024-06-03,35.0,-99.5,180
2024-06-03,35.0,-99.0,1080
2024-06-03,35.0,-98.5,7380
2024-06-03,35.0,-98.0,8550
2024-06-03,35.0,-97.5,10530
2024-06-03,35.0,-97.0,7830
2024-06-03,35.0,-96.5,6300
2024-06-03,35.0,-96.0,4140
2024-06-03,35.0,-95.5,4590
2024-06-03,35.0,-95.0,2070
2024-06-03,35.0,-94.5,1260
2024-06-03,35.0,-94.0,2070
2024-06-03,35.0,-93.5,360
2024-06-03,35.0,-93.0,1530
2024-06-03,35.0,-92.5,720
2024-06-03,35.0,-91.5,270
2024-06-03,35.0,-90.0,540
2024-06-03,35.0,-89.5,450
2024-06-03,35.0,-89.0,90
2024-06-03,35.0,-88.5,360
2024-06-03,35.0,-88.0,1620
2024-06-03,35.0,-87.5,270
2024-06-03,35.0,-86.5,270
2024-06-03,35.0,-86.0,270
2024-06-03,35.0,-85.5,180
2024-06-03,35.0,-84.5,90
2024-06-03,35.0,-84.0,90
2024-06-03,35.0,-82.5,360
2024-06-03,35.0,-82.0,540
2024-06-03,35.0,-81.5,270
2024-06-03,35.0,-81.0,720
2024-06-03,35.0,-80.5,1440
2024-06-03,35.0,-80.0,360
2024-06-03,35.0,-79.0,180
2024-06-03,35.0,-78.5,360
2024-06-03,35.0,-78.0,270
2024-06-03,35.0,-77.5,180
2024-06-03,35.0,-77.0,180
2024-06-03,35.0,-76.5,90
2024-06-03,35.0,-76.0,1260
2024-06-03,35.0,-75.5,360
2024-06-03,35.0,-75.0,360
2024-06-03,35.0,-74.5,3330
2024-06-03,35.0,-74.0,1260
2024-06-03,35.0,-73.5,1440
2024-06-03,35.0,-73.0,90
2024-06-03,35.0,-72.0,630
2024-06-03,35.0,-71.5,90
2024-06-03,35.0,-71.0,360
2024-06-03,35.0,-70.0,270
2024-06-03,35.0,-69.0,180
2024-06-03,35.0,-68.5,360
2024-06-03,35.0,-68.0,180
2024-06-03,35.5,-109.0,90
2024-06-03,35.5,-108.5,180
2024-06-03,35.5,-108.0,360
2024-06-03,35.5,-107.0,180
2024-06-03,35.5,-106.5,90
2024-06-03,35.5,-106.0,540
2024-06-03,35.5,-105.5,90
2024-06-03,35.5,-105.0,180
2024-06-03,35.5,-104.5,1350
2024-06-03,35.5,-104.0,450
2024-06-03,35.5,-103.5,270
2024-06-03,35.5,-103.0,270
2024-06-03,35.5,-102.5,1440
2024-06-03,35.5,-102.0,5130
2024-06-03,35.5,-101.5,3330
2024-06-03,35.5,-101.0,2070
2024-06-03,35.5,-100.5,1440
2024-06-03,35.5,-100.0,540
2024-06-03,35.5,-99.5,1530
2024-06-03,35.5,-99.0,1620
2024-06-03,35.5,-98.5,1620
2024-06-03,35.5,-98.0,1440
2024-06-03,35.5,-97.5,2160
2024-06-03,35.5,-97.0,5580
2024-06-03,35.5,-96.5,2790
2024-06-03,35.5,-96.0,3690
2024-06-03,35.5,-95.5,1710
2024-06-03,35.5,-95.0,1710
2024-06-03,35.5,-94.5,990
2024-06-03,35.5,-94.0,810
2024-06-03,35.5,-93.5,1260
2024-06-03,35.5,-93.0,540
2024-06-03,35.5,-92.5,540
2024-06-03,35.5,-92.0,810
2024-06-03,35.5,-91.5,270
2024-06-03,35.5,-90.5,450
2024-06-03,35.5,-90.0,720
2024-06-03,35.5,-89.5,270
2024-06-03,35.5,-89.0,1800
2024-06-03,35.5,-88.5,810
2024-06-03,35.5,-88.0,2520
2024-06-03,35.5,-87.5,90
2024-06-03,35.5,-87.0,540
2024-06-03,35.5,-84.5,270
2024-06-03,35.5,-84.0,180
2024-06-03,35.5,-83.5,540
2024-06-03,35.5,-83.0,90
2024-06-03,35.5,-82.0,360
2024-06-03,35.5,-81.5,90
2024-06-03,35.5,-81.0,540
2024-06-03,35.5,-80.5,450
2024-06-03,35.5,-80.0,180
2024-06-03,35.5,-79.5,270
2024-06-03,35.5,-79.0,720
2024-06-03,35.5,-78.5,1440
2024-06-03,35.5,-78.0,360
2024-06-03,35.5,-77.5,360
2024-06-03,35.5,-77.0,1440
2024-06-03,35.5,-76.5,1350
2024-06-03,35.5,-76.0,810
2024-06-03,35.5,-75.5,360
2024-06-03,35.5,-74.5,180
2024-06-03,35.5,-74.0,540
2024-06-03,35.5,-73.5,2160
2024-06-03,35.5,-73.0,1530
2024-06-03,35.5,-72.5,450
2024-06-03,35.5,-72.0,1530
2024-06-03,35.5,-71.5,90
2024-06-03,35.5,-71.0,90
2024-06-03,35.5,-70.0,90
2024-06-03,35.5,-69.5,1170
2024-06-03,35.5,-69.0,990
2024-06-03,35.5,-68.5,270
2024-06-03,35.5,-68.0,90
2024-06-03,35.5,-67.5,90
2024-06-03,35.5,-66.5,90
2024-06-03,36.0,-108.0,90
2024-06-03,36.0,-107.0,270
2024-06-03,36.0,-106.5,270
2024-06-03,36.0,-106.0,180
2024-06-03,36.0,-105.5,450
2024-06-03,36.0,-105.0,360
2024-06-03,36.0,-104.5,540
2024-06-03,36.0,-104.0,270
2024-06-03,36.0,-103.5,900
2024-06-03,36.0,-103.0,1080
2024-06-03,36.0,-102.5,1170
2024-06-03,36.0,-102.0,2610
2024-06-03,36.0,-101.5,1710
2024-06-03,36.0,-101.0,3510
2024-06-03,36.0,-100.5,2790
2024-06-03,36.0,-100.0,3150
2024-06-03,36.0,-99.5,2610
2024-06-03,36.0,-99.0,810
2024-06-03,36.0,-98.5,990
2024-06-03,36.0,-98.0,1170
2024-06-03,36.0,-97.5,1710
2024-06-03,36.0,-97.0,1530
2024-06-03,36.0,-96.5,720
2024-06-03,36.0,-96.0,630
2024-06-03,36.0,-95.5,1890
2024-06-03,36.0,-95.0,2160
2024-06-03,36.0,-94.5,1620
2024-06-03,36.0,-94.0,540
2024-06-03,36.0,-93.5,990
2024-06-03,36.0,-93.0,810
2024-06-03,36.0,-92.5,900
2024-06-03,36.0,-92.0,180
2024-06-03,36.0,-91.5,4680
2024-06-03,36.0,-91.0,1710
2024-06-03,36.0,-90.5,3240
2024-06-03,36.0,-90.0,3330
2024-06-03,36.0,-89.5,5580
2024-06-03,36.0,-89.0,2520
2024-06-03,36.0,-88.5,900
2024-06-03,36.0,-88.0,630
2024-06-03,36.0,-87.5,1170
2024-06-03,36.0,-87.0,810
2024-06-03,36.0,-86.5,360
2024-06-03,36.0,-85.5,90
2024-06-03,36.0,-84.5,90
2024-06-03,36.0,-84.0,270
2024-06-03,36.0,-83.5,90
2024-06-03,36.0,-83.0,180
2024-06-03,36.0,-82.5,90
2024-06-03,36.0,-82.0,270
2024-06-03,36.0,-81.5,360
2024-06-03,36.0,-80.0,630
2024-06-03,36.0,-79.5,720
2024-06-03,36.0,-79.0,1170
2024-06-03,36.0,-78.5,450
2024-06-03,36.0,-78.0,360
2024-06-03,36.0,-77.5,1170
2024-06-03,36.0,-77.0,720
2024-06-03,36.0,-76.5,1260
2024-06-03,36.0,-76.0,180
2024-06-03,36.0,-73.5,630
2024-06-03,36.0,-73.0,1980
2024-06-03,36.0,-72.5,2610
2024-06-03,36.0,-71.5,270
2024-06-03,36.0,-71.0,180
2024-06-03,36.0,-70.5,90
2024-06-03,36.0,-69.5,540
2024-06-03,36.0,-69.0,90
2024-06-03,36.0,-68.5,90
2024-06-03,36.0,-68.0,360
2024-06-03,36.5,-110.0,90
2024-06-03,36.5,-107.5,90
2024-06-03,36.5,-107.0,90
2024-06-03,36.5,-106.5,270
2024-06-03,36.5,-106.0,450
2024-06-03,36.5,-105.5,360
2024-06-03,36.5,-105.0,360
2024-06-03,36.5,-104.5,450
2024-06-03,36.5,-104.0,630
2024-06-03,36.5,-103.5,900
2024-06-03,36.5,-103.0,450
2024-06-03,36.5,-102.5,540
2024-06-03,36.5,-102.0,630
2024-06-03,36.5,-101.5,2340
2024-06-03,36.5,-101.0,2160
2024-06-03,36.5,-100.5,5670
2024-06-03,36.5,-100.0,3060
2024-06-03,36.5,-99.5,990
2024-06-03,36.5,-99.0,630
2024-06-03,36.5,-98.5,630
2024-06-03,36.5,-97.5,2340
2024-06-03,36.5,-97.0,1620
2024-06-03,36.5,-96.5,450
2024-06-03,36.5,-96.0,1710
2024-06-03,36.5,-95.5,1800
2024-06-03,36.5,-95.0,1350
2024-06-03,36.5,-94.5,900
2024-06-03,36.5,-94.0,1260
2024-06-03,36.5,-93.5,2160
2024-06-03,36.5,-93.0,4500
2024-06-03,36.5,-92.5,4140
2024-06-03,36.5,-92.0,6930
2024-06-03,36.5,-91.5,2970
2024-06-03,36.5,-91.0,3240
2024-06-03,36.5,-90.5,4140
2024-06-03,36.5,-90.0,4230
2024-06-03,36.5,-89.5,810
2024-06-03,36.5,-89.0,180
2024-06-03,36.5,-88.5,180
2024-06-03,36.5,-88.0,540
2024-06-03,36.5,-87.5,180
2024-06-03,36.5,-87.0,270
2024-06-03,36.5,-86.5,180
2024-06-03,36.5,-86.0,270
2024-06-03,36.5,-85.5,180
2024-06-03,36.5,-82.5,180
2024-06-03,36.5,-81.5,180
2024-06-03,36.5,-80.5,90
2024-06-03,36.5,-80.0,450
2024-06-03,36.5,-79.5,360
2024-06-03,36.5,-79.0,1170
2024-06-03,36.5,-78.5,540
2024-06-03,36.5,-78.0,1080
2024-06-03,36.5,-77.5,450
2024-06-03,36.5,-77.0,180
2024-06-03,36.5,-76.0,270
2024-06-03,36.5,-74.5,180
2024-06-03,36.5,-74.0,180
2024-06-03,36.5,-73.5,810
2024-06-03,36.5,-73.0,3780
2024-06-03,36.5,-72.5,720
2024-06-03,36.5,-72.0,180
2024-06-03,36.5,-71.5,90
2024-06-03,36.5,-71.0,360
2024-06-03,36.5,-70.5,180
2024-06-03,36.5,-70.0,1620
2024-06-03,36.5,-69.5,450
2024-06-03,36.5,-69.0,270
2024-06-03,36.5,-68.5,270
2024-06-03,36.5,-68.0,90
2024-06-03,36.5,-66.0,90
2024-06-03,37.0,-118.0,180
2024-06-03,37.0,-117.5,90
2024-06-03,37.0,-117.0,90
2024-06-03,37.0,-106.0,180
2024-06-03,37.0,-105.5,630
2024-06-03,37.0,-105.0,540
2024-06-03,37.0,-104.5,180
2024-06-03,37.0,-104.0,180
2024-06-03,37.0,-103.5,180
2024-06-03,37.0,-103.0,360
2024-06-03,37.0,-102.5,450
2024-06-03,37.0,-102.0,630
2024-06-03,37.0,-101.5,2160
2024-06-03,37.0,-101.0,3420
2024-06-03,37.0,-100.5,4050
2024-06-03,37.0,-100.0,4950
2024-06-03,37.0,-99.5,3870
2024-06-03,37.0,-99.0,3420
2024-06-03,37.0,-98.5,360
2024-06-03,37.0,-98.0,180
2024-06-03,37.0,-97.5,3690
2024-06-03,37.0,-97.0,1440
2024-06-03,37.0,-96.5,3510
2024-06-03,37.0,-96.0,2340
2024-06-03,37.0,-95.5,3240
2024-06-03,37.0,-95.0,1260
2024-06-03,37.0,-94.5,3690
2024-06-03,37.0,-94.0,6390
2024-06-03,37.0,-93.5,13320
2024-06-03,37.0,-93.0,8280
2024-06-03,37.0,-92.5,7740
2024-06-03,37.0,-92.0,3510
2024-06-03,37.0,-91.5,810
2024-06-03,37.0,-91.0,3600
2024-06-03,37.0,-90.5,540
2024-06-03,37.0,-90.0,360
2024-06-03,37.0,-89.5,270
2024-06-03,37.0,-89.0,270
2024-06-03,37.0,-88.5,270
2024-06-03,37.0,-88.0,90
2024-06-03,37.0,-87.5,270
2024-06-03,37.0,-87.0,360
2024-06-03,37.0,-86.5,180
2024-06-03,37.0,-86.0,540
2024-06-03,37.0,-85.5,90
2024-06-03,37.0,-85.0,180
2024-06-03,37.0,-84.5,360
2024-06-03,37.0,-84.0,450
2024-06-03,37.0,-83.5,720
2024-06-03,37.0,-83.0,90
2024-06-03,37.0,-82.5,90
2024-06-03,37.0,-81.5,180
2024-06-03,37.0,-80.5,180
2024-06-03,37.0,-80.0,450
2024-06-03,37.0,-79.5,180
2024-06-03,37.0,-79.0,990
2024-06-03,37.0,-78.5,2160
2024-06-03,37.0,-78.0,450
2024-06-03,37.0,-77.5,180
2024-06-03,37.0,-75.0,90
2024-06-03,37.0,-74.5,630
2024-06-03,37.0,-74.0,990
2024-06-03,37.0,-73.5,360
2024-06-03,37.0,-73.0,1080
2024-06-03,37.0,-72.5,810
2024-06-03,37.0,-72.0,450
2024-06-03,37.0,-71.5,180
2024-06-03,37.0,-71.0,180
2024-06-03,37.0,-70.5,180
2024-06-03,37.0,-70.0,630
2024-06-03,37.0,-69.5,1080
2024-06-03,37.0,-69.0,180
2024-06-03,37.0,-68.5,180
2024-06-03,37.0,-68.0,180
2024-06-03,37.0,-67.5,630
2024-06-03,37.0,-67.0,180
2024-06-03,37.0,-66.0,90
2024-06-03,37.5,-119.0,90
2024-06-03,37.5,-118.5,180
2024-06-03,37.5,-117.0,90
2024-06-03,37.5,-116.5,180
2024-06-03,37.5,-112.0,90
2024-06-03,37.5,-108.0,90
2024-06-03,37.5,-107.5,90
2024-06-03,37.5,-106.5,180
2024-06-03,37.5,-106.0,90
2024-06-03,37.5,-105.0,90
2024-06-03,37.5,-104.5,180
2024-06-03,37.5,-104.0,180
2024-06-03,37.5,-103.5,270
2024-06-03,37.5,-103.0,1080
2024-06-03,37.5,-102.5,1800
2024-06-03,37.5,-102.0,4140
2024-06-03,37.5,-101.5,6030
2024-06-03,37.5,-101.0,4500
2024-06-03,37.5,-100.5,2880
2024-06-03,37.5,-100.0,3060
2024-06-03,37.5,-99.5,3510
2024-06-03,37.5,-99.0,3960
2024-06-03,37.5,-98.5,2700
2024-06-03,37.5,-98.0,2070
2024-06-03,37.5,-97.5,8010
2024-06-03,37.5,-97.0,3420
2024-06-03,37.5,-96.5,4410
2024-06-03,37.5,-96.0,6120
2024-06-03,37.5,-95.5,3150
2024-06-03,37.5,-95.0,4410
2024-06-03,37.5,-94.5,6570
2024-06-03,37.5,-94.0,9360
2024-06-03,37.5,-93.5,7650
2024-06-03,37.5,-93.0,4680
2024-06-03,37.5,-92.5,4680
2024-06-03,37.5,-92.0,2970
2024-06-03,37.5,-91.5,4410
2024-06-03,37.5,-91.0,2700
2024-06-03,37.5,-90.5,180
2024-06-03,37.5,-90.0,180
2024-06-03,37.5,-89.5,270
2024-06-03,37.5,-89.0,180
2024-06-03,37.5,-88.5,180
2024-06-03,37.5,-88.0,90
2024-06-03,37.5,-86.0,180
2024-06-03,37.5,-85.5,360
2024-06-03,37.5,-85.0,270
2024-06-03,37.5,-84.5,270
2024-06-03,37.5,-84.0,540
2024-06-03,37.5,-83.5,990
2024-06-03,37.5,-83.0,360
2024-06-03,37.5,-82.5,810
2024-06-03,37.5,-82.0,90
2024-06-03,37.5,-81.5,180
2024-06-03,37.5,-81.0,90
2024-06-03,37.5,-80.5,90
2024-06-03,37.5,-80.0,450
2024-06-03,37.5,-79.5,630
2024-06-03,37.5,-79.0,270
2024-06-03,37.5,-78.5,360
2024-06-03,37.5,-78.0,630
2024-06-03,37.5,-77.5,180
2024-06-03,37.5,-77.0,90
2024-06-03,37.5,-75.5,810
2024-06-03,37.5,-75.0,630
2024-06-03,37.5,-74.5,720
2024-06-03,37.5,-72.5,90
2024-06-03,37.5,-72.0,720
2024-06-03,37.5,-71.5,360
2024-06-03,37.5,-71.0,90
2024-06-03,37.5,-70.5,270
2024-06-03,37.5,-70.0,720
2024-06-03,37.5,-69.5,270
2024-06-03,37.5,-68.5,90
2024-06-03,37.5,-68.0,450
2024-06-03,37.5,-67.0,180
2024-06-03,37.5,-66.0,90
2024-06-03,38.0,-119.0,90
2024-06-03,38.0,-118.5,180
2024-06-03,38.0,-117.0,90
2024-06-03,38.0,-115.5,90
2024-06-03,38.0,-112.5,90
2024-06-03,38.0,-112.0,90
2024-06-03,38.0,-111.5,180
2024-06-03,38.0,-109.5,90
2024-06-03,38.0,-108.0,90
2024-06-03,38.0,-107.5,90
2024-06-03,38.0,-106.5,540
2024-06-03,38.0,-106.0,270
2024-06-03,38.0,-105.5,270
2024-06-03,38.0,-105.0,360
2024-06-03,38.0,-104.5,1890
2024-06-03,38.0,-104.0,1530
2024-06-03,38.0,-103.5,5130
2024-06-03,38.0,-103.0,5130
2024-06-03,38.0,-102.5,3240
2024-06-03,38.0,-102.0,2700
2024-06-03,38.0,-101.5,4500
2024-06-03,38.0,-101.0,1800
2024-06-03,38.0,-100.5,2610
2024-06-03,38.0,-100.0,2700
2024-06-03,38.0,-99.5,3330
2024-06-03,38.0,-99.0,1620
2024-06-03,38.0,-98.5,4410
2024-06-03,38.0,-98.0,4320
2024-06-03,38.0,-97.5,5580
2024-06-03,38.0,-97.0,8820
2024-06-03,38.0,-96.5,7110
2024-06-03,38.0,-96.0,4770
2024-06-03,38.0,-95.5,5580
2024-06-03,38.0,-95.0,3240
2024-06-03,38.0,-94.5,3060
2024-06-03,38.0,-94.0,1710
2024-06-03,38.0,-93.5,2340
2024-06-03,38.0,-93.0,900
2024-06-03,38.0,-92.5,1260
2024-06-03,38.0,-92.0,1530
2024-06-03,38.0,-91.5,2160
2024-06-03,38.0,-91.0,810
2024-06-03,38.0,-90.5,900
2024-06-03,38.0,-90.0,180
2024-06-03,38.0,-89.0,90
2024-06-03,38.0,-86.0,180
2024-06-03,38.0,-84.5,180
2024-06-03,38.0,-84.0,270
2024-06-03,38.0,-83.5,90
2024-06-03,38.0,-83.0,450
2024-06-03,38.0,-82.5,180
2024-06-03,38.0,-82.0,90
2024-06-03,38.0,-81.0,90
2024-06-03,38.0,-79.5,720
2024-06-03,38.0,-78.0,90
2024-06-03,38.0,-77.5,90
2024-06-03,38.0,-76.5,90
2024-06-03,38.0,-76.0,720
2024-06-03,38.0,-75.5,450
2024-06-03,38.0,-75.0,180
2024-06-03,38.0,-74.5,270
2024-06-03,38.0,-74.0,90
2024-06-03,38.0,-73.0,810
2024-06-03,38.0,-72.5,180
2024-06-03,38.0,-72.0,360
2024-06-03,38.0,-71.5,1800
2024-06-03,38.0,-71.0,1980
2024-06-03,38.0,-70.5,450
2024-06-03,38.0,-70.0,1170
2024-06-03,38.0,-69.5,90
2024-06-03,38.0,-67.5,270
2024-06-03,38.0,-66.5,90
2024-06-03,38.0,-65.5,90
2024-06-03,38.5,-119.0,90
2024-06-03,38.5,-118.5,540
2024-06-03,38.5,-115.5,90
2024-06-03,38.5,-112.0,90
2024-06-03,38.5,-111.5,270
2024-06-03,38.5,-109.5,90
2024-06-03,38.5,-108.0,90
2024-06-03,38.5,-107.0,90
2024-06-03,38.5,-106.5,90
2024-06-03,38.5,-105.0,540
2024-06-03,38.5,-104.5,720
2024-06-03,38.5,-104.0,1440
2024-06-03,38.5,-103.5,990
2024-06-03,38.5,-103.0,2160
2024-06-03,38.5,-102.5,2250
2024-06-03,38.5,-102.0,990
2024-06-03,38.5,-101.5,2520
2024-06-03,38.5,-101.0,3060
2024-06-03,38.5,-100.5,900
2024-06-03,38.5,-100.0,630
2024-06-03,38.5,-99.5,1170
2024-06-03,38.5,-99.0,2520
2024-06-03,38.5,-98.5,3510
2024-06-03,38.5,-98.0,2880
2024-06-03,38.5,-97.5,1530
2024-06-03,38.5,-97.0,2250
2024-06-03,38.5,-96.5,2880
2024-06-03,38.5,-96.0,990
2024-06-03,38.5,-95.5,630
2024-06-03,38.5,-95.0,720
2024-06-03,38.5,-94.5,1260
2024-06-03,38.5,-94.0,1440
2024-06-03,38.5,-93.5,360
2024-06-03,38.5,-93.0,1080
2024-06-03,38.5,-92.5,990
2024-06-03,38.5,-92.0,900
2024-06-03,38.5,-91.0,270
2024-06-03,38.5,-90.5,540
2024-06-03,38.5,-87.0,90
2024-06-03,38.5,-86.5,180
2024-06-03,38.5,-85.5,540
2024-06-03,38.5,-84.5,180
2024-06-03,38.5,-84.0,90
2024-06-03,38.5,-83.0,90
2024-06-03,38.5,-82.5,270
2024-06-03,38.5,-82.0,270
2024-06-03,38.5,-81.5,90
2024-06-03,38.5,-79.5,180
2024-06-03,38.5,-76.5,90
2024-06-03,38.5,-74.5,180
2024-06-03,38.5,-74.0,270
2024-06-03,38.5,-73.5,90
2024-06-03,38.5,-72.0,90
2024-06-03,38.5,-71.5,1800
2024-06-03,38.5,-71.0,900
2024-06-03,38.5,-70.5,630
2024-06-03,38.5,-70.0,450
2024-06-03,38.5,-69.5,90
2024-06-03,38.5,-67.0,90
2024-06-03,38.5,-66.5,90
2024-06-03,38.5,-66.0,180
2024-06-03,38.5,-65.5,180
2024-06-03,39.0,-119.0,180
2024-06-03,39.0,-118.5,540
2024-06-03,39.0,-118.0,450
2024-06-03,39.0,-117.0,90
2024-06-03,39.0,-116.5,180
2024-06-03,39.0,-116.0,360
2024-06-03,39.0,-115.5,270
2024-06-03,39.0,-115.0,270
2024-06-03,39.0,-114.5,270
2024-06-03,39.0,-114.0,90
2024-06-03,39.0,-112.0,90
2024-06-03,39.0,-111.5,180
2024-06-03,39.0,-111.0,90
2024-06-03,39.0,-110.5,90
2024-06-03,39.0,-108.0,180
2024-06-03,39.0,-107.5,180
2024-06-03,39.0,-107.0,270
2024-06-03,39.0,-106.5,450
2024-06-03,39.0,-106.0,270
2024-06-03,39.0,-105.5,180
2024-06-03,39.0,-105.0,810
2024-06-03,39.0,-104.5,180
2024-06-03,39.0,-104.0,1440
2024-06-03,39.0,-103.5,1530
2024-06-03,39.0,-103.0,1530
2024-06-03,39.0,-102.5,1620
2024-06-03,39.0,-102.0,1440
2024-06-03,39.0,-101.5,1620
2024-06-03,39.0,-101.0,2160
2024-06-03,39.0,-100.5,2430
2024-06-03,39.0,-100.0,3510
2024-06-03,39.0,-99.5,2160
2024-06-03,39.0,-99.0,2700
2024-06-03,39.0,-98.5,3060
2024-06-03,39.0,-98.0,1890
2024-06-03,39.0,-97.5,540
2024-06-03,39.0,-97.0,450
2024-06-03,39.0,-96.5,180
2024-06-03,39.0,-96.0,1530
2024-06-03,39.0,-95.5,630
2024-06-03,39.0,-95.0,2340
2024-06-03,39.0,-94.5,360
2024-06-03,39.0,-94.0,360
2024-06-03,39.0,-93.5,360
2024-06-03,39.0,-93.0,1350
2024-06-03,39.0,-92.5,1350
2024-06-03,39.0,-92.0,1080
2024-06-03,39.0,-91.5,630
2024-06-03,39.0,-91.0,270
2024-06-03,39.0,-90.5,630
2024-06-03,39.0,-90.0,540
2024-06-03,39.0,-89.0,90
2024-06-03,39.0,-84.5,90
2024-06-03,39.0,-84.0,180
2024-06-03,39.0,-83.0,270
2024-06-03,39.0,-82.0,90
2024-06-03,39.0,-79.5,180
2024-06-03,39.0,-79.0,90
2024-06-03,39.0,-78.0,90
2024-06-03,39.0,-77.5,630
2024-06-03,39.0,-77.0,270
2024-06-03,39.0,-76.5,990
2024-06-03,39.0,-76.0,720
2024-06-03,39.0,-74.5,90
2024-06-03,39.0,-72.5,90
2024-06-03,39.0,-72.0,90
2024-06-03,39.0,-71.5,90
2024-06-03,39.0,-70.5,90
2024-06-03,39.0,-70.0,180
2024-06-03,39.0,-69.5,90
2024-06-03,39.0,-69.0,180
2024-06-03,39.0,-68.0,90
2024-06-03,39.0,-67.5,900
2024-06-03,39.0,-67.0,90
2024-06-03,39.0,-65.5,180
2024-06-03,39.5,-120.5,90
2024-06-03,39.5,-119.5,180
2024-06-03,39.5,-118.0,180
2024-06-03,39.5,-117.5,180
2024-06-03,39.5,-116.5,180
2024-06-03,39.5,-116.0,180
2024-06-03,39.5,-115.5,180
2024-06-03,39.5,-115.0,180
2024-06-03,39.5,-114.5,90
2024-06-03,39.5,-114.0,90
2024-06-03,39.5,-113.5,90
2024-06-03,39.5,-113.0,90
2024-06-03,39.5,-112.5,90
2024-06-03,39.5,-112.0,180
2024-06-03,39.5,-111.5,270
2024-06-03,39.5,-111.0,180
2024-06-03,39.5,-110.5,270
2024-06-03,39.5,-108.5,360
2024-06-03,39.5,-108.0,180
2024-06-03,39.5,-106.5,450
2024-06-03,39.5,-106.0,270
2024-06-03,39.5,-105.5,180
2024-06-03,39.5,-105.0,360
2024-06-03,39.5,-104.5,630
2024-06-03,39.5,-104.0,1890
2024-06-03,39.5,-103.5,450
2024-06-03,39.5,-103.0,450
2024-06-03,39.5,-102.5,2160
2024-06-03,39.5,-102.0,1890
2024-06-03,39.5,-101.5,1440
2024-06-03,39.5,-101.0,1800
2024-06-03,39.5,-100.5,2700
2024-06-03,39.5,-100.0,2520
2024-06-03,39.5,-99.5,1980
2024-06-03,39.5,-99.0,1080
2024-06-03,39.5,-98.5,630
2024-06-03,39.5,-98.0,2340
2024-06-03,39.5,-97.5,1440
2024-06-03,39.5,-97.0,720
2024-06-03,39.5,-96.5,1170
2024-06-03,39.5,-96.0,270
2024-06-03,39.5,-95.5,1170
2024-06-03,39.5,-95.0,1170
2024-06-03,39.5,-94.5,180
2024-06-03,39.5,-94.0,180
2024-06-03,39.5,-93.5,90
2024-06-03,39.5,-93.0,90
2024-06-03,39.5,-91.0,90
2024-06-03,39.5,-90.5,180
2024-06-03,39.5,-90.0,180
2024-06-03,39.5,-89.5,270
2024-06-03,39.5,-88.5,90
2024-06-03,39.5,-86.5,90
2024-06-03,39.5,-85.5,180
2024-06-03,39.5,-85.0,90
2024-06-03,39.5,-84.5,90
2024-06-03,39.5,-84.0,270
2024-06-03,39.5,-83.5,180
2024-06-03,39.5,-82.5,180
2024-06-03,39.5,-82.0,180
2024-06-03,39.5,-80.0,270
2024-06-03,39.5,-79.5,270
2024-06-03,39.5,-78.0,90
2024-06-03,39.5,-76.5,180
2024-06-03,39.5,-75.5,180
2024-06-03,39.5,-75.0,90
2024-06-03,39.5,-73.5,90
2024-06-03,39.5,-73.0,90
2024-06-03,39.5,-72.5,90
2024-06-03,39.5,-72.0,90
2024-06-03,39.5,-70.5,90
2024-06-03,39.5,-70.0,90
2024-06-03,39.5,-69.5,270
2024-06-03,39.5,-69.0,90
2024-06-03,39.5,-68.5,90
2024-06-03,39.5,-68.0,90
2024-06-03,39.5,-67.5,90
2024-06-03,39.5,-67.0,90
2024-06-03,39.5,-66.0,90
2024-06-03,40.0,-119.0,90
2024-06-03,40.0,-118.0,90
2024-06-03,40.0,-116.5,180
2024-06-03,40.0,-116.0,270
2024-06-03,40.0,-115.0,360
2024-06-03,40.0,-114.5,180
2024-06-03,40.0,-113.5,90
2024-06-03,40.0,-112.5,270
2024-06-03,40.0,-111.5,90
2024-06-03,40.0,-111.0,90
2024-06-03,40.0,-110.5,180
2024-06-03,40.0,-108.0,270
2024-06-03,40.0,-106.5,450
2024-06-03,40.0,-106.0,900
2024-06-03,40.0,-105.0,270
2024-06-03,40.0,-104.5,1350
2024-06-03,40.0,-104.0,180
2024-06-03,40.0,-103.5,180
2024-06-03,40.0,-103.0,360
2024-06-03,40.0,-102.5,90
2024-06-03,40.0,-102.0,900
2024-06-03,40.0,-101.5,1350
2024-06-03,40.0,-101.0,2070
2024-06-03,40.0,-100.5,810
2024-06-03,40.0,-100.0,270
2024-06-03,40.0,-99.5,180
2024-06-03,40.0,-99.0,2160
2024-06-03,40.0,-98.5,1350
2024-06-03,40.0,-98.0,990
2024-06-03,40.0,-97.5,3510
2024-06-03,40.0,-97.0,1080
2024-06-03,40.0,-96.5,180
2024-06-03,40.0,-96.0,2160
2024-06-03,40.0,-95.5,1440
2024-06-03,40.0,-95.0,270
2024-06-03,40.0,-94.5,90
2024-06-03,40.0,-94.0,90
2024-06-03,40.0,-93.5,540
2024-06-03,40.0,-90.0,360
2024-06-03,40.0,-89.5,90
2024-06-03,40.0,-89.0,360
2024-06-03,40.0,-88.5,990
2024-06-03,40.0,-88.0,90
2024-06-03,40.0,-87.5,270
2024-06-03,40.0,-86.5,90
2024-06-03,40.0,-84.5,810
2024-06-03,40.0,-84.0,540
2024-06-03,40.0,-83.5,1350
2024-06-03,40.0,-83.0,540
2024-06-03,40.0,-82.5,630
2024-06-03,40.0,-82.0,180
2024-06-03,40.0,-77.5,90
2024-06-03,40.0,-72.0,90
2024-06-03,40.0,-67.5,180
2024-06-03,40.0,-66.0,90
2024-06-03,40.0,-65.5,90
2024-06-03,40.5,-121.0,180
2024-06-03,40.5,-120.5,180
2024-06-03,40.5,-119.0,270
2024-06-03,40.5,-118.5,90
2024-06-03,40.5,-117.5,90
2024-06-03,40.5,-117.0,180
2024-06-03,40.5,-116.0,90
2024-06-03,40.5,-115.5,90
2024-06-03,40.5,-115.0,270
2024-06-03,40.5,-114.5,180
2024-06-03,40.5,-112.5,180
2024-06-03,40.5,-110.0,630
2024-06-03,40.5,-109.5,270
2024-06-03,40.5,-109.0,90
2024-06-03,40.5,-107.5,180
2024-06-03,40.5,-106.5,180
2024-06-03,40.5,-106.0,360
2024-06-03,40.5,-105.5,630
2024-06-03,40.5,-105.0,270
2024-06-03,40.5,-104.5,90
2024-06-03,40.5,-104.0,360
2024-06-03,40.5,-103.5,90
2024-06-03,40.5,-103.0,90
2024-06-03,40.5,-102.0,360
2024-06-03,40.5,-101.5,360
2024-06-03,40.5,-101.0,270
2024-06-03,40.5,-100.5,450
2024-06-03,40.5,-100.0,180
2024-06-03,40.5,-99.5,810
2024-06-03,40.5,-99.0,1620
2024-06-03,40.5,-98.5,720
2024-06-03,40.5,-98.0,2520
2024-06-03,40.5,-97.5,1170
2024-06-03,40.5,-97.0,360
2024-06-03,40.5,-96.5,180
2024-06-03,40.5,-95.5,540
2024-06-03,40.5,-95.0,270
2024-06-03,40.5,-94.5,270
2024-06-03,40.5,-90.0,90
2024-06-03,40.5,-89.5,450
2024-06-03,40.5,-89.0,90
2024-06-03,40.5,-87.5,180
2024-06-03,40.5,-87.0,360
2024-06-03,40.5,-86.0,90
2024-06-03,40.5,-85.5,630
2024-06-03,40.5,-85.0,90
2024-06-03,40.5,-84.5,990
2024-06-03,40.5,-84.0,540
2024-06-03,40.5,-83.5,720
2024-06-03,40.5,-83.0,540
2024-06-03,40.5,-82.5,180
2024-06-03,40.5,-74.0,90
2024-06-03,40.5,-67.5,90
2024-06-03,40.5,-66.0,90
2024-06-03,41.0,-122.5,90
2024-06-03,41.0,-120.5,180
2024-06-03,41.0,-119.5,180
2024-06-03,41.0,-117.0,270
2024-06-03,41.0,-116.5,360
2024-06-03,41.0,-116.0,180
2024-06-03,41.0,-115.5,270
2024-06-03,41.0,-115.0,270
2024-06-03,41.0,-114.5,270
2024-06-03,41.0,-112.5,90
2024-06-03,41.0,-112.0,90
2024-06-03,41.0,-110.0,180
2024-06-03,41.0,-109.5,360
2024-06-03,41.0,-108.5,180
2024-06-03,41.0,-108.0,90
2024-06-03,41.0,-107.5,270
2024-06-03,41.0,-106.5,90
2024-06-03,41.0,-106.0,90
2024-06-03,41.0,-105.5,450
2024-06-03,41.0,-105.0,450
2024-06-03,41.0,-104.5,90
2024-06-03,41.0,-101.5,450
2024-06-03,41.0,-101.0,180
2024-06-03,41.0,-100.5,540
2024-06-03,41.0,-100.0,810
2024-06-03,41.0,-99.5,810
2024-06-03,41.0,-99.0,450
2024-06-03,41.0,-98.5,810
2024-06-03,41.0,-98.0,1440
2024-06-03,41.0,-97.5,1170
2024-06-03,41.0,-97.0,450
2024-06-03,41.0,-95.5,450
2024-06-03,41.0,-95.0,540
2024-06-03,41.0,-94.5,180
2024-06-03,41.0,-94.0,90
2024-06-03,41.0,-93.5,90
2024-06-03,41.0,-92.0,90
2024-06-03,41.0,-91.0,90
2024-06-03,41.0,-90.5,90
2024-06-03,41.0,-90.0,360
2024-06-03,41.0,-89.5,180
2024-06-03,41.0,-89.0,540
2024-06-03,41.0,-88.5,630
2024-06-03,41.0,-88.0,360
2024-06-03,41.0,-87.5,270
2024-06-03,41.0,-86.5,180
2024-06-03,41.0,-85.5,90
2024-06-03,41.0,-85.0,450
2024-06-03,41.0,-84.5,360
2024-06-03,41.0,-84.0,1350
2024-06-03,41.0,-83.5,90
2024-06-03,41.0,-83.0,270
2024-06-03,41.0,-82.5,180
2024-06-03,41.0,-73.5,90
2024-06-03,41.5,-122.5,90
2024-06-03,41.5,-122.0,450
2024-06-03,41.5,-121.5,90
2024-06-03,41.5,-121.0,90
2024-06-03,41.5,-120.5,90
2024-06-03,41.5,-119.5,90
2024-06-03,41.5,-119.0,90
2024-06-03,41.5,-118.0,90
2024-06-03,41.5,-117.5,90
2024-06-03,41.5,-117.0,360
2024-06-03,41.5,-116.5,90
2024-06-03,41.5,-116.0,450
2024-06-03,41.5,-115.5,360
2024-06-03,41.5,-115.0,360
2024-06-03,41.5,-114.5,180
2024-06-03,41.5,-114.0,270
2024-06-03,41.5,-113.5,90
2024-06-03,41.5,-113.0,90
2024-06-03,41.5,-112.5,90
2024-06-03,41.5,-112.0,90
2024-06-03,41.5,-107.5,90
2024-06-03,41.5,-107.0,180
2024-06-03,41.5,-106.5,180
2024-06-03,41.5,-106.0,90
2024-06-03,41.5,-105.5,360
2024-06-03,41.5,-103.0,450
2024-06-03,41.5,-102.0,270
2024-06-03,41.5,-101.5,360
2024-06-03,41.5,-101.0,450
2024-06-03,41.5,-100.5,630
2024-06-03,41.5,-100.0,990
2024-06-03,41.5,-99.5,1530
2024-06-03,41.5,-99.0,1260
2024-06-03,41.5,-98.5,990
2024-06-03,41.5,-98.0,360
2024-06-03,41.5,-95.5,180
2024-06-03,41.5,-94.5,900
2024-06-03,41.5,-94.0,360
2024-06-03,41.5,-93.5,270
2024-06-03,41.5,-92.5,90
2024-06-03,41.5,-92.0,90
2024-06-03,41.5,-91.0,540
2024-06-03,41.5,-90.5,540
2024-06-03,41.5,-90.0,180
2024-06-03,41.5,-89.5,90
2024-06-03,41.5,-88.5,180
2024-06-03,41.5,-88.0,360
2024-06-03,41.5,-87.5,270
2024-06-03,41.5,-87.0,90
2024-06-03,41.5,-86.0,90
2024-06-03,41.5,-85.5,180
2024-06-03,41.5,-85.0,270
2024-06-03,41.5,-84.5,270
2024-06-03,41.5,-84.0,90
2024-06-03,41.5,-83.5,630
2024-06-03,41.5,-82.5,450
2024-06-03,41.5,-82.0,450
2024-06-03,41.5,-81.5,180
2024-06-03,41.5,-81.0,90
2024-06-03,41.5,-80.5,270
2024-06-03,41.5,-74.5,90
2024-06-03,41.5,-74.0,360
2024-06-03,41.5,-73.5,270
2024-06-03,42.0,-120.5,90
2024-06-03,42.0,-120.0,90
2024-06-03,42.0,-119.5,270
2024-06-03,42.0,-119.0,360
2024-06-03,42.0,-118.0,90
2024-06-03,42.0,-117.5,180
2024-06-03,42.0,-116.5,270
2024-06-03,42.0,-116.0,180
2024-06-03,42.0,-115.5,90
2024-06-03,42.0,-115.0,90
2024-06-03,42.0,-114.0,90
2024-06-03,42.0,-113.5,90
2024-06-03,42.0,-112.0,270
2024-06-03,42.0,-111.5,270
2024-06-03,42.0,-108.0,270
2024-06-03,42.0,-107.0,180
2024-06-03,42.0,-106.5,360
2024-06-03,42.0,-106.0,270
2024-06-03,42.0,-105.5,180
2024-06-03,42.0,-105.0,90
2024-06-03,42.0,-104.0,180
2024-06-03,42.0,-103.5,270
2024-06-03,42.0,-103.0,90
2024-06-03,42.0,-102.0,720
2024-06-03,42.0,-101.5,270
2024-06-03,42.0,-101.0,450
2024-06-03,42.0,-100.5,810
2024-06-03,42.0,-100.0,900
2024-06-03,42.0,-99.5,450
2024-06-03,42.0,-98.5,180
2024-06-03,42.0,-98.0,270
2024-06-03,42.0,-97.5,180
2024-06-03,42.0,-97.0,90
2024-06-03,42.0,-96.5,180
2024-06-03,42.0,-94.5,2070
2024-06-03,42.0,-94.0,360
2024-06-03,42.0,-93.5,90
2024-06-03,42.0,-93.0,270
2024-06-03,42.0,-91.5,90
2024-06-03,42.0,-91.0,450
2024-06-03,42.0,-90.5,720
2024-06-03,42.0,-90.0,720
2024-06-03,42.0,-89.5,450
2024-06-03,42.0,-89.0,90
2024-06-03,42.0,-88.5,270
2024-06-03,42.0,-88.0,180
2024-06-03,42.0,-86.0,270
2024-06-03,42.0,-85.5,180
2024-06-03,42.0,-85.0,450
2024-06-03,42.0,-84.5,450
2024-06-03,42.0,-84.0,270
2024-06-03,42.0,-83.5,630
2024-06-03,42.0,-83.0,450
2024-06-03,42.0,-82.5,270
2024-06-03,42.0,-82.0,360
2024-06-03,42.0,-81.5,450
2024-06-03,42.0,-81.0,180
2024-06-03,42.0,-80.5,270
2024-06-03,42.0,-80.0,360
2024-06-03,42.0,-74.0,90
2024-06-03,42.0,-73.5,90
2024-06-03,42.5,-122.0,90
2024-06-03,42.5,-121.5,360
2024-06-03,42.5,-121.0,450
2024-06-03,42.5,-120.0,180
2024-06-03,42.5,-119.5,720
2024-06-03,42.5,-119.0,720
2024-06-03,42.5,-118.5,450
2024-06-03,42.5,-118.0,810
2024-06-03,42.5,-117.5,90
2024-06-03,42.5,-117.0,90
2024-06-03,42.5,-116.5,90
2024-06-03,42.5,-115.5,90
2024-06-03,42.5,-114.0,180
2024-06-03,42.5,-113.5,360
2024-06-03,42.5,-107.5,360
2024-06-03,42.5,-107.0,630
2024-06-03,42.5,-106.5,90
2024-06-03,42.5,-105.5,90
2024-06-03,42.5,-104.5,90
2024-06-03,42.5,-101.5,360
2024-06-03,42.5,-101.0,90
2024-06-03,42.5,-100.5,360
2024-06-03,42.5,-99.5,270
2024-06-03,42.5,-97.0,540
2024-06-03,42.5,-96.5,720
2024-06-03,42.5,-96.0,360
2024-06-03,42.5,-94.5,720
2024-06-03,42.5,-93.5,450
2024-06-03,42.5,-93.0,360
2024-06-03,42.5,-92.5,270
2024-06-03,42.5,-92.0,90
2024-06-03,42.5,-91.5,540
2024-06-03,42.5,-91.0,720
2024-06-03,42.5,-90.5,1530
2024-06-03,42.5,-90.0,270
2024-06-03,42.5,-89.5,1170
2024-06-03,42.5,-89.0,900
2024-06-03,42.5,-88.5,540
2024-06-03,42.5,-88.0,270
2024-06-03,42.5,-85.5,180
2024-06-03,42.5,-85.0,180
2024-06-03,42.5,-84.5,270
2024-06-03,42.5,-84.0,360
2024-06-03,42.5,-83.5,540
2024-06-03,42.5,-83.0,270
2024-06-03,42.5,-82.5,360
2024-06-03,42.5,-82.0,270
2024-06-03,42.5,-81.5,360
2024-06-03,42.5,-81.0,180
2024-06-03,42.5,-80.5,720
2024-06-03,42.5,-76.5,180
2024-06-03,42.5,-76.0,180
2024-06-03,42.5,-75.5,90
2024-06-03,42.5,-75.0,630
2024-06-03,42.5,-74.5,90
2024-06-03,42.5,-74.0,810
2024-06-03,42.5,-73.5,90
2024-06-03,42.5,-71.0,180
2024-06-03,43.0,-122.0,90
2024-06-03,43.0,-121.5,180
2024-06-03,43.0,-121.0,90
2024-06-03,43.0,-120.5,90
2024-06-03,43.0,-120.0,180
2024-06-03,43.0,-119.5,270
2024-06-03,43.0,-119.0,90
2024-06-03,43.0,-118.5,540
2024-06-03,43.0,-118.0,360
2024-06-03,43.0,-117.5,90
2024-06-03,43.0,-117.0,90
2024-06-03,43.0,-115.5,180
2024-06-03,43.0,-112.5,90
2024-06-03,43.0,-109.0,90
2024-06-03,43.0,-108.0,90
2024-06-03,43.0,-107.5,360
2024-06-03,43.0,-106.5,90
2024-06-03,43.0,-105.0,90
2024-06-03,43.0,-102.0,90
2024-06-03,43.0,-101.5,810
2024-06-03,43.0,-101.0,1080
2024-06-03,43.0,-100.5,1890
2024-06-03,43.0,-100.0,270
2024-06-03,43.0,-99.5,180
2024-06-03,43.0,-97.0,180
2024-06-03,43.0,-96.5,1080
2024-06-03,43.0,-96.0,900
2024-06-03,43.0,-95.5,1260
2024-06-03,43.0,-95.0,360
2024-06-03,43.0,-94.5,1170
2024-06-03,43.0,-94.0,540
2024-06-03,43.0,-93.5,360
2024-06-03,43.0,-93.0,810
2024-06-03,43.0,-92.5,720
2024-06-03,43.0,-91.5,1350
2024-06-03,43.0,-91.0,180
2024-06-03,43.0,-90.5,270
2024-06-03,43.0,-90.0,1170
2024-06-03,43.0,-89.5,990
2024-06-03,43.0,-89.0,810
2024-06-03,43.0,-88.5,900
2024-06-03,43.0,-88.0,270
2024-06-03,43.0,-87.5,90
2024-06-03,43.0,-87.0,180
2024-06-03,43.0,-85.5,180
2024-06-03,43.0,-84.5,360
2024-06-03,43.0,-84.0,90
2024-06-03,43.0,-83.0,360
2024-06-03,43.0,-82.5,180
2024-06-03,43.0,-81.5,90
2024-06-03,43.0,-81.0,90
2024-06-03,43.0,-80.5,90
2024-06-03,43.0,-79.5,270
2024-06-03,43.0,-79.0,90
2024-06-03,43.0,-78.5,180
2024-06-03,43.0,-77.5,90
2024-06-03,43.0,-77.0,90
2024-06-03,43.0,-76.5,90
2024-06-03,43.0,-75.5,450
2024-06-03,43.0,-75.0,360
2024-06-03,43.0,-74.5,360
2024-06-03,43.0,-74.0,180
2024-06-03,43.0,-73.5,450
2024-06-03,43.0,-72.5,180
2024-06-03,43.0,-72.0,180
2024-06-03,43.0,-71.5,360
2024-06-03,43.0,-71.0,1260
2024-06-03,43.5,-120.5,90
2024-06-03,43.5,-120.0,90
2024-06-03,43.5,-119.5,90
2024-06-03,43.5,-119.0,360
2024-06-03,43.5,-118.5,270
2024-06-03,43.5,-118.0,180
2024-06-03,43.5,-117.5,90
2024-06-03,43.5,-117.0,90
2024-06-03,43.5,-116.5,90
2024-06-03,43.5,-112.5,270
2024-06-03,43.5,-112.0,270
2024-06-03,43.5,-111.0,180
2024-06-03,43.5,-110.5,90
2024-06-03,43.5,-107.0,90
2024-06-03,43.5,-102.0,270
2024-06-03,43.5,-101.0,540
2024-06-03,43.5,-100.5,450
2024-06-03,43.5,-100.0,630
2024-06-03,43.5,-99.5,1620
2024-06-03,43.5,-99.0,810
2024-06-03,43.5,-98.5,720
2024-06-03,43.5,-98.0,810
2024-06-03,43.5,-97.0,630
2024-06-03,43.5,-96.5,540
2024-06-03,43.5,-96.0,720
2024-06-03,43.5,-95.5,1260
2024-06-03,43.5,-95.0,270
2024-06-03,43.5,-94.5,630
2024-06-03,43.5,-93.0,810
2024-06-03,43.5,-92.5,450
2024-06-03,43.5,-92.0,180
2024-06-03,43.5,-91.5,180
2024-06-03,43.5,-91.0,180
2024-06-03,43.5,-90.5,270
2024-06-03,43.5,-90.0,90
2024-06-03,43.5,-89.5,90
2024-06-03,43.5,-89.0,270
2024-06-03,43.5,-88.5,630
2024-06-03,43.5,-88.0,90
2024-06-03,43.5,-87.5,180
2024-06-03,43.5,-87.0,90
2024-06-03,43.5,-86.5,90
2024-06-03,43.5,-86.0,90
2024-06-03,43.5,-84.5,270
2024-06-03,43.5,-84.0,270
2024-06-03,43.5,-83.0,630
2024-06-03,43.5,-82.5,90
2024-06-03,43.5,-79.0,90
2024-06-03,43.5,-75.0,180
2024-06-03,43.5,-74.5,90
2024-06-03,43.5,-74.0,90
2024-06-03,43.5,-73.5,450
2024-06-03,43.5,-73.0,90
2024-06-03,43.5,-72.5,90
2024-06-03,43.5,-71.5,90
2024-06-03,43.5,-71.0,270
2024-06-03,43.5,-70.5,810
2024-06-03,44.0,-120.0,90
2024-06-03,44.0,-119.5,90
2024-06-03,44.0,-118.5,90
2024-06-03,44.0,-115.0,180
2024-06-03,44.0,-114.0,90
2024-06-03,44.0,-113.0,90
2024-06-03,44.0,-112.5,180
2024-06-03,44.0,-111.5,90
2024-06-03,44.0,-106.0,90
2024-06-03,44.0,-104.0,90
2024-06-03,44.0,-102.5,360
2024-06-03,44.0,-102.0,180
2024-06-03,44.0,-101.5,720
2024-06-03,44.0,-101.0,360
2024-06-03,44.0,-100.0,90
2024-06-03,44.0,-99.0,630
2024-06-03,44.0,-98.5,90
2024-06-03,44.0,-98.0,720
2024-06-03,44.0,-97.5,90
2024-06-03,44.0,-97.0,90
2024-06-03,44.0,-96.5,360
2024-06-03,44.0,-96.0,270
2024-06-03,44.0,-95.5,360
2024-06-03,44.0,-95.0,450
2024-06-03,44.0,-94.5,90
2024-06-03,44.0,-94.0,90
2024-06-03,44.0,-93.5,810
2024-06-03,44.0,-93.0,720
2024-06-03,44.0,-92.5,1710
2024-06-03,44.0,-92.0,450
2024-06-03,44.0,-91.5,360
2024-06-03,44.0,-91.0,90
2024-06-03,44.0,-90.5,90
2024-06-03,44.0,-90.0,270
2024-06-03,44.0,-89.5,180
2024-06-03,44.0,-89.0,90
2024-06-03,44.0,-88.5,360
2024-06-03,44.0,-88.0,360
2024-06-03,44.0,-87.5,180
2024-06-03,44.0,-87.0,360
2024-06-03,44.0,-86.5,720
2024-06-03,44.0,-84.5,90
2024-06-03,44.0,-84.0,450
2024-06-03,44.0,-83.5,450
2024-06-03,44.0,-83.0,90
2024-06-03,44.0,-82.5,270
2024-06-03,44.0,-78.0,90
2024-06-03,44.0,-77.5,270
2024-06-03,44.0,-77.0,450
2024-06-03,44.0,-76.5,90
2024-06-03,44.0,-75.5,90
2024-06-03,44.0,-75.0,270
2024-06-03,44.0,-74.5,180
2024-06-03,44.0,-74.0,90
2024-06-03,44.0,-73.5,1080
2024-06-03,44.0,-73.0,90
2024-06-03,44.0,-72.5,270
2024-06-03,44.0,-72.0,270
2024-06-03,44.0,-71.0,360
2024-06-03,44.0,-69.5,630
2024-06-03,44.0,-69.0,90
2024-06-03,44.5,-116.0,90
2024-06-03,44.5,-115.5,90
2024-06-03,44.5,-111.5,90
2024-06-03,44.5,-111.0,90
2024-06-03,44.5,-110.5,90
2024-06-03,44.5,-103.0,90
2024-06-03,44.5,-102.5,90
2024-06-03,44.5,-99.0,1080
2024-06-03,44.5,-98.5,180
2024-06-03,44.5,-98.0,540
2024-06-03,44.5,-97.5,810
2024-06-03,44.5,-97.0,2970
2024-06-03,44.5,-96.5,900
2024-06-03,44.5,-96.0,1440
2024-06-03,44.5,-95.5,1080
2024-06-03,44.5,-95.0,3150
2024-06-03,44.5,-94.5,2160
2024-06-03,44.5,-94.0,360
2024-06-03,44.5,-93.5,540
2024-06-03,44.5,-93.0,810
2024-06-03,44.5,-92.5,1080
2024-06-03,44.5,-92.0,450
2024-06-03,44.5,-91.5,1620
2024-06-03,44.5,-91.0,450
2024-06-03,44.5,-90.5,1890
2024-06-03,44.5,-90.0,810
2024-06-03,44.5,-89.5,990
2024-06-03,44.5,-89.0,180
2024-06-03,44.5,-88.5,450
2024-06-03,44.5,-88.0,180
2024-06-03,44.5,-87.5,180
2024-06-03,44.5,-87.0,90
2024-06-03,44.5,-86.5,90
2024-06-03,44.5,-86.0,270
2024-06-03,44.5,-85.5,90
2024-06-03,44.5,-84.5,90
2024-06-03,44.5,-84.0,180
2024-06-03,44.5,-83.5,90
2024-06-03,44.5,-83.0,90
2024-06-03,44.5,-82.5,180
2024-06-03,44.5,-81.5,90
2024-06-03,44.5,-77.0,180
2024-06-03,44.5,-76.5,90
2024-06-03,44.5,-76.0,90
2024-06-03,44.5,-74.5,450
2024-06-03,44.5,-74.0,630
2024-06-03,44.5,-73.5,630
2024-06-03,44.5,-73.0,360
2024-06-03,44.5,-72.5,270
2024-06-03,44.5,-71.0,90
2024-06-03,44.5,-70.5,270
2024-06-03,44.5,-69.5,270
2024-06-03,44.5,-69.0,630
2024-06-03,44.5,-68.5,90
2024-06-03,44.5,-68.0,180
2024-06-03,44.5,-65.5,90
2024-06-03,45.0,-120.0,90
2024-06-03,45.0,-117.5,90
2024-06-03,45.0,-115.5,450
2024-06-03,45.0,-115.0,90
2024-06-03,45.0,-114.5,90
2024-06-03,45.0,-111.5,360
2024-06-03,45.0,-111.0,180
2024-06-03,45.0,-110.0,90
2024-06-03,45.0,-108.5,90
2024-06-03,45.0,-107.0,90
2024-06-03,45.0,-106.5,90
2024-06-03,45.0,-102.5,90
2024-06-03,45.0,-102.0,180
2024-06-03,45.0,-101.0,540
2024-06-03,45.0,-100.0,90
2024-06-03,45.0,-99.5,90
2024-06-03,45.0,-98.5,450
2024-06-03,45.0,-98.0,540
2024-06-03,45.0,-97.5,810
2024-06-03,45.0,-97.0,630
2024-06-03,45.0,-96.5,1170
2024-06-03,45.0,-96.0,990
2024-06-03,45.0,-95.5,2250
2024-06-03,45.0,-95.0,1530
2024-06-03,45.0,-94.5,1080
2024-06-03,45.0,-94.0,180
2024-06-03,45.0,-93.5,1350
2024-06-03,45.0,-93.0,1080
2024-06-03,45.0,-92.5,1440
2024-06-03,45.0,-92.0,900
2024-06-03,45.0,-91.5,810
2024-06-03,45.0,-91.0,990
2024-06-03,45.0,-90.5,630
2024-06-03,45.0,-90.0,720
2024-06-03,45.0,-89.5,270
2024-06-03,45.0,-89.0,630
2024-06-03,45.0,-88.5,810
2024-06-03,45.0,-84.0,180
2024-06-03,45.0,-82.5,180
2024-06-03,45.0,-81.5,90
2024-06-03,45.0,-80.0,90
2024-06-03,45.0,-77.0,90
2024-06-03,45.0,-76.5,90
2024-06-03,45.0,-76.0,180
2024-06-03,45.0,-75.5,630
2024-06-03,45.0,-75.0,90
2024-06-03,45.0,-74.5,990
2024-06-03,45.0,-74.0,990
2024-06-03,45.0,-73.5,360
2024-06-03,45.0,-73.0,360
2024-06-03,45.0,-72.5,180
2024-06-03,45.0,-72.0,90
2024-06-03,45.0,-71.5,90
2024-06-03,45.0,-71.0,360
2024-06-03,45.0,-70.5,180
2024-06-03,45.0,-69.5,540
2024-06-03,45.0,-69.0,540
2024-06-03,45.0,-68.5,720
2024-06-03,45.0,-68.0,180
2024-06-03,45.0,-66.5,90
2024-06-03,45.0,-66.0,90
2024-06-03,45.5,-115.5,90
2024-06-03,45.5,-114.5,90
2024-06-03,45.5,-114.0,90
2024-06-03,45.5,-107.0,90
2024-06-03,45.5,-103.0,630
2024-06-03,45.5,-102.5,360
2024-06-03,45.5,-102.0,630
2024-06-03,45.5,-101.5,180
2024-06-03,45.5,-101.0,270
2024-06-03,45.5,-99.0,900
2024-06-03,45.5,-98.5,2520
2024-06-03,45.5,-98.0,1800
2024-06-03,45.5,-97.5,180
2024-06-03,45.5,-97.0,540
2024-06-03,45.5,-96.5,540
2024-06-03,45.5,-96.0,1530
2024-06-03,45.5,-95.5,450
2024-06-03,45.5,-95.0,270
2024-06-03,45.5,-94.5,630
2024-06-03,45.5,-94.0,1260
2024-06-03,45.5,-93.5,1440
2024-06-03,45.5,-93.0,1800
2024-06-03,45.5,-92.5,1080
2024-06-03,45.5,-92.0,630
2024-06-03,45.5,-91.5,540
2024-06-03,45.5,-91.0,810
2024-06-03,45.5,-90.5,270
2024-06-03,45.5,-90.0,720
2024-06-03,45.5,-89.5,180
2024-06-03,45.5,-89.0,270
2024-06-03,45.5,-88.5,180
2024-06-03,45.5,-88.0,90
2024-06-03,45.5,-87.5,270
2024-06-03,45.5,-87.0,270
2024-06-03,45.5,-84.5,90
2024-06-03,45.5,-84.0,90
2024-06-03,45.5,-81.5,180
2024-06-03,45.5,-81.0,180
2024-06-03,45.5,-80.5,180
2024-06-03,45.5,-79.5,90
2024-06-03,45.5,-77.5,90
2024-06-03,45.5,-76.0,90
2024-06-03,45.5,-75.5,360
2024-06-03,45.5,-75.0,540
2024-06-03,45.5,-74.5,360
2024-06-03,45.5,-74.0,360
2024-06-03,45.5,-73.5,360
2024-06-03,45.5,-72.5,450
2024-06-03,45.5,-72.0,900
2024-06-03,45.5,-71.5,180
2024-06-03,45.5,-70.0,270
2024-06-03,45.5,-69.5,180
2024-06-03,45.5,-69.0,450
2024-06-03,45.5,-68.5,90
2024-06-03,45.5,-66.5,180
2024-06-03,45.5,-66.0,90
2024-06-03,46.0,-114.0,90
2024-06-03,46.0,-109.0,90
2024-06-03,46.0,-108.5,360
2024-06-03,46.0,-107.5,180
2024-06-03,46.0,-105.5,90
2024-06-03,46.0,-104.0,180
2024-06-03,46.0,-103.5,90
2024-06-03,46.0,-103.0,270
2024-06-03,46.0,-102.5,270
2024-06-03,46.0,-102.0,360
2024-06-03,46.0,-101.5,450
2024-06-03,46.0,-101.0,270
2024-06-03,46.0,-100.5,900
2024-06-03,46.0,-100.0,270
2024-06-03,46.0,-99.5,450
2024-06-03,46.0,-99.0,720
2024-06-03,46.0,-98.5,1620
2024-06-03,46.0,-98.0,810
2024-06-03,46.0,-97.5,1170
2024-06-03,46.0,-97.0,630
2024-06-03,46.0,-96.5,1170
2024-06-03,46.0,-96.0,1440
2024-06-03,46.0,-95.5,1980
2024-06-03,46.0,-95.0,1800
2024-06-03,46.0,-94.5,1080
2024-06-03,46.0,-94.0,630
2024-06-03,46.0,-93.5,540
2024-06-03,46.0,-93.0,630
2024-06-03,46.0,-92.5,1260
2024-06-03,46.0,-92.0,540
2024-06-03,46.0,-91.5,630
2024-06-03,46.0,-91.0,270
2024-06-03,46.0,-90.5,90
2024-06-03,46.0,-90.0,180
2024-06-03,46.0,-89.5,180
2024-06-03,46.0,-89.0,90
2024-06-03,46.0,-88.5,90
2024-06-03,46.0,-87.5,720
2024-06-03,46.0,-86.5,180
2024-06-03,46.0,-86.0,90
2024-06-03,46.0,-85.0,90
2024-06-03,46.0,-78.0,90
2024-06-03,46.0,-75.5,90
2024-06-03,46.0,-75.0,180
2024-06-03,46.0,-74.5,180
2024-06-03,46.0,-73.5,180
2024-06-03,46.0,-73.0,1170
2024-06-03,46.0,-72.5,360
2024-06-03,46.0,-72.0,1350
2024-06-03,46.0,-71.5,630
2024-06-03,46.0,-65.5,90
2024-06-03,46.5,-108.5,450
2024-06-03,46.5,-103.0,90
2024-06-03,46.5,-102.5,90
2024-06-03,46.5,-102.0,90
2024-06-03,46.5,-101.5,630
2024-06-03,46.5,-101.0,630
2024-06-03,46.5,-100.5,1440
2024-06-03,46.5,-99.5,630
2024-06-03,46.5,-99.0,270
2024-06-03,46.5,-98.5,450
2024-06-03,46.5,-98.0,270
2024-06-03,46.5,-97.5,630
2024-06-03,46.5,-97.0,450
2024-06-03,46.5,-96.5,630
2024-06-03,46.5,-96.0,450
2024-06-03,46.5,-95.5,180
2024-06-03,46.5,-95.0,720
2024-06-03,46.5,-94.5,900
2024-06-03,46.5,-94.0,540
2024-06-03,46.5,-93.5,270
2024-06-03,46.5,-93.0,360
2024-06-03,46.5,-92.5,1080
2024-06-03,46.5,-92.0,270
2024-06-03,46.5,-91.5,180
2024-06-03,46.5,-91.0,270
2024-06-03,46.5,-90.5,270
2024-06-03,46.5,-89.5,90
2024-06-03,46.5,-89.0,90
2024-06-03,46.5,-82.0,180
2024-06-03,46.5,-81.5,270
2024-06-03,46.5,-81.0,270
2024-06-03,46.5,-80.0,90
2024-06-03,46.5,-79.5,90
2024-06-03,46.5,-75.0,90
2024-06-03,46.5,-74.0,90
2024-06-03,46.5,-73.5,180
2024-06-03,46.5,-73.0,90
2024-06-03,46.5,-72.5,180
2024-06-03,46.5,-72.0,180
2024-06-03,46.5,-71.5,180
2024-06-03,46.5,-70.5,90
2024-06-03,47.0,-119.0,90
2024-06-03,47.0,-110.0,90
2024-06-03,47.0,-108.0,90
2024-06-03,47.0,-104.5,90
2024-06-03,47.0,-103.5,90
2024-06-03,47.0,-102.5,90
2024-06-03,47.0,-102.0,810
2024-06-03,47.0,-101.5,540
2024-06-03,47.0,-101.0,90
2024-06-03,47.0,-100.5,90
2024-06-03,47.0,-100.0,270
2024-06-03,47.0,-99.5,540
2024-06-03,47.0,-99.0,450
2024-06-03,47.0,-97.5,90
2024-06-03,47.0,-97.0,450
2024-06-03,47.0,-96.0,360
2024-06-03,47.0,-95.5,630
2024-06-03,47.0,-95.0,540
2024-06-03,47.0,-94.5,180
2024-06-03,47.0,-94.0,360
2024-06-03,47.0,-93.5,360
2024-06-03,47.0,-93.0,180
2024-06-03,47.0,-92.5,270
2024-06-03,47.0,-92.0,180
2024-06-03,47.0,-91.0,90
2024-06-03,47.0,-88.5,450
2024-06-03,47.0,-88.0,90
2024-06-03,47.0,-83.5,90
2024-06-03,47.0,-83.0,180
2024-06-03,47.0,-81.0,90
2024-06-03,47.0,-78.5,90
2024-06-03,47.0,-73.0,90
2024-06-03,47.0,-71.5,180
2024-06-03,47.5,-116.5,180
2024-06-03,47.5,-109.0,90
2024-06-03,47.5,-103.5,90
2024-06-03,47.5,-103.0,90
2024-06-03,47.5,-102.5,180
2024-06-03,47.5,-101.5,90
2024-06-03,47.5,-100.5,90
2024-06-03,47.5,-100.0,90
2024-06-03,47.5,-99.0,180
2024-06-03,47.5,-97.5,90
2024-06-03,47.5,-97.0,180
2024-06-03,47.5,-96.5,450
2024-06-03,47.5,-96.0,540
2024-06-03,47.5,-95.5,90
2024-06-03,47.5,-95.0,450
2024-06-03,47.5,-94.5,360
2024-06-03,47.5,-94.0,90
2024-06-03,47.5,-93.5,90
2024-06-03,47.5,-92.5,180
2024-06-03,47.5,-92.0,90
2024-06-03,47.5,-82.5,90
2024-06-03,47.5,-81.5,90
2024-06-03,47.5,-81.0,180
2024-06-03,47.5,-76.0,90
2024-06-03,47.5,-75.0,90
2024-06-03,47.5,-74.5,180
2024-06-03,47.5,-74.0,90
2024-06-03,47.5,-73.0,90
2024-06-03,47.5,-72.0,90
2024-06-03,48.0,-117.0,90
2024-06-03,48.0,-109.0,90
2024-06-03,48.0,-105.0,90
2024-06-03,48.0,-103.0,180
2024-06-03,48.0,-102.5,180
2024-06-03,48.0,-102.0,90
2024-06-03,48.0,-101.5,90
2024-06-03,48.0,-97.0,90
2024-06-03,48.0,-96.5,270
2024-06-03,48.0,-96.0,540
2024-06-03,48.0,-95.5,360
2024-06-03,48.0,-95.0,90
2024-06-03,48.0,-94.5,180
2024-06-03,48.0,-94.0,180
2024-06-03,48.0,-93.5,180
2024-06-03,48.0,-93.0,270
2024-06-03,48.0,-92.5,270
2024-06-03,48.0,-92.0,180
2024-06-03,48.0,-91.5,90
2024-06-03,48.0,-91.0,90
2024-06-03,48.0,-90.5,180
2024-06-03,48.0,-90.0,180
2024-06-03,48.0,-84.0,180
2024-06-03,48.0,-82.5,90
2024-06-03,48.0,-81.5,90
2024-06-03,48.0,-76.0,180
2024-06-03,48.0,-73.5,90
2024-06-03,48.0,-72.5,180
2024-06-03,48.0,-71.0,90
2024-06-03,48.5,-104.5,90
2024-06-03,48.5,-102.5,90
2024-06-03,48.5,-97.0,90
2024-06-03,48.5,-96.5,180
2024-06-03,48.5,-96.0,360
2024-06-03,48.5,-95.5,450
2024-06-03,48.5,-95.0,450
2024-06-03,48.5,-94.5,450
2024-06-03,48.5,-94.0,270
2024-06-03,48.5,-93.5,450
2024-06-03,48.5,-93.0,90
2024-06-03,48.5,-92.5,90
2024-06-03,48.5,-92.0,450
2024-06-03,48.5,-91.0,270
2024-06-03,48.5,-88.5,90
2024-06-03,48.5,-85.5,90
2024-06-03,48.5,-82.5,90
2024-06-03,48.5,-82.0,90
2024-06-03,48.5,-80.5,90
2024-06-03,48.5,-80.0,90
2024-06-03,48.5,-79.0,90
2024-06-03,48.5,-78.5,90
2024-06-03,48.5,-78.0,90
2024-06-03,48.5,-77.0,180
2024-06-03,48.5,-76.5,90
2024-06-03,48.5,-74.5,90
2024-06-03,48.5,-74.0,90
2024-06-03,48.5,-73.5,90
2024-06-03,48.5,-71.0,180
2024-06-03,48.5,-70.0,180
2024-06-03,49.0,-99.0,180
2024-06-03,49.0,-97.5,90
2024-06-03,49.0,-96.5,90
2024-06-03,49.0,-95.0,90
2024-06-03,49.0,-94.5,720
2024-06-03,49.0,-94.0,180
2024-06-03,49.0,-93.5,540
2024-06-03,49.0,-92.5,90
2024-06-03,49.0,-92.0,90
2024-06-03,49.0,-91.5,360
2024-06-03,49.0,-91.0,180
2024-06-03,49.0,-90.5,180
2024-06-03,49.0,-80.5,90
2024-06-03,49.0,-79.0,90
2024-06-03,49.0,-77.5,180
2024-06-03,49.0,-77.0,270
2024-06-03,49.0,-74.0,90
2024-06-03,49.0,-70.0,90
2024-06-03,49.5,-99.5,90
2024-06-03,49.5,-95.5,180
2024-06-03,49.5,-94.0,270
2024-06-03,49.5,-93.5,450
2024-06-03,49.5,-93.0,540
2024-06-03,49.5,-92.0,90
2024-06-03,49.5,-91.5,180
2024-06-03,49.5,-83.5,90
2024-06-03,49.5,-79.0,180
2024-06-03,49.5,-78.5,90
2024-06-03,49.5,-78.0,90
2024-06-03,49.5,-77.5,180
2024-06-03,49.5,-77.0,180
2024-06-03,49.5,-76.0,90
2024-06-03,49.5,-75.5,180
2024-06-03,49.5,-70.5,180
2024-06-03,49.5,-70.0,90
2024-06-03,49.5,-69.5,180
2024-06-03,49.5,-69.0,90
2024-06-03,50.0,-107.0,90
2024-06-03,50.0,-105.5,180
2024-06-03,50.0,-104.5,450
2024-06-03,50.0,-103.5,540
2024-06-03,50.0,-102.5,90
2024-06-03,50.0,-101.5,90
2024-06-03,50.0,-100.5,180
2024-06-03,50.0,-96.0,180
2024-06-03,50.0,-95.5,180
2024-06-03,50.0,-94.0,180
2024-06-03,50.0,-93.5,270
2024-06-03,50.0,-92.5,180
2024-06-03,50.0,-92.0,90
2024-06-03,50.0,-91.0,180
2024-06-03,50.0,-90.5,90
2024-06-03,50.0,-82.0,90
2024-06-03,50.0,-76.5,90
2024-06-03,50.0,-76.0,90
2024-06-03,50.0,-73.5,90
2024-06-03,50.0,-70.0,180
2024-06-03,50.0,-69.0,270
2024-06-03,50.0,-68.5,90
2024-06-03,50.5,-109.0,90
2024-06-03,50.5,-108.5,270
2024-06-03,50.5,-108.0,90
2024-06-03,50.5,-107.5,180
2024-06-03,50.5,-107.0,180
2024-06-03,50.5,-106.5,810
2024-06-03,50.5,-106.0,90
2024-06-03,50.5,-105.5,1080
2024-06-03,50.5,-105.0,180
2024-06-03,50.5,-104.5,270
2024-06-03,50.5,-104.0,450
2024-06-03,50.5,-103.5,180
2024-06-03,50.5,-103.0,90
2024-06-03,50.5,-102.5,180
2024-06-03,50.5,-101.0,90
2024-06-03,50.5,-100.0,180
2024-06-03,50.5,-99.0,270
2024-06-03,50.5,-98.0,180
2024-06-03,50.5,-97.5,90
2024-06-03,50.5,-94.0,90
2024-06-03,50.5,-92.5,900
2024-06-03,50.5,-91.5,180
2024-06-03,50.5,-90.0,180
2024-06-03,50.5,-86.5,180
2024-06-03,50.5,-77.5,90
2024-06-03,50.5,-77.0,90
2024-06-03,50.5,-76.5,180
2024-06-03,50.5,-70.0,90
2024-06-03,50.5,-69.5,270
2024-06-03,50.5,-67.5,90
2024-06-03,50.5,-67.0,90
2024-06-03,50.5,-66.5,90
2024-06-03,51.0,-115.0,90
2024-06-03,51.0,-110.0,180
2024-06-03,51.0,-109.0,90
2024-06-03,51.0,-107.5,540
2024-06-03,51.0,-106.5,360
2024-06-03,51.0,-105.5,90
2024-06-03,51.0,-104.5,90
2024-06-03,51.0,-103.5,90
2024-06-03,51.0,-103.0,90
2024-06-03,51.0,-99.5,90
2024-06-03,51.0,-99.0,90
2024-06-03,51.0,-95.5,90
2024-06-03,51.0,-94.5,90
2024-06-03,51.0,-92.0,90
2024-06-03,51.0,-90.5,90
2024-06-03,51.0,-90.0,90
2024-06-03,51.0,-76.5,270
2024-06-03,51.0,-76.0,900
2024-06-03,51.0,-70.5,90
2024-06-03,51.0,-68.0,360
2024-06-03,51.0,-67.5,90
2024-06-03,51.0,-67.0,90
2024-06-03,51.5,-113.0,90
2024-06-03,51.5,-111.0,180
2024-06-03,51.5,-110.5,90
2024-06-03,51.5,-110.0,180
2024-06-03,51.5,-109.5,180
2024-06-03,51.5,-109.0,90
2024-06-03,51.5,-105.0,180
2024-06-03,51.5,-103.5,90
2024-06-03,51.5,-102.0,180
2024-06-03,51.5,-98.0,270
2024-06-03,51.5,-92.5,90
2024-06-03,51.5,-92.0,90
2024-06-03,51.5,-90.5,90
2024-06-03,51.5,-90.0,180
2024-06-03,51.5,-89.5,270
2024-06-03,51.5,-89.0,180
2024-06-03,51.5,-88.0,90
2024-06-03,51.5,-87.5,90
2024-06-03,51.5,-81.5,90
2024-06-03,51.5,-79.0,360
2024-06-03,51.5,-78.5,360
2024-06-03,51.5,-78.0,90
2024-06-03,51.5,-77.0,180
2024-06-03,51.5,-76.5,360
2024-06-03,51.5,-75.5,360
2024-06-03,51.5,-74.5,180
2024-06-03,51.5,-74.0,270
2024-06-03,51.5,-73.5,90
2024-06-03,51.5,-73.0,90
2024-06-03,51.5,-72.0,90
2024-06-03,51.5,-69.5,180
2024-06-03,51.5,-68.0,90
2024-06-03,51.5,-67.0,90
2024-06-03,52.0,-119.5,90
2024-06-03,52.0,-115.5,90
2024-06-03,52.0,-112.5,90
2024-06-03,52.0,-112.0,90
2024-06-03,52.0,-111.5,180
2024-06-03,52.0,-111.0,270
2024-06-03,52.0,-110.5,180
2024-06-03,52.0,-110.0,90
2024-06-03,52.0,-105.5,180
2024-06-03,52.0,-105.0,90
2024-06-03,52.0,-104.5,90
2024-06-03,52.0,-104.0,180
2024-06-03,52.0,-103.5,180
2024-06-03,52.0,-103.0,270
2024-06-03,52.0,-102.5,270
2024-06-03,52.0,-101.5,450
2024-06-03,52.0,-101.0,360
2024-06-03,52.0,-100.5,720
2024-06-03,52.0,-90.0,90
2024-06-03,52.0,-89.0,90
2024-06-03,52.0,-88.5,180
2024-06-03,52.0,-80.0,180
2024-06-03,52.0,-79.5,180
2024-06-03,52.0,-79.0,180
2024-06-03,52.0,-77.5,90
2024-06-03,52.0,-76.0,630
2024-06-03,52.0,-75.5,1440
2024-06-03,52.0,-75.0,270
2024-06-03,52.0,-71.0,90
2024-06-03,52.0,-69.0,180
2024-06-03,52.5,-113.0,90
2024-06-03,52.5,-112.5,630
2024-06-03,52.5,-112.0,450
2024-06-03,52.5,-111.5,180
2024-06-03,52.5,-111.0,540
2024-06-03,52.5,-110.5,270
2024-06-03,52.5,-110.0,90
2024-06-03,52.5,-109.5,90
2024-06-03,52.5,-106.5,180
2024-06-03,52.5,-106.0,90
2024-06-03,52.5,-105.5,360
2024-06-03,52.5,-105.0,180
2024-06-03,52.5,-104.0,90
2024-06-03,52.5,-102.5,90
2024-06-03,52.5,-102.0,90
2024-06-03,52.5,-101.5,90
2024-06-03,52.5,-101.0,360
2024-06-03,52.5,-96.0,90
2024-06-03,52.5,-90.0,90
2024-06-03,52.5,-87.5,180
2024-06-03,52.5,-87.0,90
2024-06-03,52.5,-81.5,90
2024-06-03,52.5,-81.0,90
2024-06-03,52.5,-76.5,90
2024-06-03,52.5,-75.5,360
2024-06-03,52.5,-75.0,90
2024-06-03,52.5,-72.5,90
2024-06-03,52.5,-69.0,90
2024-06-03,53.0,-116.5,90
2024-06-03,53.0,-114.0,360
2024-06-03,53.0,-113.5,270
2024-06-03,53.0,-113.0,90
2024-06-03,53.0,-112.5,90
2024-06-03,53.0,-112.0,360
2024-06-03,53.0,-106.5,180
2024-06-03,53.0,-90.0,180
2024-06-03,53.0,-88.5,90
2024-06-03,53.0,-88.0,90
2024-06-03,53.0,-87.5,180
2024-06-03,53.0,-87.0,450
2024-06-03,53.0,-86.5,90
2024-06-03,53.0,-84.0,90
2024-06-03,53.0,-83.0,90
2024-06-03,53.0,-82.5,90
2024-06-03,53.0,-82.0,90
2024-06-03,53.0,-80.0,90
2024-06-03,53.0,-78.5,90
2024-06-03,53.0,-74.5,90
2024-06-03,53.0,-74.0,90
2024-06-03,53.0,-73.0,360
2024-06-03,53.0,-72.5,540
2024-06-03,53.0,-71.5,90
2024-06-03,53.0,-69.5,90
2024-06-03,53.0,-69.0,90
2024-06-03,53.5,-117.0,270
2024-06-03,53.5,-116.0,90
2024-06-03,53.5,-115.0,90
2024-06-03,53.5,-107.5,90
2024-06-03,53.5,-88.0,90
2024-06-03,53.5,-87.5,90
2024-06-03,53.5,-86.5,90
2024-06-03,53.5,-86.0,90
2024-06-03,53.5,-85.5,90
2024-06-03,53.5,-84.5,90
2024-06-03,53.5,-83.5,180
2024-06-03,53.5,-79.0,90
2024-06-03,53.5,-78.5,270
2024-06-03,53.5,-78.0,180
2024-06-03,53.5,-77.5,180
2024-06-03,53.5,-77.0,270
2024-06-03,53.5,-76.0,90
2024-06-03,53.5,-75.5,90
2024-06-03,53.5,-75.0,90
2024-06-03,53.5,-74.5,90
2024-06-03,53.5,-72.5,90
2024-06-03,53.5,-72.0,90
2024-06-03,53.5,-71.0,90
2024-06-03,53.5,-70.5,90
2024-06-03,53.5,-70.0,180
2024-06-03,53.5,-69.5,270
2024-06-03,53.5,-69.0,360
2024-06-03,53.5,-68.5,90
2024-06-03,53.5,-68.0,450
2024-06-03,53.5,-67.5,180
2024-06-03,54.0,-115.5,90
2024-06-03,54.0,-97.5,90
2024-06-03,54.0,-96.5,90
2024-06-03,54.0,-89.0,360
2024-06-03,54.0,-88.5,90
2024-06-03,54.0,-88.0,180
2024-06-03,54.0,-87.5,450
2024-06-03,54.0,-87.0,180
2024-06-03,54.0,-86.0,90
2024-06-03,54.0,-85.5,90
2024-06-03,54.0,-84.5,270
2024-06-03,54.0,-78.5,180
2024-06-03,54.0,-78.0,360
2024-06-03,54.0,-77.5,90
2024-06-03,54.0,-77.0,90
2024-06-03,54.0,-75.5,180
2024-06-03,54.0,-75.0,90
2024-06-03,54.0,-69.0,90
2024-06-03,54.0,-68.0,540
2024-06-03,54.0,-67.5,90
2024-06-03,54.0,-67.0,90
2024-06-03,54.5,-115.0,90
2024-06-03,54.5,-89.5,90
2024-06-03,54.5,-89.0,180
2024-06-03,54.5,-88.5,90
2024-06-03,54.5,-88.0,90
2024-06-03,54.5,-87.5,270
2024-06-03,54.5,-85.5,180
2024-06-03,54.5,-85.0,90
2024-06-03,54.5,-76.5,90
2024-06-03,54.5,-68.0,180
2024-06-10,20.0,-105.0,450
2024-06-10,20.0,-104.5,540
2024-06-10,20.0,-104.0,90
2024-06-10,20.0,-103.5,1170
2024-06-10,20.0,-103.0,2700
2024-06-10,20.0,-102.5,180
2024-06-10,20.0,-101.5,180
2024-06-10,20.0,-101.0,270
2024-06-10,20.0,-99.5,180
2024-06-10,20.0,-94.0,90
2024-06-10,20.0,-93.5,90
2024-06-10,20.0,-92.5,450
2024-06-10,20.0,-92.0,450
2024-06-10,20.0,-91.5,90
2024-06-10,20.0,-91.0,360
2024-06-10,20.0,-90.5,3870
2024-06-10,20.0,-90.0,5940
2024-06-10,20.0,-89.5,3060
2024-06-10,20.0,-89.0,1350
2024-06-10,20.0,-88.5,720
2024-06-10,20.0,-88.0,180
2024-06-10,20.0,-87.5,270
2024-06-10,20.0,-87.0,450
2024-06-10,20.0,-86.5,270
2024-06-10,20.0,-86.0,90
2024-06-10,20.0,-85.5,360
2024-06-10,20.0,-85.0,90
2024-06-10,20.0,-84.5,810
2024-06-10,20.0,-84.0,90
2024-06-10,20.0,-83.5,360
2024-06-10,20.0,-83.0,360
2024-06-10,20.0,-82.5,90
2024-06-10,20.0,-82.0,90
2024-06-10,20.0,-81.5,90
2024-06-10,20.0,-80.5,270
2024-06-10,20.0,-80.0,1710
2024-06-10,20.0,-79.5,90
2024-06-10,20.0,-78.0,90
2024-06-10,20.0,-77.5,540
2024-06-10,20.0,-77.0,450
2024-06-10,20.0,-76.0,270
2024-06-10,20.0,-75.5,90
2024-06-10,20.0,-75.0,450
2024-06-10,20.0,-67.5,90
2024-06-10,20.5,-104.5,180
2024-06-10,20.5,-104.0,360
2024-06-10,20.5,-103.0,90
2024-06-10,20.5,-102.0,180
2024-06-10,20.5,-93.5,360
2024-06-10,20.5,-93.0,90
2024-06-10,20.5,-92.5,360
2024-06-10,20.5,-91.0,270
2024-06-10,20.5,-90.5,1440
2024-06-10,20.5,-90.0,2250
2024-06-10,20.5,-89.5,1800
2024-06-10,20.5,-89.0,2340
2024-06-10,20.5,-88.5,1980
2024-06-10,20.5,-88.0,360
2024-06-10,20.5,-87.5,90
2024-06-10,20.5,-87.0,90
2024-06-10,20.5,-86.5,90
2024-06-10,20.5,-85.5,90
2024-06-10,20.5,-85.0,180
2024-06-10,20.5,-84.5,360
2024-06-10,20.5,-84.0,180
2024-06-10,20.5,-83.5,270
2024-06-10,20.5,-83.0,450
2024-06-10,20.5,-82.0,270
2024-06-10,20.5,-81.5,180
2024-06-10,20.5,-80.5,720
2024-06-10,20.5,-80.0,3150
2024-06-10,20.5,-79.5,720
2024-06-10,20.5,-78.5,360
2024-06-10,20.5,-78.0,450
2024-06-10,20.5,-77.5,2250
2024-06-10,20.5,-77.0,1890
2024-06-10,20.5,-76.5,1620
2024-06-10,20.5,-76.0,1170
2024-06-10,20.5,-67.0,90
2024-06-10,21.0,-104.0,360
2024-06-10,21.0,-103.5,90
2024-06-10,21.0,-102.5,90
2024-06-10,21.0,-101.5,90
2024-06-10,21.0,-93.5,270
2024-06-10,21.0,-92.5,90
2024-06-10,21.0,-92.0,90
2024-06-10,21.0,-90.5,90
2024-06-10,21.0,-90.0,1080
2024-06-10,21.0,-89.5,900
2024-06-10,21.0,-89.0,270
2024-06-10,21.0,-88.5,1530
2024-06-10,21.0,-88.0,1170
2024-06-10,21.0,-87.5,810
2024-06-10,21.0,-86.0,360
2024-06-10,21.0,-85.5,270
2024-06-10,21.0,-85.0,90
2024-06-10,21.0,-84.0,90
2024-06-10,21.0,-83.5,90
2024-06-10,21.0,-83.0,360
2024-06-10,21.0,-82.5,360
2024-06-10,21.0,-81.5,90
2024-06-10,21.0,-80.5,90
2024-06-10,21.0,-80.0,990
2024-06-10,21.0,-79.5,180
2024-06-10,21.0,-79.0,450
2024-06-10,21.0,-78.5,900
2024-06-10,21.0,-78.0,450
2024-06-10,21.0,-77.5,900
2024-06-10,21.0,-76.5,90
2024-06-10,21.0,-76.0,90
2024-06-10,21.5,-104.5,180
2024-06-10,21.5,-104.0,90
2024-06-10,21.5,-103.5,90
2024-06-10,21.5,-103.0,630
2024-06-10,21.5,-102.0,180
2024-06-10,21.5,-101.5,360
2024-06-10,21.5,-101.0,360
2024-06-10,21.5,-100.5,360
2024-06-10,21.5,-93.5,90
2024-06-10,21.5,-93.0,90
2024-06-10,21.5,-90.5,90
2024-06-10,21.5,-90.0,270
2024-06-10,21.5,-89.5,720
2024-06-10,21.5,-89.0,360
2024-06-10,21.5,-88.0,1260
2024-06-10,21.5,-87.5,540
2024-06-10,21.5,-86.5,90
2024-06-10,21.5,-86.0,180
2024-06-10,21.5,-85.5,90
2024-06-10,21.5,-83.5,270
2024-06-10,21.5,-83.0,360
2024-06-10,21.5,-82.5,90
2024-06-10,21.5,-82.0,90
2024-06-10,21.5,-81.5,720
2024-06-10,21.5,-81.0,360
2024-06-10,21.5,-80.5,270
2024-06-10,21.5,-80.0,630
2024-06-10,21.5,-79.5,270
2024-06-10,21.5,-79.0,450
2024-06-10,21.5,-78.5,1440
2024-06-10,21.5,-78.0,540
2024-06-10,21.5,-77.5,360
2024-06-10,21.5,-77.0,180
2024-06-10,21.5,-76.5,180
2024-06-10,22.0,-104.0,90
2024-06-10,22.0,-103.0,270
2024-06-10,22.0,-102.5,540
2024-06-10,22.0,-102.0,90
2024-06-10,22.0,-101.5,990
2024-06-10,22.0,-101.0,450
2024-06-10,22.0,-100.5,2070
2024-06-10,22.0,-100.0,180
2024-06-10,22.0,-99.5,1620
2024-06-10,22.0,-95.0,360
2024-06-10,22.0,-94.5,90
2024-06-10,22.0,-89.5,180
2024-06-10,22.0,-89.0,990
2024-06-10,22.0,-88.5,360
2024-06-10,22.0,-88.0,540
2024-06-10,22.0,-87.5,180
2024-06-10,22.0,-87.0,630
2024-06-10,22.0,-86.5,360
2024-06-10,22.0,-86.0,720
2024-06-10,22.0,-85.5,270
2024-06-10,22.0,-85.0,180
2024-06-10,22.0,-84.5,450
2024-06-10,22.0,-84.0,540
2024-06-10,22.0,-83.5,540
2024-06-10,22.0,-83.0,180
2024-06-10,22.0,-82.0,180
2024-06-10,22.0,-81.5,540
2024-06-10,22.0,-81.0,450
2024-06-10,22.0,-80.5,990
2024-06-10,22.0,-80.0,270
2024-06-10,22.0,-79.5,180
2024-06-10,22.0,-79.0,90
2024-06-10,22.0,-78.5,630
2024-06-10,22.0,-78.0,180
2024-06-10,22.0,-77.0,360
2024-06-10,22.0,-76.5,1080
2024-06-10,22.0,-76.0,360
2024-06-10,22.0,-69.5,180
2024-06-10,22.5,-102.5,90
2024-06-10,22.5,-102.0,90
2024-06-10,22.5,-101.5,990
2024-06-10,22.5,-101.0,180
2024-06-10,22.5,-100.5,450
2024-06-10,22.5,-100.0,90
2024-06-10,22.5,-99.5,990
2024-06-10,22.5,-99.0,540
2024-06-10,22.5,-95.0,90
2024-06-10,22.5,-93.0,90
2024-06-10,22.5,-89.5,90
2024-06-10,22.5,-89.0,900
2024-06-10,22.5,-88.5,90
2024-06-10,22.5,-88.0,90
2024-06-10,22.5,-87.5,180
2024-06-10,22.5,-87.0,540
2024-06-10,22.5,-86.5,450
2024-06-10,22.5,-86.0,540
2024-06-10,22.5,-85.5,810
2024-06-10,22.5,-85.0,180
2024-06-10,22.5,-84.5,900
2024-06-10,22.5,-84.0,810
2024-06-10,22.5,-83.5,450
2024-06-10,22.5,-83.0,1620
2024-06-10,22.5,-82.5,1080
2024-06-10,22.5,-82.0,360
2024-06-10,22.5,-81.5,990
2024-06-10,22.5,-81.0,900
2024-06-10,22.5,-80.0,90
2024-06-10,22.5,-79.0,450
2024-06-10,22.5,-78.5,1080
2024-06-10,22.5,-78.0,450
2024-06-10,22.5,-77.0,90
2024-06-10,22.5,-76.5,90
2024-06-10,22.5,-76.0,180
2024-06-10,22.5,-66.5,90
2024-06-10,23.0,-101.5,180
2024-06-10,23.0,-101.0,180
2024-06-10,23.0,-100.5,270
2024-06-10,23.0,-100.0,540
2024-06-10,23.0,-99.5,900
2024-06-10,23.0,-99.0,1080
2024-06-10,23.0,-98.5,90
2024-06-10,23.0,-95.5,90
2024-06-10,23.0,-94.0,90
2024-06-10,23.0,-89.5,90
2024-06-10,23.0,-89.0,90
2024-06-10,23.0,-88.0,720
2024-06-10,23.0,-87.5,360
2024-06-10,23.0,-86.5,180
2024-06-10,23.0,-86.0,720
2024-06-10,23.0,-85.5,1440
2024-06-10,23.0,-85.0,720
2024-06-10,23.0,-84.5,540
2024-06-10,23.0,-84.0,1080
2024-06-10,23.0,-83.5,630
2024-06-10,23.0,-83.0,1350
2024-06-10,23.0,-82.5,3060
2024-06-10,23.0,-82.0,1080
2024-06-10,23.0,-81.5,540
2024-06-10,23.0,-81.0,270
2024-06-10,23.0,-80.5,720
2024-06-10,23.0,-80.0,180
2024-06-10,23.0,-79.0,270
2024-06-10,23.0,-78.5,2070
2024-06-10,23.0,-78.0,2880
2024-06-10,23.0,-77.5,1080
2024-06-10,23.0,-77.0,990
2024-06-10,23.0,-76.5,990
2024-06-10,23.0,-66.5,90
2024-06-10,23.0,-65.5,90
2024-06-10,23.5,-105.5,90
2024-06-10,23.5,-101.5,90
2024-06-10,23.5,-101.0,180
2024-06-10,23.5,-100.5,360
2024-06-10,23.5,-99.5,270
2024-06-10,23.5,-99.0,1080
2024-06-10,23.5,-98.5,360
2024-06-10,23.5,-92.5,270
2024-06-10,23.5,-90.0,90
2024-06-10,23.5,-89.0,90
2024-06-10,23.5,-88.5,90
2024-06-10,23.5,-87.0,90
2024-06-10,23.5,-86.5,540
2024-06-10,23.5,-86.0,180
2024-06-10,23.5,-85.5,360
2024-06-10,23.5,-85.0,630
2024-06-10,23.5,-84.5,1170
2024-06-10,23.5,-84.0,540
2024-06-10,23.5,-83.5,990
2024-06-10,23.5,-83.0,2700
2024-06-10,23.5,-82.5,1350
2024-06-10,23.5,-82.0,3060
2024-06-10,23.5,-81.5,1170
2024-06-10,23.5,-80.5,2700
2024-06-10,23.5,-80.0,990
2024-06-10,23.5,-79.5,90
2024-06-10,23.5,-79.0,1530
2024-06-10,23.5,-78.5,1800
2024-06-10,23.5,-78.0,450
2024-06-10,23.5,-77.5,90
2024-06-10,23.5,-65.5,90
2024-06-10,24.0,-106.0,360
2024-06-10,24.0,-105.5,180
2024-06-10,24.0,-101.0,90
2024-06-10,24.0,-100.5,180
2024-06-10,24.0,-100.0,360
2024-06-10,24.0,-99.5,720
2024-06-10,24.0,-99.0,270
2024-06-10,24.0,-98.5,540
2024-06-10,24.0,-93.0,90
2024-06-10,24.0,-92.5,270
2024-06-10,24.0,-91.5,90
2024-06-10,24.0,-89.0,450
2024-06-10,24.0,-88.5,180
2024-06-10,24.0,-87.0,90
2024-06-10,24.0,-86.5,180
2024-06-10,24.0,-86.0,630
2024-06-10,24.0,-85.5,90
2024-06-10,24.0,-85.0,270
2024-06-10,24.0,-84.5,180
2024-06-10,24.0,-84.0,900
2024-06-10,24.0,-83.5,900
2024-06-10,24.0,-83.0,3510
2024-06-10,24.0,-82.5,2880
2024-06-10,24.0,-82.0,1170
2024-06-10,24.0,-81.5,2160
2024-06-10,24.0,-81.0,630
2024-06-10,24.0,-80.5,5490
2024-06-10,24.0,-80.0,1890
2024-06-10,24.0,-79.5,3060
2024-06-10,24.0,-79.0,900
2024-06-10,24.0,-78.5,1890
2024-06-10,24.0,-78.0,4590
2024-06-10,24.0,-77.5,90
2024-06-10,24.0,-75.5,90
2024-06-10,24.0,-66.5,270
2024-06-10,24.0,-65.5,90
2024-06-10,24.5,-106.5,360
2024-06-10,24.5,-106.0,720
2024-06-10,24.5,-100.5,180
2024-06-10,24.5,-100.0,1800
2024-06-10,24.5,-99.5,2610
2024-06-10,24.5,-99.0,360
2024-06-10,24.5,-98.5,270
2024-06-10,24.5,-92.0,90
2024-06-10,24.5,-91.5,270
2024-06-10,24.5,-91.0,540
2024-06-10,24.5,-90.5,90
2024-06-10,24.5,-89.5,90
2024-06-10,24.5,-86.0,180
2024-06-10,24.5,-85.5,90
2024-06-10,24.5,-85.0,270
2024-06-10,24.5,-84.5,720
2024-06-10,24.5,-84.0,360
2024-06-10,24.5,-83.5,1260
2024-06-10,24.5,-83.0,1530
2024-06-10,24.5,-82.5,1080
2024-06-10,24.5,-82.0,720
2024-06-10,24.5,-81.5,180
2024-06-10,24.5,-81.0,900
2024-06-10,24.5,-80.5,4320
2024-06-10,24.5,-80.0,1620
2024-06-10,24.5,-79.5,4140
2024-06-10,24.5,-79.0,3510
2024-06-10,24.5,-78.5,2430
2024-06-10,24.5,-78.0,2070
2024-06-10,24.5,-77.5,270
2024-06-10,24.5,-75.5,90
2024-06-10,24.5,-66.0,90
2024-06-10,25.0,-107.0,1800
2024-06-10,25.0,-106.5,1800
2024-06-10,25.0,-104.0,90
2024-06-10,25.0,-101.5,810
2024-06-10,25.0,-101.0,180
2024-06-10,25.0,-99.5,1080
2024-06-10,25.0,-99.0,270
2024-06-10,25.0,-98.5,180
2024-06-10,25.0,-98.0,90
2024-06-10,25.0,-94.0,90
2024-06-10,25.0,-93.5,90
2024-06-10,25.0,-91.0,90
2024-06-10,25.0,-85.5,90
2024-06-10,25.0,-85.0,90
2024-06-10,25.0,-84.5,360
2024-06-10,25.0,-84.0,450
2024-06-10,25.0,-83.5,1710
2024-06-10,25.0,-83.0,1530
2024-06-10,25.0,-82.5,1440
2024-06-10,25.0,-82.0,1170
2024-06-10,25.0,-81.5,1620
2024-06-10,25.0,-81.0,3780
2024-06-10,25.0,-80.5,5580
2024-06-10,25.0,-80.0,2070
2024-06-10,25.0,-79.5,720
2024-06-10,25.0,-79.0,5310
2024-06-10,25.0,-78.5,720
2024-06-10,25.0,-78.0,1350
2024-06-10,25.0,-77.5,630
2024-06-10,25.0,-77.0,270
2024-06-10,25.0,-73.0,90
2024-06-10,25.0,-66.5,270
2024-06-10,25.0,-66.0,90
2024-06-10,25.0,-65.5,90
2024-06-10,25.5,-107.5,360
2024-06-10,25.5,-107.0,1710
2024-06-10,25.5,-106.5,90
2024-06-10,25.5,-102.5,450
2024-06-10,25.5,-102.0,90
2024-06-10,25.5,-101.0,90
2024-06-10,25.5,-100.5,810
2024-06-10,25.5,-100.0,720
2024-06-10,25.5,-99.5,1530
2024-06-10,25.5,-98.5,810
2024-06-10,25.5,-98.0,90
2024-06-10,25.5,-97.5,90
2024-06-10,25.5,-92.0,90
2024-06-10,25.5,-89.0,360
2024-06-10,25.5,-87.5,90
2024-06-10,25.5,-85.5,90
2024-06-10,25.5,-85.0,540
2024-06-10,25.5,-84.5,630
2024-06-10,25.5,-84.0,720
2024-06-10,25.5,-83.5,90
2024-06-10,25.5,-83.0,810
2024-06-10,25.5,-82.5,1080
2024-06-10,25.5,-82.0,180
2024-06-10,25.5,-81.5,1620
2024-06-10,25.5,-81.0,1530
2024-06-10,25.5,-80.5,6030
2024-06-10,25.5,-80.0,2790
2024-06-10,25.5,-79.5,1890
2024-06-10,25.5,-79.0,3780
2024-06-10,25.5,-78.5,1800
2024-06-10,25.5,-78.0,3330
2024-06-10,25.5,-77.5,90
2024-06-10,25.5,-77.0,180
2024-06-10,25.5,-76.5,180
2024-06-10,25.5,-74.5,270
2024-06-10,25.5,-74.0,270
2024-06-10,25.5,-73.5,360
2024-06-10,25.5,-73.0,180
2024-06-10,25.5,-67.5,90
2024-06-10,25.5,-65.5,90
2024-06-10,26.0,-107.5,630
2024-06-10,26.0,-107.0,810
2024-06-10,26.0,-103.0,810
2024-06-10,26.0,-102.5,810
2024-06-10,26.0,-102.0,450
2024-06-10,26.0,-101.5,1350
2024-06-10,26.0,-101.0,1080
2024-06-10,26.0,-100.5,180
2024-06-10,26.0,-98.5,720
2024-06-10,26.0,-98.0,180
2024-06-10,26.0,-93.5,90
2024-06-10,26.0,-92.5,360
2024-06-10,26.0,-92.0,90
2024-06-10,26.0,-89.5,90
2024-06-10,26.0,-89.0,450
2024-06-10,26.0,-88.5,180
2024-06-10,26.0,-87.5,90
2024-06-10,26.0,-85.0,360
2024-06-10,26.0,-84.5,180
2024-06-10,26.0,-84.0,180
2024-06-10,26.0,-83.5,450
2024-06-10,26.0,-83.0,270
2024-06-10,26.0,-82.5,1170
2024-06-10,26.0,-82.0,270
2024-06-10,26.0,-81.5,1080
2024-06-10,26.0,-81.0,1890
2024-06-10,26.0,-80.5,1080
2024-06-10,26.0,-80.0,2880
2024-06-10,26.0,-79.5,1710
2024-06-10,26.0,-79.0,2250
2024-06-10,26.0,-78.5,720
2024-06-10,26.0,-78.0,2430
2024-06-10,26.0,-77.5,1080
2024-06-10,26.0,-77.0,90
2024-06-10,26.0,-75.5,180
2024-06-10,26.0,-75.0,90
2024-06-10,26.0,-74.0,450
2024-06-10,26.0,-73.5,90
2024-06-10,26.0,-73.0,90
2024-06-10,26.0,-72.5,180
2024-06-10,26.0,-70.5,90
2024-06-10,26.0,-69.0,90
2024-06-10,26.0,-67.0,90
2024-06-10,26.0,-65.5,90
2024-06-10,26.5,-107.5,630
2024-06-10,26.5,-103.0,270
2024-06-10,26.5,-102.5,90
2024-06-10,26.5,-102.0,90
2024-06-10,26.5,-100.5,90
2024-06-10,26.5,-95.0,90
2024-06-10,26.5,-91.5,90
2024-06-10,26.5,-91.0,90
2024-06-10,26.5,-90.0,270
2024-06-10,26.5,-89.5,270
2024-06-10,26.5,-89.0,270
2024-06-10,26.5,-88.5,90
2024-06-10,26.5,-87.5,180
2024-06-10,26.5,-86.5,180
2024-06-10,26.5,-86.0,90
2024-06-10,26.5,-85.5,90
2024-06-10,26.5,-84.5,90
2024-06-10,26.5,-84.0,360
2024-06-10,26.5,-83.5,1080
2024-06-10,26.5,-83.0,180
2024-06-10,26.5,-82.5,270
2024-06-10,26.5,-82.0,1440
2024-06-10,26.5,-81.5,1530
2024-06-10,26.5,-81.0,540
2024-06-10,26.5,-80.5,1170
2024-06-10,26.5,-80.0,1980
2024-06-10,26.5,-79.5,1260
2024-06-10,26.5,-79.0,1080
2024-06-10,26.5,-78.5,1440
2024-06-10,26.5,-78.0,1710
2024-06-10,26.5,-77.5,2790
2024-06-10,26.5,-77.0,270
2024-06-10,26.5,-76.5,90
2024-06-10,26.5,-72.5,360
2024-06-10,26.5,-72.0,90
2024-06-10,26.5,-65.5,90
2024-06-10,27.0,-108.5,90
2024-06-10,27.0,-108.0,1260
2024-06-10,27.0,-107.0,180
2024-06-10,27.0,-105.0,90
2024-06-10,27.0,-104.5,90
2024-06-10,27.0,-104.0,90
2024-06-10,27.0,-103.5,90
2024-06-10,27.0,-103.0,1260
2024-06-10,27.0,-102.5,1080
2024-06-10,27.0,-101.0,90
2024-06-10,27.0,-100.5,630
2024-06-10,27.0,-100.0,180
2024-06-10,27.0,-97.5,180
2024-06-10,27.0,-95.0,90
2024-06-10,27.0,-94.0,90
2024-06-10,27.0,-93.5,90
2024-06-10,27.0,-92.5,90
2024-06-10,27.0,-92.0,90
2024-06-10,27.0,-90.5,450
2024-06-10,27.0,-89.5,90
2024-06-10,27.0,-89.0,360
2024-06-10,27.0,-88.5,180
2024-06-10,27.0,-88.0,1800
2024-06-10,27.0,-87.5,810
2024-06-10,27.0,-87.0,360
2024-06-10,27.0,-86.5,90
2024-06-10,27.0,-85.5,180
2024-06-10,27.0,-84.5,270
2024-06-10,27.0,-83.5,360
2024-06-10,27.0,-83.0,900
2024-06-10,27.0,-82.5,1350
2024-06-10,27.0,-82.0,1350
2024-06-10,27.0,-81.5,1350
2024-06-10,27.0,-81.0,810
2024-06-10,27.0,-80.5,630
2024-06-10,27.0,-80.0,360
2024-06-10,27.0,-79.5,990
2024-06-10,27.0,-79.0,1530
2024-06-10,27.0,-78.5,450
2024-06-10,27.0,-78.0,450
2024-06-10,27.0,-77.5,630
2024-06-10,27.0,-77.0,630
2024-06-10,27.0,-76.5,270
2024-06-10,27.0,-71.5,180
2024-06-10,27.5,-109.0,360
2024-06-10,27.5,-108.5,630
2024-06-10,27.5,-108.0,90
2024-06-10,27.5,-107.0,270
2024-06-10,27.5,-105.0,180
2024-06-10,27.5,-104.5,360
2024-06-10,27.5,-104.0,180
2024-06-10,27.5,-103.5,90
2024-06-10,27.5,-103.0,720
2024-06-10,27.5,-102.5,450
2024-06-10,27.5,-102.0,180
2024-06-10,27.5,-101.0,450
2024-06-10,27.5,-100.5,810
2024-06-10,27.5,-98.5,180
2024-06-10,27.5,-98.0,450
2024-06-10,27.5,-97.5,90
2024-06-10,27.5,-93.0,90
2024-06-10,27.5,-92.0,180
2024-06-10,27.5,-91.5,90
2024-06-10,27.5,-91.0,90
2024-06-10,27.5,-90.5,180
2024-06-10,27.5,-88.5,810
2024-06-10,27.5,-88.0,2520
2024-06-10,27.5,-87.5,1170
2024-06-10,27.5,-87.0,90
2024-06-10,27.5,-86.5,90
2024-06-10,27.5,-86.0,270
2024-06-10,27.5,-85.5,450
2024-06-10,27.5,-84.5,90
2024-06-10,27.5,-84.0,90
2024-06-10,27.5,-83.5,270
2024-06-10,27.5,-83.0,2520
2024-06-10,27.5,-82.5,2340
2024-06-10,27.5,-82.0,2070
2024-06-10,27.5,-81.5,2700
2024-06-10,27.5,-81.0,3420
2024-06-10,27.5,-80.5,1080
2024-06-10,27.5,-80.0,630
2024-06-10,27.5,-79.5,630
2024-06-10,27.5,-79.0,180
2024-06-10,27.5,-78.5,2070
2024-06-10,27.5,-78.0,1080
2024-06-10,27.5,-77.5,2790
2024-06-10,27.5,-77.0,1530
2024-06-10,27.5,-76.5,900
2024-06-10,27.5,-76.0,1710
2024-06-10,27.5,-75.5,270
2024-06-10,27.5,-75.0,450
2024-06-10,27.5,-74.5,90
2024-06-10,27.5,-70.0,90
2024-06-10,27.5,-68.0,90
2024-06-10,28.0,-108.5,90
2024-06-10,28.0,-107.5,90
2024-06-10,28.0,-107.0,180
2024-06-10,28.0,-106.5,180
2024-06-10,28.0,-104.5,360
2024-06-10,28.0,-104.0,270
2024-06-10,28.0,-103.5,90
2024-06-10,28.0,-103.0,2340
2024-06-10,28.0,-101.0,180
2024-06-10,28.0,-100.5,630
2024-06-10,28.0,-99.0,630
2024-06-10,28.0,-98.5,270
2024-06-10,28.0,-98.0,180
2024-06-10,28.0,-97.0,360
2024-06-10,28.0,-92.5,90
2024-06-10,28.0,-91.0,180
2024-06-10,28.0,-90.5,270
2024-06-10,28.0,-89.5,540
2024-06-10,28.0,-89.0,360
2024-06-10,28.0,-88.0,360
2024-06-10,28.0,-87.5,1530
2024-06-10,28.0,-87.0,630
2024-06-10,28.0,-86.5,360
2024-06-10,28.0,-85.0,360
2024-06-10,28.0,-84.5,90
2024-06-10,28.0,-84.0,90
2024-06-10,28.0,-83.5,180
2024-06-10,28.0,-83.0,2340
2024-06-10,28.0,-82.5,6570
2024-06-10,28.0,-82.0,7110
2024-06-10,28.0,-81.5,3150
2024-06-10,28.0,-81.0,3420
2024-06-10,28.0,-79.5,270
2024-06-10,28.0,-79.0,3150
2024-06-10,28.0,-78.5,2790
2024-06-10,28.0,-78.0,1440
2024-06-10,28.0,-77.5,360
2024-06-10,28.0,-77.0,450
2024-06-10,28.0,-76.5,3330
2024-06-10,28.0,-76.0,2340
2024-06-10,28.0,-75.5,540
2024-06-10,28.0,-75.0,270
2024-06-10,28.0,-73.5,90
2024-06-10,28.0,-72.5,900
2024-06-10,28.0,-71.5,90
2024-06-10,28.0,-71.0,90
2024-06-10,28.0,-70.0,270
2024-06-10,28.0,-69.5,270
2024-06-10,28.0,-69.0,90
2024-06-10,28.5,-104.5,270
2024-06-10,28.5,-104.0,1260
2024-06-10,28.5,-103.0,450
2024-06-10,28.5,-102.5,540
2024-06-10,28.5,-102.0,810
2024-06-10,28.5,-101.5,180
2024-06-10,28.5,-101.0,720
2024-06-10,28.5,-100.5,810
2024-06-10,28.5,-100.0,90
2024-06-10,28.5,-99.5,270
2024-06-10,28.5,-99.0,540
2024-06-10,28.5,-98.5,630
2024-06-10,28.5,-98.0,180
2024-06-10,28.5,-97.5,2430
2024-06-10,28.5,-97.0,270
2024-06-10,28.5,-91.5,90
2024-06-10,28.5,-90.5,90
2024-06-10,28.5,-90.0,450
2024-06-10,28.5,-89.5,450
2024-06-10,28.5,-89.0,360
2024-06-10,28.5,-88.5,270
2024-06-10,28.5,-87.5,90
2024-06-10,28.5,-87.0,180
2024-06-10,28.5,-86.5,450
2024-06-10,28.5,-83.5,180
2024-06-10,28.5,-83.0,6030
2024-06-10,28.5,-82.5,2880
2024-06-10,28.5,-82.0,4860
2024-06-10,28.5,-81.5,3150
2024-06-10,28.5,-81.0,8460
2024-06-10,28.5,-80.5,1620
2024-06-10,28.5,-80.0,1530
2024-06-10,28.5,-79.5,2160
2024-06-10,28.5,-79.0,4680
2024-06-10,28.5,-78.5,4770
2024-06-10,28.5,-78.0,3060
2024-06-10,28.5,-77.5,3510
2024-06-10,28.5,-77.0,1980
2024-06-10,28.5,-76.5,720
2024-06-10,28.5,-76.0,720
2024-06-10,28.5,-75.5,990
2024-06-10,28.5,-75.0,180
2024-06-10,28.5,-74.5,270
2024-06-10,28.5,-73.5,270
2024-06-10,28.5,-73.0,360
2024-06-10,28.5,-72.5,720
2024-06-10,28.5,-72.0,1080
2024-06-10,28.5,-71.5,990
2024-06-10,28.5,-71.0,450
2024-06-10,28.5,-70.5,90
2024-06-10,28.5,-70.0,270
2024-06-10,28.5,-69.5,90
2024-06-10,28.5,-69.0,90
2024-06-10,28.5,-65.5,90
2024-06-10,29.0,-104.5,270
2024-06-10,29.0,-104.0,90
2024-06-10,29.0,-103.5,990
2024-06-10,29.0,-103.0,1080
2024-06-10,29.0,-102.5,1170
2024-06-10,29.0,-101.5,90
2024-06-10,29.0,-101.0,1890
2024-06-10,29.0,-100.5,1890
2024-06-10,29.0,-100.0,1710
2024-06-10,29.0,-99.5,1530
2024-06-10,29.0,-99.0,3690
2024-06-10,29.0,-98.5,90
2024-06-10,29.0,-98.0,720
2024-06-10,29.0,-97.5,540
2024-06-10,29.0,-97.0,90
2024-06-10,29.0,-96.5,180
2024-06-10,29.0,-96.0,90
2024-06-10,29.0,-93.0,450
2024-06-10,29.0,-92.5,270
2024-06-10,29.0,-92.0,810
2024-06-10,29.0,-91.5,360
2024-06-10,29.0,-91.0,360
2024-06-10,29.0,-90.5,180
2024-06-10,29.0,-90.0,270
2024-06-10,29.0,-88.0,450
2024-06-10,29.0,-86.5,90
2024-06-10,29.0,-86.0,540
2024-06-10,29.0,-84.0,180
2024-06-10,29.0,-83.5,810
2024-06-10,29.0,-83.0,4770
2024-06-10,29.0,-82.5,4680
2024-06-10,29.0,-82.0,1890
2024-06-10,29.0,-81.0,90
2024-06-10,29.0,-80.5,3510
2024-06-10,29.0,-80.0,5130
2024-06-10,29.0,-79.5,12870
2024-06-10,29.0,-79.0,5220
2024-06-10,29.0,-78.5,5220
2024-06-10,29.0,-78.0,3510
2024-06-10,29.0,-77.5,1260
2024-06-10,29.0,-77.0,810
2024-06-10,29.0,-76.5,540
2024-06-10,29.0,-76.0,90
2024-06-10,29.0,-75.0,450
2024-06-10,29.0,-74.0,90
2024-06-10,29.0,-73.5,90
2024-06-10,29.0,-72.5,270
2024-06-10,29.0,-70.0,90
2024-06-10,29.0,-69.5,180
2024-06-10,29.0,-69.0,630
2024-06-10,29.0,-68.5,270
2024-06-10,29.5,-104.5,180
2024-06-10,29.5,-104.0,360
2024-06-10,29.5,-103.5,1080
2024-06-10,29.5,-103.0,360
2024-06-10,29.5,-101.5,810
2024-06-10,29.5,-101.0,1800
2024-06-10,29.5,-100.5,720
2024-06-10,29.5,-100.0,3510
2024-06-10,29.5,-99.5,2340
2024-06-10,29.5,-99.0,1440
2024-06-10,29.5,-98.5,990
2024-06-10,29.5,-98.0,900
2024-06-10,29.5,-97.5,90
2024-06-10,29.5,-96.5,90
2024-06-10,29.5,-96.0,270
2024-06-10,29.5,-95.5,1170
2024-06-10,29.5,-95.0,270
2024-06-10,29.5,-94.5,180
2024-06-10,29.5,-94.0,720
2024-06-10,29.5,-93.5,180
2024-06-10,29.5,-93.0,900
2024-06-10,29.5,-92.5,1350
2024-06-10,29.5,-92.0,630
2024-06-10,29.5,-91.5,720
2024-06-10,29.5,-91.0,1890
2024-06-10,29.5,-90.5,1170
2024-06-10,29.5,-90.0,180
2024-06-10,29.5,-88.5,90
2024-06-10,29.5,-87.5,180
2024-06-10,29.5,-87.0,360
2024-06-10,29.5,-86.5,1080
2024-06-10,29.5,-86.0,270
2024-06-10,29.5,-85.5,4950
2024-06-10,29.5,-85.0,1170
2024-06-10,29.5,-84.0,180
2024-06-10,29.5,-83.5,3330
2024-06-10,29.5,-83.0,1800
2024-06-10,29.5,-82.5,3690
2024-06-10,29.5,-82.0,900
2024-06-10,29.5,-81.5,180
2024-06-10,29.5,-80.5,1080
2024-06-10,29.5,-80.0,810
2024-06-10,29.5,-79.5,810
2024-06-10,29.5,-79.0,1710
2024-06-10,29.5,-78.5,810
2024-06-10,29.5,-78.0,1710
2024-06-10,29.5,-77.5,630
2024-06-10,29.5,-77.0,450
2024-06-10,29.5,-76.5,270
2024-06-10,29.5,-76.0,90
2024-06-10,29.5,-74.5,630
2024-06-10,29.5,-74.0,540
2024-06-10,29.5,-73.5,270
2024-06-10,29.5,-73.0,180
2024-06-10,29.5,-72.5,180
2024-06-10,29.5,-72.0,1530
2024-06-10,29.5,-71.5,1980
2024-06-10,29.5,-71.0,270
2024-06-10,29.5,-68.0,90
2024-06-10,30.0,-104.5,180
2024-06-10,30.0,-103.5,1080
2024-06-10,30.0,-103.0,360
2024-06-10,30.0,-102.5,630
2024-06-10,30.0,-102.0,630
2024-06-10,30.0,-101.5,3420
2024-06-10,30.0,-101.0,3510
2024-06-10,30.0,-100.5,2160
2024-06-10,30.0,-100.0,3240
2024-06-10,30.0,-99.5,2160
2024-06-10,30.0,-99.0,450
2024-06-10,30.0,-98.5,1530
2024-06-10,30.0,-98.0,90
2024-06-10,30.0,-97.5,1170
2024-06-10,30.0,-97.0,180
2024-06-10,30.0,-96.5,90
2024-06-10,30.0,-96.0,180
2024-06-10,30.0,-95.5,810
2024-06-10,30.0,-95.0,900
2024-06-10,30.0,-94.5,1080
2024-06-10,30.0,-94.0,630
2024-06-10,30.0,-93.5,900
2024-06-10,30.0,-93.0,4860
2024-06-10,30.0,-92.5,2610
2024-06-10,30.0,-92.0,2340
2024-06-10,30.0,-91.5,900
2024-06-10,30.0,-91.0,1710
2024-06-10,30.0,-90.5,180
2024-06-10,30.0,-90.0,720
2024-06-10,30.0,-89.5,720
2024-06-10,30.0,-89.0,630
2024-06-10,30.0,-88.5,90
2024-06-10,30.0,-87.5,270
2024-06-10,30.0,-87.0,180
2024-06-10,30.0,-86.5,180
2024-06-10,30.0,-86.0,3330
2024-06-10,30.0,-85.5,2880
2024-06-10,30.0,-85.0,900
2024-06-10,30.0,-84.5,90
2024-06-10,30.0,-84.0,990
2024-06-10,30.0,-83.5,270
2024-06-10,30.0,-83.0,810
2024-06-10,30.0,-82.5,90
2024-06-10,30.0,-82.0,180
2024-06-10,30.0,-79.5,630
2024-06-10,30.0,-79.0,810
2024-06-10,30.0,-78.5,2160
2024-06-10,30.0,-78.0,900
2024-06-10,30.0,-77.5,540
2024-06-10,30.0,-77.0,90
2024-06-10,30.0,-76.5,90
2024-06-10,30.0,-76.0,180
2024-06-10,30.0,-75.5,180
2024-06-10,30.0,-75.0,270
2024-06-10,30.0,-74.5,720
2024-06-10,30.0,-74.0,270
2024-06-10,30.0,-73.5,810
2024-06-10,30.0,-73.0,270
2024-06-10,30.0,-72.5,270
2024-06-10,30.0,-72.0,270
2024-06-10,30.0,-71.5,1440
2024-06-10,30.0,-71.0,1530
2024-06-10,30.0,-70.5,1170
2024-06-10,30.0,-70.0,630
2024-06-10,30.0,-69.5,450
2024-06-10,30.0,-69.0,270
2024-06-10,30.0,-68.5,270
2024-06-10,30.0,-68.0,180
2024-06-10,30.5,-103.5,450
2024-06-10,30.5,-103.0,180
2024-06-10,30.5,-102.5,2160
2024-06-10,30.5,-102.0,4140
2024-06-10,30.5,-101.5,2790
2024-06-10,30.5,-101.0,1170
2024-06-10,30.5,-100.5,1080
2024-06-10,30.5,-100.0,540
2024-06-10,30.5,-99.5,1260
2024-06-10,30.5,-99.0,1170
2024-06-10,30.5,-98.5,90
2024-06-10,30.5,-98.0,1350
2024-06-10,30.5,-97.5,90
2024-06-10,30.5,-97.0,270
2024-06-10,30.5,-96.5,180
2024-06-10,30.5,-96.0,1350
2024-06-10,30.5,-95.5,720
2024-06-10,30.5,-94.5,360
2024-06-10,30.5,-93.5,180
2024-06-10,30.5,-93.0,540
2024-06-10,30.5,-92.5,180
2024-06-10,30.5,-92.0,810
2024-06-10,30.5,-91.5,2070
2024-06-10,30.5,-91.0,540
2024-06-10,30.5,-90.5,360
2024-06-10,30.5,-90.0,360
2024-06-10,30.5,-89.5,1170
2024-06-10,30.5,-89.0,1260
2024-06-10,30.5,-88.5,990
2024-06-10,30.5,-88.0,720
2024-06-10,30.5,-87.5,540
2024-06-10,30.5,-87.0,1260
2024-06-10,30.5,-86.5,1350
2024-06-10,30.5,-86.0,900
2024-06-10,30.5,-85.5,360
2024-06-10,30.5,-85.0,90
2024-06-10,30.5,-84.5,450
2024-06-10,30.5,-84.0,630
2024-06-10,30.5,-83.5,990
2024-06-10,30.5,-83.0,90
2024-06-10,30.5,-82.5,90
2024-06-10,30.5,-80.0,180
2024-06-10,30.5,-79.0,180
2024-06-10,30.5,-78.5,810
2024-06-10,30.5,-78.0,630
2024-06-10,30.5,-77.5,180
2024-06-10,30.5,-77.0,180
2024-06-10,30.5,-76.5,180
2024-06-10,30.5,-76.0,270
2024-06-10,30.5,-75.5,90
2024-06-10,30.5,-75.0,900
2024-06-10,30.5,-74.5,90
2024-06-10,30.5,-74.0,540
2024-06-10,30.5,-73.5,630
2024-06-10,30.5,-73.0,720
2024-06-10,30.5,-72.5,360
2024-06-10,30.5,-72.0,270
2024-06-10,30.5,-71.5,450
2024-06-10,30.5,-71.0,90
2024-06-10,30.5,-70.5,180
2024-06-10,30.5,-70.0,270
2024-06-10,30.5,-69.0,180
2024-06-10,30.5,-67.0,90
2024-06-10,31.0,-103.5,90
2024-06-10,31.0,-103.0,1890
2024-06-10,31.0,-102.5,2790
2024-06-10,31.0,-102.0,4770
2024-06-10,31.0,-101.5,1980
2024-06-10,31.0,-101.0,990
2024-06-10,31.0,-100.5,720
2024-06-10,31.0,-100.0,900
2024-06-10,31.0,-99.5,810
2024-06-10,31.0,-99.0,180
2024-06-10,31.0,-98.5,180
2024-06-10,31.0,-98.0,1170
2024-06-10,31.0,-97.5,1080
2024-06-10,31.0,-97.0,270
2024-06-10,31.0,-96.5,360
2024-06-10,31.0,-96.0,1170
2024-06-10,31.0,-95.5,990
2024-06-10,31.0,-95.0,270
2024-06-10,31.0,-94.5,90
2024-06-10,31.0,-94.0,90
2024-06-10,31.0,-93.5,180
2024-06-10,31.0,-93.0,360
2024-06-10,31.0,-92.5,2070
2024-06-10,31.0,-92.0,900
2024-06-10,31.0,-91.5,2520
2024-06-10,31.0,-91.0,2790
2024-06-10,31.0,-90.5,1350
2024-06-10,31.0,-90.0,1530
2024-06-10,31.0,-89.5,360
2024-06-10,31.0,-89.0,1440
2024-06-10,31.0,-88.5,720
2024-06-10,31.0,-88.0,630
2024-06-10,31.0,-87.5,1080
2024-06-10,31.0,-87.0,3150
2024-06-10,31.0,-86.5,2700
2024-06-10,31.0,-86.0,1530
2024-06-10,31.0,-85.5,2430
2024-06-10,31.0,-85.0,990
2024-06-10,31.0,-84.5,1080
2024-06-10,31.0,-84.0,180
2024-06-10,31.0,-83.5,270
2024-06-10,31.0,-81.5,540
2024-06-10,31.0,-81.0,90
2024-06-10,31.0,-80.5,450
2024-06-10,31.0,-79.0,810
2024-06-10,31.0,-78.5,450
2024-06-10,31.0,-78.0,360
2024-06-10,31.0,-77.5,4860
2024-06-10,31.0,-77.0,1620
2024-06-10,31.0,-76.5,990
2024-06-10,31.0,-76.0,720
2024-06-10,31.0,-75.5,990
2024-06-10,31.0,-75.0,1170
2024-06-10,31.0,-74.5,720
2024-06-10,31.0,-74.0,90
2024-06-10,31.0,-73.0,90
2024-06-10,31.0,-72.5,270
2024-06-10,31.0,-72.0,180
2024-06-10,31.0,-71.0,360
2024-06-10,31.0,-70.5,360
2024-06-10,31.0,-70.0,180
2024-06-10,31.0,-69.0,180
2024-06-10,31.0,-68.0,90
2024-06-10,31.0,-67.5,90
2024-06-10,31.0,-67.0,90
2024-06-10,31.5,-105.0,180
2024-06-10,31.5,-104.5,180
2024-06-10,31.5,-104.0,630
2024-06-10,31.5,-103.5,180
2024-06-10,31.5,-103.0,990
2024-06-10,31.5,-102.5,4770
2024-06-10,31.5,-102.0,1260
2024-06-10,31.5,-101.5,360
2024-06-10,31.5,-101.0,810
2024-06-10,31.5,-100.5,630
2024-06-10,31.5,-100.0,1710
2024-06-10,31.5,-99.5,540
2024-06-10,31.5,-99.0,2340
2024-06-10,31.5,-98.5,270
2024-06-10,31.5,-98.0,990
2024-06-10,31.5,-97.5,720
2024-06-10,31.5,-97.0,1980
2024-06-10,31.5,-96.5,1440
2024-06-10,31.5,-96.0,1260
2024-06-10,31.5,-95.5,900
2024-06-10,31.5,-95.0,90
2024-06-10,31.5,-94.5,180
2024-06-10,31.5,-94.0,90
2024-06-10,31.5,-92.5,450
2024-06-10,31.5,-92.0,3150
2024-06-10,31.5,-91.5,630
2024-06-10,31.5,-91.0,450
2024-06-10,31.5,-90.5,720
2024-06-10,31.5,-90.0,540
2024-06-10,31.5,-89.5,630
2024-06-10,31.5,-88.0,90
2024-06-10,31.5,-87.5,1260
2024-06-10,31.5,-86.5,270
2024-06-10,31.5,-86.0,450
2024-06-10,31.5,-85.5,270
2024-06-10,31.5,-85.0,1260
2024-06-10,31.5,-84.5,2070
2024-06-10,31.5,-84.0,1080
2024-06-10,31.5,-83.5,2250
2024-06-10,31.5,-83.0,990
2024-06-10,31.5,-82.5,810
2024-06-10,31.5,-82.0,3150
2024-06-10,31.5,-81.5,2700
2024-06-10,31.5,-81.0,3870
2024-06-10,31.5,-80.5,5850
2024-06-10,31.5,-80.0,2520
2024-06-10,31.5,-79.5,1890
2024-06-10,31.5,-79.0,1530
2024-06-10,31.5,-78.5,3600
2024-06-10,31.5,-78.0,2610
2024-06-10,31.5,-77.5,1440
2024-06-10,31.5,-77.0,3060
2024-06-10,31.5,-76.5,4680
2024-06-10,31.5,-76.0,1170
2024-06-10,31.5,-75.5,4140
2024-06-10,31.5,-75.0,1170
2024-06-10,31.5,-74.5,2520
2024-06-10,31.5,-74.0,1710
2024-06-10,31.5,-73.5,630
2024-06-10,31.5,-73.0,1980
2024-06-10,31.5,-72.5,2790
2024-06-10,31.5,-72.0,360
2024-06-10,31.5,-71.5,90
2024-06-10,31.5,-70.5,180
2024-06-10,31.5,-70.0,450
2024-06-10,31.5,-69.5,540
2024-06-10,31.5,-68.5,90
2024-06-10,31.5,-68.0,90
2024-06-10,31.5,-67.0,270
2024-06-10,31.5,-66.5,90
2024-06-10,31.5,-66.0,180
2024-06-10,32.0,-105.5,180
2024-06-10,32.0,-105.0,540
2024-06-10,32.0,-104.5,1530
2024-06-10,32.0,-104.0,90
2024-06-10,32.0,-103.5,180
2024-06-10,32.0,-103.0,180
2024-06-10,32.0,-102.5,1170
2024-06-10,32.0,-102.0,450
2024-06-10,32.0,-101.5,180
2024-06-10,32.0,-101.0,540
2024-06-10,32.0,-100.5,540
2024-06-10,32.0,-100.0,540
2024-06-10,32.0,-99.5,2070
2024-06-10,32.0,-99.0,720
2024-06-10,32.0,-98.5,1350
2024-06-10,32.0,-98.0,630
2024-06-10,32.0,-97.5,180
2024-06-10,32.0,-97.0,450
2024-06-10,32.0,-96.5,540
2024-06-10,32.0,-95.5,630
2024-06-10,32.0,-95.0,270
2024-06-10,32.0,-92.0,1080
2024-06-10,32.0,-91.5,540
2024-06-10,32.0,-91.0,720
2024-06-10,32.0,-90.5,180
2024-06-10,32.0,-90.0,270
2024-06-10,32.0,-89.5,180
2024-06-10,32.0,-89.0,270
2024-06-10,32.0,-88.5,270
2024-06-10,32.0,-87.5,1080
2024-06-10,32.0,-87.0,270
2024-06-10,32.0,-86.5,270
2024-06-10,32.0,-84.5,90
2024-06-10,32.0,-84.0,1260
2024-06-10,32.0,-83.5,1800
2024-06-10,32.0,-83.0,270
2024-06-10,32.0,-82.5,990
2024-06-10,32.0,-81.5,4230
2024-06-10,32.0,-81.0,2520
2024-06-10,32.0,-80.5,90
2024-06-10,32.0,-80.0,900
2024-06-10,32.0,-79.5,2160
2024-06-10,32.0,-79.0,3240
2024-06-10,32.0,-78.5,3510
2024-06-10,32.0,-78.0,2880
2024-06-10,32.0,-77.5,3870
2024-06-10,32.0,-77.0,360
2024-06-10,32.0,-76.5,1620
2024-06-10,32.0,-76.0,1080
2024-06-10,32.0,-75.5,2520
2024-06-10,32.0,-75.0,3060
2024-06-10,32.0,-74.5,2700
2024-06-10,32.0,-74.0,4770
2024-06-10,32.0,-73.5,7560
2024-06-10,32.0,-73.0,12150
2024-06-10,32.0,-72.5,4500
2024-06-10,32.0,-72.0,720
2024-06-10,32.0,-71.5,720
2024-06-10,32.0,-71.0,180
2024-06-10,32.0,-70.5,180
2024-06-10,32.0,-69.5,90
2024-06-10,32.0,-68.0,90
2024-06-10,32.0,-67.5,90
2024-06-10,32.0,-67.0,270
2024-06-10,32.0,-66.0,90
2024-06-10,32.5,-106.0,360
2024-06-10,32.5,-105.5,630
2024-06-10,32.5,-105.0,540
2024-06-10,32.5,-104.5,180
2024-06-10,32.5,-104.0,90
2024-06-10,32.5,-103.5,450
2024-06-10,32.5,-103.0,1260
2024-06-10,32.5,-102.5,2610
2024-06-10,32.5,-102.0,2070
2024-06-10,32.5,-101.5,2880
2024-06-10,32.5,-101.0,900
2024-06-10,32.5,-100.5,900
2024-06-10,32.5,-100.0,540
2024-06-10,32.5,-99.5,180
2024-06-10,32.5,-99.0,270
2024-06-10,32.5,-98.5,540
2024-06-10,32.5,-98.0,90
2024-06-10,32.5,-97.5,270
2024-06-10,32.5,-97.0,630
2024-06-10,32.5,-96.5,720
2024-06-10,32.5,-92.0,90
2024-06-10,32.5,-91.0,1530
2024-06-10,32.5,-90.5,90
2024-06-10,32.5,-90.0,90
2024-06-10,32.5,-89.5,270
2024-06-10,32.5,-88.5,180
2024-06-10,32.5,-88.0,1800
2024-06-10,32.5,-87.0,270
2024-06-10,32.5,-85.5,180
2024-06-10,32.5,-83.0,2520
2024-06-10,32.5,-82.5,3330
2024-06-10,32.5,-82.0,2070
2024-06-10,32.5,-81.5,270
2024-06-10,32.5,-81.0,4320
2024-06-10,32.5,-80.5,1170
2024-06-10,32.5,-80.0,630
2024-06-10,32.5,-79.5,270
2024-06-10,32.5,-79.0,1080
2024-06-10,32.5,-78.5,1530
2024-06-10,32.5,-78.0,1890
2024-06-10,32.5,-77.5,540
2024-06-10,32.5,-77.0,2520
2024-06-10,32.5,-76.5,4050
2024-06-10,32.5,-76.0,270
2024-06-10,32.5,-75.5,2970
2024-06-10,32.5,-75.0,5220
2024-06-10,32.5,-74.5,6660
2024-06-10,32.5,-74.0,5760
2024-06-10,32.5,-73.5,3240
2024-06-10,32.5,-73.0,7110
2024-06-10,32.5,-72.5,4500
2024-06-10,32.5,-72.0,2610
2024-06-10,32.5,-71.5,810
2024-06-10,32.5,-71.0,180
2024-06-10,32.5,-70.0,270
2024-06-10,32.5,-69.5,90
2024-06-10,32.5,-69.0,90
2024-06-10,32.5,-68.5,180
2024-06-10,32.5,-67.0,90
2024-06-10,32.5,-66.0,90
2024-06-10,33.0,-113.5,90
2024-06-10,33.0,-109.5,90
2024-06-10,33.0,-109.0,90
2024-06-10,33.0,-108.0,90
2024-06-10,33.0,-107.5,90
2024-06-10,33.0,-106.5,270
2024-06-10,33.0,-106.0,810
2024-06-10,33.0,-105.5,1080
2024-06-10,33.0,-105.0,1350
2024-06-10,33.0,-104.5,2880
2024-06-10,33.0,-104.0,2970
2024-06-10,33.0,-103.5,810
2024-06-10,33.0,-103.0,5400
2024-06-10,33.0,-102.5,6120
2024-06-10,33.0,-102.0,4500
2024-06-10,33.0,-101.5,5310
2024-06-10,33.0,-101.0,4050
2024-06-10,33.0,-100.5,3870
2024-06-10,33.0,-100.0,4680
2024-06-10,33.0,-99.5,1170
2024-06-10,33.0,-99.0,360
2024-06-10,33.0,-98.5,360
2024-06-10,33.0,-98.0,90
2024-06-10,33.0,-97.0,90
2024-06-10,33.0,-96.5,180
2024-06-10,33.0,-96.0,90
2024-06-10,33.0,-89.5,180
2024-06-10,33.0,-89.0,90
2024-06-10,33.0,-88.5,1350
2024-06-10,33.0,-88.0,2160
2024-06-10,33.0,-87.5,1080
2024-06-10,33.0,-87.0,270
2024-06-10,33.0,-86.5,270
2024-06-10,33.0,-86.0,270
2024-06-10,33.0,-85.5,1620
2024-06-10,33.0,-85.0,1620
2024-06-10,33.0,-84.0,450
2024-06-10,33.0,-83.5,1440
2024-06-10,33.0,-83.0,360
2024-06-10,33.0,-82.5,1170
2024-06-10,33.0,-82.0,1440
2024-06-10,33.0,-81.5,810
2024-06-10,33.0,-81.0,450
2024-06-10,33.0,-80.5,1710
2024-06-10,33.0,-80.0,2790
2024-06-10,33.0,-79.5,990
2024-06-10,33.0,-79.0,360
2024-06-10,33.0,-78.5,540
2024-06-10,33.0,-78.0,360
2024-06-10,33.0,-77.5,1080
2024-06-10,33.0,-77.0,2880
2024-06-10,33.0,-76.5,2340
2024-06-10,33.0,-76.0,2610
2024-06-10,33.0,-75.5,4680
2024-06-10,33.0,-75.0,1890
2024-06-10,33.0,-74.5,4410
2024-06-10,33.0,-74.0,2070
2024-06-10,33.0,-73.5,6120
2024-06-10,33.0,-73.0,5940
2024-06-10,33.0,-72.5,7470
2024-06-10,33.0,-72.0,2250
2024-06-10,33.0,-71.5,1980
2024-06-10,33.0,-71.0,810
2024-06-10,33.0,-70.5,1530
2024-06-10,33.0,-70.0,540
2024-06-10,33.0,-69.5,720
2024-06-10,33.0,-69.0,1530
2024-06-10,33.0,-68.5,90
2024-06-10,33.0,-68.0,90
2024-06-10,33.0,-67.5,90
2024-06-10,33.0,-66.5,270
2024-06-10,33.0,-66.0,360
2024-06-10,33.5,-106.5,270
2024-06-10,33.5,-106.0,630
2024-06-10,33.5,-105.5,1170
2024-06-10,33.5,-105.0,360
2024-06-10,33.5,-104.5,3420
2024-06-10,33.5,-104.0,5760
2024-06-10,33.5,-103.5,3060
2024-06-10,33.5,-103.0,5940
2024-06-10,33.5,-102.5,4050
2024-06-10,33.5,-102.0,2430
2024-06-10,33.5,-101.5,2520
2024-06-10,33.5,-101.0,1350
2024-06-10,33.5,-100.5,3780
2024-06-10,33.5,-100.0,5580
2024-06-10,33.5,-99.5,2520
2024-06-10,33.5,-99.0,1530
2024-06-10,33.5,-98.5,2160
2024-06-10,33.5,-98.0,1800
2024-06-10,33.5,-97.5,630
2024-06-10,33.5,-96.0,90
2024-06-10,33.5,-95.0,90
2024-06-10,33.5,-94.5,90
2024-06-10,33.5,-94.0,90
2024-06-10,33.5,-92.5,90
2024-06-10,33.5,-90.5,270
2024-06-10,33.5,-90.0,180
2024-06-10,33.5,-89.5,450
2024-06-10,33.5,-89.0,90
2024-06-10,33.5,-88.5,90
2024-06-10,33.5,-88.0,450
2024-06-10,33.5,-87.5,1260
2024-06-10,33.5,-87.0,270
2024-06-10,33.5,-86.5,720
2024-06-10,33.5,-86.0,1710
2024-06-10,33.5,-85.0,90
2024-06-10,33.5,-84.5,540
2024-06-10,33.5,-84.0,270
2024-06-10,33.5,-83.5,270
2024-06-10,33.5,-83.0,180
2024-06-10,33.5,-82.0,720
2024-06-10,33.5,-81.5,360
2024-06-10,33.5,-81.0,270
2024-06-10,33.5,-80.5,450
2024-06-10,33.5,-80.0,2790
2024-06-10,33.5,-79.5,900
2024-06-10,33.5,-79.0,1710
2024-06-10,33.5,-78.5,2610
2024-06-10,33.5,-78.0,180
2024-06-10,33.5,-77.5,360
2024-06-10,33.5,-77.0,270
2024-06-10,33.5,-76.5,180
2024-06-10,33.5,-76.0,1170
2024-06-10,33.5,-75.5,450
2024-06-10,33.5,-75.0,2070
2024-06-10,33.5,-74.5,990
2024-06-10,33.5,-74.0,1980
2024-06-10,33.5,-73.5,1620
2024-06-10,33.5,-73.0,1260
2024-06-10,33.5,-72.5,3420
2024-06-10,33.5,-72.0,2070
2024-06-10,33.5,-71.5,990
2024-06-10,33.5,-71.0,2070
2024-06-10,33.5,-70.5,1170
2024-06-10,33.5,-70.0,1710
2024-06-10,33.5,-69.5,1350
2024-06-10,33.5,-69.0,270
2024-06-10,33.5,-68.5,1170
2024-06-10,33.5,-68.0,540
2024-06-10,33.5,-67.5,90
2024-06-10,33.5,-65.5,90
2024-06-10,34.0,-107.5,450
2024-06-10,34.0,-106.5,360
2024-06-10,34.0,-106.0,180
2024-06-10,34.0,-105.5,540
2024-06-10,34.0,-105.0,180
2024-06-10,34.0,-104.5,270
2024-06-10,34.0,-104.0,1800
2024-06-10,34.0,-103.5,5040
2024-06-10,34.0,-103.0,2430
2024-06-10,34.0,-102.5,2340
2024-06-10,34.0,-102.0,1260
2024-06-10,34.0,-101.5,360
2024-06-10,34.0,-101.0,540
2024-06-10,34.0,-100.5,1350
2024-06-10,34.0,-100.0,1080
2024-06-10,34.0,-99.5,270
2024-06-10,34.0,-99.0,630
2024-06-10,34.0,-98.5,180
2024-06-10,34.0,-98.0,1710
2024-06-10,34.0,-97.5,2160
2024-06-10,34.0,-97.0,990
2024-06-10,34.0,-95.5,90
2024-06-10,34.0,-95.0,270
2024-06-10,34.0,-94.5,1080
2024-06-10,34.0,-91.5,90
2024-06-10,34.0,-90.5,180
2024-06-10,34.0,-90.0,270
2024-06-10,34.0,-89.5,360
2024-06-10,34.0,-89.0,1350
2024-06-10,34.0,-88.5,1710
2024-06-10,34.0,-88.0,720
2024-06-10,34.0,-87.5,990
2024-06-10,34.0,-87.0,360
2024-06-10,34.0,-86.5,360
2024-06-10,34.0,-86.0,90
2024-06-10,34.0,-85.5,90
2024-06-10,34.0,-85.0,360
2024-06-10,34.0,-84.5,810
2024-06-10,34.0,-84.0,90
2024-06-10,34.0,-83.5,90
2024-06-10,34.0,-83.0,180
2024-06-10,34.0,-82.0,90
2024-06-10,34.0,-81.0,90
2024-06-10,34.0,-80.5,270
2024-06-10,34.0,-80.0,270
2024-06-10,34.0,-79.5,90
2024-06-10,34.0,-78.5,90
2024-06-10,34.0,-76.0,90
2024-06-10,34.0,-75.5,90
2024-06-10,34.0,-75.0,1440
2024-06-10,34.0,-74.5,990
2024-06-10,34.0,-74.0,810
2024-06-10,34.0,-73.5,810
2024-06-10,34.0,-73.0,270
2024-06-10,34.0,-72.5,450
2024-06-10,34.0,-72.0,3240
2024-06-10,34.0,-71.5,1080
2024-06-10,34.0,-71.0,2430
2024-06-10,34.0,-70.5,1800
2024-06-10,34.0,-70.0,2340
2024-06-10,34.0,-69.5,810
2024-06-10,34.0,-69.0,720
2024-06-10,34.0,-68.5,1710
2024-06-10,34.0,-67.5,630
2024-06-10,34.0,-67.0,180
2024-06-10,34.0,-66.5,270
2024-06-10,34.0,-65.5,180
2024-06-10,34.5,-115.5,180
2024-06-10,34.5,-109.0,180
2024-06-10,34.5,-108.5,90
2024-06-10,34.5,-106.5,180
2024-06-10,34.5,-106.0,360
2024-06-10,34.5,-105.5,1620
2024-06-10,34.5,-105.0,1980
2024-06-10,34.5,-104.5,1440
2024-06-10,34.5,-104.0,720
2024-06-10,34.5,-103.5,2160
2024-06-10,34.5,-103.0,1350
2024-06-10,34.5,-102.5,2970
2024-06-10,34.5,-102.0,1620
2024-06-10,34.5,-101.5,90
2024-06-10,34.5,-101.0,810
2024-06-10,34.5,-100.5,180
2024-06-10,34.5,-100.0,90
2024-06-10,34.5,-95.0,180
2024-06-10,34.5,-94.5,1620
2024-06-10,34.5,-93.5,450
2024-06-10,34.5,-93.0,450
2024-06-10,34.5,-92.5,180
2024-06-10,34.5,-92.0,630
2024-06-10,34.5,-88.0,90
2024-06-10,34.5,-87.5,990
2024-06-10,34.5,-87.0,90
2024-06-10,34.5,-85.5,450
2024-06-10,34.5,-85.0,180
2024-06-10,34.5,-84.0,270
2024-06-10,34.5,-83.0,180
2024-06-10,34.5,-81.5,270
2024-06-10,34.5,-81.0,2160
2024-06-10,34.5,-74.5,360
2024-06-10,34.5,-73.5,360
2024-06-10,34.5,-73.0,450
2024-06-10,34.5,-72.5,1530
2024-06-10,34.5,-72.0,270
2024-06-10,34.5,-71.5,990
2024-06-10,34.5,-71.0,540
2024-06-10,34.5,-70.5,720
2024-06-10,34.5,-70.0,180
2024-06-10,34.5,-69.5,1890
2024-06-10,34.5,-69.0,3870
2024-06-10,34.5,-68.5,1800
2024-06-10,34.5,-68.0,2520
2024-06-10,34.5,-67.5,4500
2024-06-10,34.5,-67.0,630
2024-06-10,34.5,-66.5,270
2024-06-10,34.5,-66.0,180
2024-06-10,35.0,-113.0,180
2024-06-10,35.0,-112.5,180
2024-06-10,35.0,-109.0,90
2024-06-10,35.0,-108.5,270
2024-06-10,35.0,-108.0,630
2024-06-10,35.0,-107.5,360
2024-06-10,35.0,-107.0,90
2024-06-10,35.0,-106.5,270
2024-06-10,35.0,-106.0,1710
2024-06-10,35.0,-105.5,2970
2024-06-10,35.0,-105.0,1440
2024-06-10,35.0,-104.5,540
2024-06-10,35.0,-104.0,990
2024-06-10,35.0,-103.5,1800
2024-06-10,35.0,-103.0,1260
2024-06-10,35.0,-102.5,2070
2024-06-10,35.0,-102.0,810
2024-06-10,35.0,-101.5,180
2024-06-10,35.0,-99.5,630
2024-06-10,35.0,-99.0,1440
2024-06-10,35.0,-94.0,810
2024-06-10,35.0,-93.5,90
2024-06-10,35.0,-92.5,90
2024-06-10,35.0,-88.5,90
2024-06-10,35.0,-86.5,90
2024-06-10,35.0,-85.5,90
2024-06-10,35.0,-85.0,90
2024-06-10,35.0,-84.5,1080
2024-06-10,35.0,-84.0,630
2024-06-10,35.0,-83.0,90
2024-06-10,35.0,-81.5,180
2024-06-10,35.0,-80.5,90
2024-06-10,35.0,-80.0,270
2024-06-10,35.0,-74.5,90
2024-06-10,35.0,-74.0,270
2024-06-10,35.0,-73.5,360
2024-06-10,35.0,-73.0,360
2024-06-10,35.0,-72.5,360
2024-06-10,35.0,-72.0,630
2024-06-10,35.0,-71.0,270
2024-06-10,35.0,-70.5,900
2024-06-10,35.0,-70.0,810
2024-06-10,35.0,-69.5,540
2024-06-10,35.0,-69.0,1890
2024-06-10,35.0,-68.5,900
2024-06-10,35.0,-68.0,1710
2024-06-10,35.0,-67.5,720
2024-06-10,35.0,-67.0,2070
2024-06-10,35.0,-66.5,810
2024-06-10,35.0,-66.0,90
2024-06-10,35.0,-65.5,270
2024-06-10,35.5,-130.0,270
2024-06-10,35.5,-112.0,90
2024-06-10,35.5,-110.5,180
2024-06-10,35.5,-110.0,90
2024-06-10,35.5,-109.0,180
2024-06-10,35.5,-108.5,450
2024-06-10,35.5,-108.0,450
2024-06-10,35.5,-107.5,180
2024-06-10,35.5,-107.0,180
2024-06-10,35.5,-106.5,90
2024-06-10,35.5,-106.0,810
2024-06-10,35.5,-105.5,1260
2024-06-10,35.5,-105.0,1710
2024-06-10,35.5,-104.5,990
2024-06-10,35.5,-104.0,900
2024-06-10,35.5,-103.5,1800
2024-06-10,35.5,-103.0,3060
2024-06-10,35.5,-102.5,1080
2024-06-10,35.5,-102.0,720
2024-06-10,35.5,-101.5,180
2024-06-10,35.5,-100.5,90
2024-06-10,35.5,-100.0,450
2024-06-10,35.5,-99.5,810
2024-06-10,35.5,-99.0,1530
2024-06-10,35.5,-98.5,450
2024-06-10,35.5,-88.0,270
2024-06-10,35.5,-87.5,810
2024-06-10,35.5,-87.0,90
2024-06-10,35.5,-86.5,630
2024-06-10,35.5,-86.0,1080
2024-06-10,35.5,-85.5,2520
2024-06-10,35.5,-85.0,270
2024-06-10,35.5,-84.0,360
2024-06-10,35.5,-83.5,360
2024-06-10,35.5,-83.0,180
2024-06-10,35.5,-78.5,90
2024-06-10,35.5,-76.0,270
2024-06-10,35.5,-74.5,180
2024-06-10,35.5,-74.0,810
2024-06-10,35.5,-73.5,90
2024-06-10,35.5,-73.0,360
2024-06-10,35.5,-72.5,450
2024-06-10,35.5,-72.0,270
2024-06-10,35.5,-71.5,360
2024-06-10,35.5,-71.0,90
2024-06-10,35.5,-70.5,360
2024-06-10,35.5,-70.0,270
2024-06-10,35.5,-69.5,360
2024-06-10,35.5,-69.0,180
2024-06-10,35.5,-68.5,270
2024-06-10,35.5,-68.0,360
2024-06-10,35.5,-67.5,540
2024-06-10,35.5,-67.0,900
2024-06-10,35.5,-66.5,1170
2024-06-10,35.5,-66.0,1800
2024-06-10,35.5,-65.5,2520
2024-06-10,36.0,-119.0,180
2024-06-10,36.0,-118.5,180
2024-06-10,36.0,-110.5,90
2024-06-10,36.0,-110.0,1080
2024-06-10,36.0,-109.5,90
2024-06-10,36.0,-109.0,360
2024-06-10,36.0,-108.5,180
2024-06-10,36.0,-107.5,90
2024-06-10,36.0,-107.0,90
2024-06-10,36.0,-105.5,990
2024-06-10,36.0,-105.0,2520
2024-06-10,36.0,-104.5,990
2024-06-10,36.0,-104.0,1170
2024-06-10,36.0,-103.5,990
2024-06-10,36.0,-103.0,90
2024-06-10,36.0,-102.5,990
2024-06-10,36.0,-102.0,1800
2024-06-10,36.0,-100.5,630
2024-06-10,36.0,-100.0,90
2024-06-10,36.0,-98.5,540
2024-06-10,36.0,-92.5,90
2024-06-10,36.0,-91.0,450
2024-06-10,36.0,-90.5,270
2024-06-10,36.0,-90.0,270
2024-06-10,36.0,-89.5,540
2024-06-10,36.0,-87.0,1530
2024-06-10,36.0,-86.5,5400
2024-06-10,36.0,-86.0,180
2024-06-10,36.0,-85.0,450
2024-06-10,36.0,-83.0,90
2024-06-10,36.0,-73.5,720
2024-06-10,36.0,-73.0,810
2024-06-10,36.0,-72.5,90
2024-06-10,36.0,-72.0,180
2024-06-10,36.0,-71.5,180
2024-06-10,36.0,-70.0,180
2024-06-10,36.0,-69.0,360
2024-06-10,36.0,-67.5,180
2024-06-10,36.0,-67.0,90
2024-06-10,36.0,-66.5,270
2024-06-10,36.0,-66.0,810
2024-06-10,36.0,-65.5,810
2024-06-10,36.5,-130.0,1440
2024-06-10,36.5,-118.5,90
2024-06-10,36.5,-110.5,360
2024-06-10,36.5,-110.0,180
2024-06-10,36.5,-109.5,180
2024-06-10,36.5,-109.0,180
2024-06-10,36.5,-108.0,360
2024-06-10,36.5,-107.5,90
2024-06-10,36.5,-107.0,180
2024-06-10,36.5,-106.5,180
2024-06-10,36.5,-106.0,180
2024-06-10,36.5,-105.5,270
2024-06-10,36.5,-105.0,1260
2024-06-10,36.5,-104.5,2340
2024-06-10,36.5,-104.0,1710
2024-06-10,36.5,-103.5,180
2024-06-10,36.5,-103.0,900
2024-06-10,36.5,-102.5,1350
2024-06-10,36.5,-102.0,1260
2024-06-10,36.5,-101.5,630
2024-06-10,36.5,-101.0,540
2024-06-10,36.5,-100.5,4860
2024-06-10,36.5,-100.0,270
2024-06-10,36.5,-99.5,270
2024-06-10,36.5,-99.0,180
2024-06-10,36.5,-94.0,90
2024-06-10,36.5,-93.5,270
2024-06-10,36.5,-93.0,90
2024-06-10,36.5,-90.0,1260
2024-06-10,36.5,-89.5,90
2024-06-10,36.5,-89.0,180
2024-06-10,36.5,-88.5,540
2024-06-10,36.5,-86.0,180
2024-06-10,36.5,-76.5,90
2024-06-10,36.5,-76.0,180
2024-06-10,36.5,-72.0,450
2024-06-10,36.5,-71.5,360
2024-06-10,36.5,-71.0,1080
2024-06-10,36.5,-70.5,270
2024-06-10,36.5,-70.0,180
2024-06-10,36.5,-69.5,270
2024-06-10,36.5,-69.0,90
2024-06-10,36.5,-68.5,180
2024-06-10,36.5,-68.0,90
2024-06-10,36.5,-66.5,90
2024-06-10,36.5,-66.0,360
2024-06-10,36.5,-65.5,360
2024-06-10,37.0,-130.0,630
2024-06-10,37.0,-119.0,90
2024-06-10,37.0,-110.0,180
2024-06-10,37.0,-109.5,90
2024-06-10,37.0,-109.0,90
2024-06-10,37.0,-108.5,90
2024-06-10,37.0,-107.5,360
2024-06-10,37.0,-107.0,270
2024-06-10,37.0,-106.5,90
2024-06-10,37.0,-106.0,450
2024-06-10,37.0,-105.5,540
2024-06-10,37.0,-105.0,1080
2024-06-10,37.0,-104.5,1980
2024-06-10,37.0,-104.0,1530
2024-06-10,37.0,-103.5,360
2024-06-10,37.0,-103.0,630
2024-06-10,37.0,-102.5,1080
2024-06-10,37.0,-102.0,1260
2024-06-10,37.0,-101.5,270
2024-06-10,37.0,-100.5,3690
2024-06-10,37.0,-100.0,2880
2024-06-10,37.0,-99.5,540
2024-06-10,37.0,-99.0,540
2024-06-10,37.0,-98.5,810
2024-06-10,37.0,-97.5,1170
2024-06-10,37.0,-97.0,1350
2024-06-10,37.0,-94.0,990
2024-06-10,37.0,-93.5,990
2024-06-10,37.0,-93.0,90
2024-06-10,37.0,-92.0,270
2024-06-10,37.0,-91.5,90
2024-06-10,37.0,-90.0,270
2024-06-10,37.0,-89.5,2430
2024-06-10,37.0,-88.5,450
2024-06-10,37.0,-88.0,90
2024-06-10,37.0,-86.5,810
2024-06-10,37.0,-72.5,180
2024-06-10,37.0,-72.0,90
2024-06-10,37.0,-71.5,1170
2024-06-10,37.0,-71.0,360
2024-06-10,37.0,-70.5,540
2024-06-10,37.0,-70.0,180
2024-06-10,37.0,-69.5,360
2024-06-10,37.0,-67.5,270
2024-06-10,37.0,-66.5,90
2024-06-10,37.0,-66.0,270
2024-06-10,37.0,-65.5,360
2024-06-10,37.5,-130.0,180
2024-06-10,37.5,-119.5,90
2024-06-10,37.5,-119.0,90
2024-06-10,37.5,-109.5,90
2024-06-10,37.5,-108.5,270
2024-06-10,37.5,-108.0,90
2024-06-10,37.5,-107.5,90
2024-06-10,37.5,-107.0,270
2024-06-10,37.5,-106.5,540
2024-06-10,37.5,-106.0,270
2024-06-10,37.5,-105.5,270
2024-06-10,37.5,-105.0,1980
2024-06-10,37.5,-104.5,1080
2024-06-10,37.5,-104.0,810
2024-06-10,37.5,-103.5,450
2024-06-10,37.5,-103.0,630
2024-06-10,37.5,-102.5,2250
2024-06-10,37.5,-102.0,4320
2024-06-10,37.5,-101.5,450
2024-06-10,37.5,-101.0,1170
2024-06-10,37.5,-100.5,1350
2024-06-10,37.5,-100.0,1440
2024-06-10,37.5,-99.5,720
2024-06-10,37.5,-99.0,1890
2024-06-10,37.5,-98.5,630
2024-06-10,37.5,-98.0,90
2024-06-10,37.5,-97.5,1080
2024-06-10,37.5,-97.0,1170
2024-06-10,37.5,-96.5,90
2024-06-10,37.5,-94.0,180
2024-06-10,37.5,-93.5,630
2024-06-10,37.5,-93.0,360
2024-06-10,37.5,-91.5,270
2024-06-10,37.5,-91.0,270
2024-06-10,37.5,-89.5,270
2024-06-10,37.5,-89.0,90
2024-06-10,37.5,-86.0,180
2024-06-10,37.5,-85.5,90
2024-06-10,37.5,-84.5,90
2024-06-10,37.5,-76.5,90
2024-06-10,37.5,-76.0,90
2024-06-10,37.5,-72.0,900
2024-06-10,37.5,-71.5,270
2024-06-10,37.5,-70.5,90
2024-06-10,37.5,-69.5,180
2024-06-10,37.5,-69.0,450
2024-06-10,37.5,-68.0,90
2024-06-10,37.5,-66.0,90
2024-06-10,38.0,-120.0,270
2024-06-10,38.0,-119.5,270
2024-06-10,38.0,-119.0,90
2024-06-10,38.0,-109.0,360
2024-06-10,38.0,-108.5,90
2024-06-10,38.0,-107.5,90
2024-06-10,38.0,-107.0,180
2024-06-10,38.0,-106.5,270
2024-06-10,38.0,-106.0,540
2024-06-10,38.0,-105.5,450
2024-06-10,38.0,-105.0,1800
2024-06-10,38.0,-104.5,810
2024-06-10,38.0,-104.0,1080
2024-06-10,38.0,-103.5,90
2024-06-10,38.0,-103.0,180
2024-06-10,38.0,-102.5,90
2024-06-10,38.0,-102.0,1170
2024-06-10,38.0,-101.5,1170
2024-06-10,38.0,-101.0,1170
2024-06-10,38.0,-100.5,990
2024-06-10,38.0,-100.0,900
2024-06-10,38.0,-99.5,1350
2024-06-10,38.0,-99.0,2070
2024-06-10,38.0,-98.5,450
2024-06-10,38.0,-98.0,1260
2024-06-10,38.0,-97.5,4410
2024-06-10,38.0,-97.0,5130
2024-06-10,38.0,-96.5,180
2024-06-10,38.0,-94.0,900
2024-06-10,38.0,-93.5,1260
2024-06-10,38.0,-93.0,450
2024-06-10,38.0,-92.5,90
2024-06-10,38.0,-91.0,720
2024-06-10,38.0,-85.5,180
2024-06-10,38.0,-84.5,90
2024-06-10,38.0,-77.5,180
2024-06-10,38.0,-77.0,180
2024-06-10,38.0,-76.5,1080
2024-06-10,38.0,-76.0,180
2024-06-10,38.0,-75.5,180
2024-06-10,38.0,-75.0,90
2024-06-10,38.0,-74.5,180
2024-06-10,38.0,-74.0,360
2024-06-10,38.0,-72.0,270
2024-06-10,38.0,-71.5,630
2024-06-10,38.0,-71.0,2880
2024-06-10,38.0,-70.5,1440
2024-06-10,38.0,-70.0,2340
2024-06-10,38.0,-69.5,90
2024-06-10,38.0,-69.0,90
2024-06-10,38.0,-68.0,90
2024-06-10,38.0,-67.5,90
2024-06-10,38.0,-66.5,90
2024-06-10,38.5,-119.5,810
2024-06-10,38.5,-119.0,180
2024-06-10,38.5,-118.5,180
2024-06-10,38.5,-111.0,90
2024-06-10,38.5,-109.5,180
2024-06-10,38.5,-109.0,180
2024-06-10,38.5,-107.5,90
2024-06-10,38.5,-106.5,270
2024-06-10,38.5,-106.0,360
2024-06-10,38.5,-105.5,810
2024-06-10,38.5,-105.0,360
2024-06-10,38.5,-104.5,540
2024-06-10,38.5,-104.0,180
2024-06-10,38.5,-103.0,720
2024-06-10,38.5,-102.5,450
2024-06-10,38.5,-102.0,990
2024-06-10,38.5,-101.5,1440
2024-06-10,38.5,-101.0,1350
2024-06-10,38.5,-100.5,630
2024-06-10,38.5,-100.0,810
2024-06-10,38.5,-99.5,990
2024-06-10,38.5,-99.0,5760
2024-06-10,38.5,-98.5,3690
2024-06-10,38.5,-98.0,2520
2024-06-10,38.5,-97.5,4950
2024-06-10,38.5,-97.0,8190
2024-06-10,38.5,-96.5,540
2024-06-10,38.5,-95.0,90
2024-06-10,38.5,-94.5,180
2024-06-10,38.5,-94.0,1260
2024-06-10,38.5,-93.5,1440
2024-06-10,38.5,-93.0,3240
2024-06-10,38.5,-92.5,2250
2024-06-10,38.5,-92.0,360
2024-06-10,38.5,-91.0,270
2024-06-10,38.5,-90.5,180
2024-06-10,38.5,-86.0,90
2024-06-10,38.5,-85.5,90
2024-06-10,38.5,-85.0,180
2024-06-10,38.5,-83.0,180
2024-06-10,38.5,-76.0,360
2024-06-10,38.5,-75.5,270
2024-06-10,38.5,-74.5,90
2024-06-10,38.5,-74.0,180
2024-06-10,38.5,-71.5,90
2024-06-10,38.5,-70.5,450
2024-06-10,38.5,-70.0,180
2024-06-10,39.0,-119.0,90
2024-06-10,39.0,-117.5,90
2024-06-10,39.0,-110.5,180
2024-06-10,39.0,-109.5,360
2024-06-10,39.0,-109.0,90
2024-06-10,39.0,-108.5,90
2024-06-10,39.0,-108.0,180
2024-06-10,39.0,-107.0,90
2024-06-10,39.0,-106.5,540
2024-06-10,39.0,-106.0,270
2024-06-10,39.0,-105.5,360
2024-06-10,39.0,-105.0,540
2024-06-10,39.0,-104.5,360
2024-06-10,39.0,-104.0,90
2024-06-10,39.0,-103.5,630
2024-06-10,39.0,-103.0,720
2024-06-10,39.0,-102.5,270
2024-06-10,39.0,-102.0,990
2024-06-10,39.0,-101.5,360
2024-06-10,39.0,-101.0,1530
2024-06-10,39.0,-100.5,630
2024-06-10,39.0,-100.0,540
2024-06-10,39.0,-99.5,270
2024-06-10,39.0,-99.0,3150
2024-06-10,39.0,-98.5,2340
2024-06-10,39.0,-98.0,2160
2024-06-10,39.0,-97.5,4500
2024-06-10,39.0,-97.0,4770
2024-06-10,39.0,-96.5,7740
2024-06-10,39.0,-96.0,3330
2024-06-10,39.0,-95.5,720
2024-06-10,39.0,-95.0,2430
2024-06-10,39.0,-94.5,1800
2024-06-10,39.0,-94.0,5580
2024-06-10,39.0,-93.5,3330
2024-06-10,39.0,-93.0,2700
2024-06-10,39.0,-92.5,1350
2024-06-10,39.0,-92.0,90
2024-06-10,39.0,-91.5,180
2024-06-10,39.0,-91.0,180
2024-06-10,39.0,-90.5,540
2024-06-10,39.0,-90.0,360
2024-06-10,39.0,-88.5,90
2024-06-10,39.0,-87.0,90
2024-06-10,39.0,-86.5,990
2024-06-10,39.0,-85.0,90
2024-06-10,39.0,-83.0,180
2024-06-10,39.0,-82.5,630
2024-06-10,39.0,-82.0,270
2024-06-10,39.0,-81.5,720
2024-06-10,39.0,-80.0,90
2024-06-10,39.0,-79.0,180
2024-06-10,39.0,-78.5,90
2024-06-10,39.0,-78.0,90
2024-06-10,39.0,-75.5,720
2024-06-10,39.0,-69.5,90
2024-06-10,39.5,-119.0,90
2024-06-10,39.5,-117.5,90
2024-06-10,39.5,-117.0,90
2024-06-10,39.5,-116.5,180
2024-06-10,39.5,-110.0,90
2024-06-10,39.5,-109.5,270
2024-06-10,39.5,-109.0,180
2024-06-10,39.5,-108.5,90
2024-06-10,39.5,-107.5,90
2024-06-10,39.5,-107.0,270
2024-06-10,39.5,-106.0,540
2024-06-10,39.5,-105.5,540
2024-06-10,39.5,-105.0,180
2024-06-10,39.5,-104.5,180
2024-06-10,39.5,-104.0,360
2024-06-10,39.5,-103.5,1530
2024-06-10,39.5,-103.0,720
2024-06-10,39.5,-102.5,90
2024-06-10,39.5,-102.0,360
2024-06-10,39.5,-101.5,180
2024-06-10,39.5,-101.0,540
2024-06-10,39.5,-100.5,540
2024-06-10,39.5,-100.0,2700
2024-06-10,39.5,-99.5,2160
2024-06-10,39.5,-99.0,810
2024-06-10,39.5,-98.5,1350
2024-06-10,39.5,-98.0,2250
2024-06-10,39.5,-97.5,4320
2024-06-10,39.5,-97.0,4860
2024-06-10,39.5,-96.5,6570
2024-06-10,39.5,-96.0,4050
2024-06-10,39.5,-95.5,2430
2024-06-10,39.5,-95.0,3510
2024-06-10,39.5,-94.5,2340
2024-06-10,39.5,-94.0,1800
2024-06-10,39.5,-93.5,5130
2024-06-10,39.5,-93.0,5220
2024-06-10,39.5,-92.5,2610
2024-06-10,39.5,-92.0,2790
2024-06-10,39.5,-91.5,540
2024-06-10,39.5,-91.0,1800
2024-06-10,39.5,-90.5,990
2024-06-10,39.5,-90.0,540
2024-06-10,39.5,-89.5,270
2024-06-10,39.5,-89.0,450
2024-06-10,39.5,-88.0,90
2024-06-10,39.5,-87.5,90
2024-06-10,39.5,-87.0,360
2024-06-10,39.5,-86.5,270
2024-06-10,39.5,-86.0,630
2024-06-10,39.5,-85.5,90
2024-06-10,39.5,-83.0,360
2024-06-10,39.5,-82.5,360
2024-06-10,39.5,-82.0,1890
2024-06-10,39.5,-81.5,180
2024-06-10,39.5,-81.0,90
2024-06-10,39.5,-80.5,360
2024-06-10,39.5,-80.0,360
2024-06-10,39.5,-79.5,90
2024-06-10,39.5,-79.0,270
2024-06-10,39.5,-78.5,720
2024-06-10,39.5,-76.0,720
2024-06-10,39.5,-75.0,90
2024-06-10,39.5,-74.0,180
2024-06-10,40.0,-117.0,90
2024-06-10,40.0,-116.5,360
2024-06-10,40.0,-110.5,90
2024-06-10,40.0,-107.5,180
2024-06-10,40.0,-107.0,90
2024-06-10,40.0,-106.5,180
2024-06-10,40.0,-106.0,360
2024-06-10,40.0,-105.5,360
2024-06-10,40.0,-105.0,720
2024-06-10,40.0,-104.5,630
2024-06-10,40.0,-104.0,2250
2024-06-10,40.0,-103.5,2070
2024-06-10,40.0,-103.0,3420
2024-06-10,40.0,-102.5,1530
2024-06-10,40.0,-102.0,630
2024-06-10,40.0,-101.5,1350
2024-06-10,40.0,-101.0,900
2024-06-10,40.0,-100.5,1080
2024-06-10,40.0,-100.0,1530
2024-06-10,40.0,-99.5,2520
2024-06-10,40.0,-99.0,900
2024-06-10,40.0,-98.5,720
2024-06-10,40.0,-98.0,1620
2024-06-10,40.0,-97.5,1350
2024-06-10,40.0,-97.0,3690
2024-06-10,40.0,-96.5,1890
2024-06-10,40.0,-96.0,1890
2024-06-10,40.0,-95.5,1080
2024-06-10,40.0,-95.0,1080
2024-06-10,40.0,-94.5,180
2024-06-10,40.0,-94.0,180
2024-06-10,40.0,-93.5,90
2024-06-10,40.0,-93.0,3780
2024-06-10,40.0,-92.5,3780
2024-06-10,40.0,-92.0,2790
2024-06-10,40.0,-91.5,2070
2024-06-10,40.0,-91.0,630
2024-06-10,40.0,-90.5,180
2024-06-10,40.0,-90.0,270
2024-06-10,40.0,-89.5,900
2024-06-10,40.0,-89.0,810
2024-06-10,40.0,-88.5,1170
2024-06-10,40.0,-88.0,1890
2024-06-10,40.0,-87.5,1260
2024-06-10,40.0,-87.0,2700
2024-06-10,40.0,-86.5,720
2024-06-10,40.0,-86.0,990
2024-06-10,40.0,-85.5,90
2024-06-10,40.0,-83.5,180
2024-06-10,40.0,-83.0,450
2024-06-10,40.0,-82.5,360
2024-06-10,40.0,-82.0,1260
2024-06-10,40.0,-81.5,90
2024-06-10,40.0,-81.0,630
2024-06-10,40.0,-80.5,90
2024-06-10,40.0,-80.0,270
2024-06-10,40.0,-79.5,180
2024-06-10,40.0,-79.0,90
2024-06-10,40.0,-78.5,90
2024-06-10,40.0,-76.5,180
2024-06-10,40.0,-75.5,90
2024-06-10,40.0,-75.0,990
2024-06-10,40.0,-74.5,720
2024-06-10,40.0,-74.0,90
2024-06-10,40.0,-73.5,270
2024-06-10,40.5,-116.5,180
2024-06-10,40.5,-116.0,90
2024-06-10,40.5,-111.0,90
2024-06-10,40.5,-110.5,360
2024-06-10,40.5,-110.0,180
2024-06-10,40.5,-109.5,90
2024-06-10,40.5,-109.0,270
2024-06-10,40.5,-107.5,90
2024-06-10,40.5,-106.5,270
2024-06-10,40.5,-106.0,270
2024-06-10,40.5,-105.5,630
2024-06-10,40.5,-105.0,540
2024-06-10,40.5,-104.5,720
2024-06-10,40.5,-104.0,3780
2024-06-10,40.5,-103.5,4320
2024-06-10,40.5,-103.0,1530
2024-06-10,40.5,-102.5,2070
2024-06-10,40.5,-102.0,810
2024-06-10,40.5,-101.5,810
2024-06-10,40.5,-101.0,1080
2024-06-10,40.5,-100.5,180
2024-06-10,40.5,-100.0,360
2024-06-10,40.5,-99.5,90
2024-06-10,40.5,-99.0,810
2024-06-10,40.5,-98.5,450
2024-06-10,40.5,-98.0,540
2024-06-10,40.5,-97.5,180
2024-06-10,40.5,-97.0,1440
2024-06-10,40.5,-96.5,1800
2024-06-10,40.5,-96.0,1800
2024-06-10,40.5,-95.5,810
2024-06-10,40.5,-95.0,1890
2024-06-10,40.5,-94.5,270
2024-06-10,40.5,-94.0,90
2024-06-10,40.5,-93.5,90
2024-06-10,40.5,-92.5,360
2024-06-10,40.5,-92.0,1890
2024-06-10,40.5,-91.5,2700
2024-06-10,40.5,-91.0,3600
2024-06-10,40.5,-90.5,1170
2024-06-10,40.5,-90.0,1260
2024-06-10,40.5,-89.5,1800
2024-06-10,40.5,-89.0,1170
2024-06-10,40.5,-88.5,2340
2024-06-10,40.5,-88.0,900
2024-06-10,40.5,-87.5,1260
2024-06-10,40.5,-87.0,1620
2024-06-10,40.5,-86.5,810
2024-06-10,40.5,-86.0,450
2024-06-10,40.5,-81.0,90
2024-06-10,40.5,-80.5,90
2024-06-10,40.5,-80.0,270
2024-06-10,40.5,-79.5,90
2024-06-10,40.5,-78.0,90
2024-06-10,40.5,-77.5,90
2024-06-10,40.5,-76.0,90
2024-06-10,40.5,-75.5,180
2024-06-10,40.5,-74.5,180
2024-06-10,40.5,-74.0,1170
2024-06-10,40.5,-73.5,180
2024-06-10,40.5,-73.0,90
2024-06-10,40.5,-72.5,90
2024-06-10,41.0,-116.5,90
2024-06-10,41.0,-116.0,360
2024-06-10,41.0,-114.5,90
2024-06-10,41.0,-114.0,90
2024-06-10,41.0,-113.0,90
2024-06-10,41.0,-110.5,90
2024-06-10,41.0,-110.0,90
2024-06-10,41.0,-109.5,270
2024-06-10,41.0,-109.0,180
2024-06-10,41.0,-108.0,180
2024-06-10,41.0,-107.5,90
2024-06-10,41.0,-106.0,90
2024-06-10,41.0,-105.0,630
2024-06-10,41.0,-104.5,720
2024-06-10,41.0,-104.0,1260
2024-06-10,41.0,-103.5,1260
2024-06-10,41.0,-103.0,1440
2024-06-10,41.0,-102.5,810
2024-06-10,41.0,-102.0,1260
2024-06-10,41.0,-101.5,900
2024-06-10,41.0,-101.0,360
2024-06-10,41.0,-100.5,360
2024-06-10,41.0,-100.0,720
2024-06-10,41.0,-99.5,360
2024-06-10,41.0,-99.0,360
2024-06-10,41.0,-98.5,90
2024-06-10,41.0,-98.0,720
2024-06-10,41.0,-97.5,360
2024-06-10,41.0,-96.5,540
2024-06-10,41.0,-96.0,2520
2024-06-10,41.0,-95.5,450
2024-06-10,41.0,-95.0,360
2024-06-10,41.0,-94.5,90
2024-06-10,41.0,-92.0,900
2024-06-10,41.0,-91.5,1170
2024-06-10,41.0,-91.0,1260
2024-06-10,41.0,-90.5,1710
2024-06-10,41.0,-90.0,1980
2024-06-10,41.0,-89.5,810
2024-06-10,41.0,-89.0,450
2024-06-10,41.0,-88.5,630
2024-06-10,41.0,-88.0,1530
2024-06-10,41.0,-87.5,1980
2024-06-10,41.0,-87.0,1710
2024-06-10,41.0,-86.5,630
2024-06-10,41.0,-82.0,90
2024-06-10,41.0,-80.0,90
2024-06-10,41.0,-79.5,90
2024-06-10,41.0,-78.5,270
2024-06-10,41.0,-76.5,180
2024-06-10,41.0,-76.0,90
2024-06-10,41.0,-75.5,630
2024-06-10,41.0,-75.0,450
2024-06-10,41.0,-74.5,540
2024-06-10,41.0,-74.0,180
2024-06-10,41.0,-73.5,1170
2024-06-10,41.0,-73.0,90
2024-06-10,41.0,-72.5,90
2024-06-10,41.5,-120.0,90
2024-06-10,41.5,-119.5,180
2024-06-10,41.5,-119.0,90
2024-06-10,41.5,-115.5,90
2024-06-10,41.5,-115.0,90
2024-06-10,41.5,-113.0,180
2024-06-10,41.5,-112.5,90
2024-06-10,41.5,-112.0,90
2024-06-10,41.5,-111.5,90
2024-06-10,41.5,-109.5,90
2024-06-10,41.5,-109.0,90
2024-06-10,41.5,-108.5,90
2024-06-10,41.5,-107.5,90
2024-06-10,41.5,-107.0,180
2024-06-10,41.5,-106.5,180
2024-06-10,41.5,-105.5,90
2024-06-10,41.5,-104.5,720
2024-06-10,41.5,-104.0,540
2024-06-10,41.5,-103.5,720
2024-06-10,41.5,-103.0,810
2024-06-10,41.5,-102.5,3510
2024-06-10,41.5,-102.0,1800
2024-06-10,41.5,-101.5,1080
2024-06-10,41.5,-101.0,630
2024-06-10,41.5,-100.5,810
2024-06-10,41.5,-100.0,630
2024-06-10,41.5,-99.5,180
2024-06-10,41.5,-99.0,270
2024-06-10,41.5,-98.5,630
2024-06-10,41.5,-98.0,1440
2024-06-10,41.5,-97.5,2340
2024-06-10,41.5,-97.0,720
2024-06-10,41.5,-96.5,450
2024-06-10,41.5,-96.0,1170
2024-06-10,41.5,-95.5,540
2024-06-10,41.5,-95.0,360
2024-06-10,41.5,-94.5,360
2024-06-10,41.5,-93.5,90
2024-06-10,41.5,-92.0,180
2024-06-10,41.5,-91.5,810
2024-06-10,41.5,-91.0,450
2024-06-10,41.5,-90.5,360
2024-06-10,41.5,-90.0,720
2024-06-10,41.5,-89.5,180
2024-06-10,41.5,-88.5,180
2024-06-10,41.5,-88.0,270
2024-06-10,41.5,-87.5,360
2024-06-10,41.5,-87.0,1710
2024-06-10,41.5,-86.5,180
2024-06-10,41.5,-86.0,180
2024-06-10,41.5,-85.5,180
2024-06-10,41.5,-85.0,720
2024-06-10,41.5,-78.0,90
2024-06-10,41.5,-77.0,360
2024-06-10,41.5,-76.0,270
2024-06-10,41.5,-75.5,180
2024-06-10,41.5,-74.5,90
2024-06-10,41.5,-74.0,180
2024-06-10,41.5,-72.0,90
2024-06-10,41.5,-71.5,180
2024-06-10,42.0,-118.0,90
2024-06-10,42.0,-117.5,90
2024-06-10,42.0,-114.5,90
2024-06-10,42.0,-112.5,360
2024-06-10,42.0,-112.0,180
2024-06-10,42.0,-111.5,180
2024-06-10,42.0,-110.5,270
2024-06-10,42.0,-110.0,90
2024-06-10,42.0,-109.0,270
2024-06-10,42.0,-108.0,90
2024-06-10,42.0,-107.5,270
2024-06-10,42.0,-107.0,90
2024-06-10,42.0,-106.5,360
2024-06-10,42.0,-106.0,180
2024-06-10,42.0,-105.5,180
2024-06-10,42.0,-105.0,900
2024-06-10,42.0,-104.5,450
2024-06-10,42.0,-104.0,90
2024-06-10,42.0,-103.5,630
2024-06-10,42.0,-103.0,540
2024-06-10,42.0,-102.5,1170
2024-06-10,42.0,-102.0,900
2024-06-10,42.0,-101.5,630
2024-06-10,42.0,-101.0,630
2024-06-10,42.0,-100.5,720
2024-06-10,42.0,-100.0,720
2024-06-10,42.0,-99.5,450
2024-06-10,42.0,-99.0,540
2024-06-10,42.0,-98.5,720
2024-06-10,42.0,-98.0,720
2024-06-10,42.0,-97.5,3150
2024-06-10,42.0,-97.0,3960
2024-06-10,42.0,-96.5,1800
2024-06-10,42.0,-96.0,360
2024-06-10,42.0,-95.5,1620
2024-06-10,42.0,-95.0,1800
2024-06-10,42.0,-94.5,630
2024-06-10,42.0,-94.0,540
2024-06-10,42.0,-93.5,270
2024-06-10,42.0,-93.0,360
2024-06-10,42.0,-92.5,180
2024-06-10,42.0,-92.0,810
2024-06-10,42.0,-91.5,270
2024-06-10,42.0,-91.0,540
2024-06-10,42.0,-90.0,360
2024-06-10,42.0,-89.5,360
2024-06-10,42.0,-89.0,90
2024-06-10,42.0,-88.5,90
2024-06-10,42.0,-87.5,180
2024-06-10,42.0,-85.0,540
2024-06-10,42.0,-84.5,90
2024-06-10,42.0,-76.0,90
2024-06-10,42.0,-74.0,360
2024-06-10,42.0,-73.5,540
2024-06-10,42.0,-73.0,180
2024-06-10,42.0,-72.5,450
2024-06-10,42.0,-72.0,450
2024-06-10,42.0,-71.5,810
2024-06-10,42.0,-69.0,90
2024-06-10,42.5,-119.5,90
2024-06-10,42.5,-118.5,90
2024-06-10,42.5,-118.0,90
2024-06-10,42.5,-117.5,90
2024-06-10,42.5,-114.5,90
2024-06-10,42.5,-114.0,90
2024-06-10,42.5,-113.0,90
2024-06-10,42.5,-112.0,90
2024-06-10,42.5,-111.0,180
2024-06-10,42.5,-109.5,90
2024-06-10,42.5,-108.5,360
2024-06-10,42.5,-107.5,90
2024-06-10,42.5,-106.5,90
2024-06-10,42.5,-106.0,180
2024-06-10,42.5,-105.0,90
2024-06-10,42.5,-104.5,630
2024-06-10,42.5,-104.0,540
2024-06-10,42.5,-103.5,720
2024-06-10,42.5,-103.0,450
2024-06-10,42.5,-102.5,180
2024-06-10,42.5,-102.0,540
2024-06-10,42.5,-101.5,180
2024-06-10,42.5,-101.0,180
2024-06-10,42.5,-100.5,90
2024-06-10,42.5,-100.0,450
2024-06-10,42.5,-99.5,450
2024-06-10,42.5,-99.0,540
2024-06-10,42.5,-98.5,360
2024-06-10,42.5,-98.0,90
2024-06-10,42.5,-97.0,90
2024-06-10,42.5,-96.0,270
2024-06-10,42.5,-95.5,180
2024-06-10,42.5,-95.0,90
2024-06-10,42.5,-94.5,90
2024-06-10,42.5,-94.0,540
2024-06-10,42.5,-93.5,990
2024-06-10,42.5,-93.0,270
2024-06-10,42.5,-92.5,90
2024-06-10,42.5,-92.0,90
2024-06-10,42.5,-91.5,360
2024-06-10,42.5,-91.0,540
2024-06-10,42.5,-90.5,360
2024-06-10,42.5,-90.0,540
2024-06-10,42.5,-89.5,360
2024-06-10,42.5,-89.0,90
2024-06-10,42.5,-88.5,450
2024-06-10,42.5,-87.0,450
2024-06-10,42.5,-86.0,90
2024-06-10,42.5,-85.5,90
2024-06-10,42.5,-83.5,360
2024-06-10,42.5,-83.0,180
2024-06-10,42.5,-76.0,90
2024-06-10,42.5,-71.5,90
2024-06-10,42.5,-71.0,90
2024-06-10,42.5,-70.5,180
2024-06-10,43.0,-120.5,90
2024-06-10,43.0,-118.5,180
2024-06-10,43.0,-117.5,180
2024-06-10,43.0,-112.5,360
2024-06-10,43.0,-111.5,90
2024-06-10,43.0,-111.0,90
2024-06-10,43.0,-110.5,90
2024-06-10,43.0,-110.0,180
2024-06-10,43.0,-109.5,90
2024-06-10,43.0,-109.0,90
2024-06-10,43.0,-108.5,180
2024-06-10,43.0,-107.5,90
2024-06-10,43.0,-104.5,450
2024-06-10,43.0,-104.0,180
2024-06-10,43.0,-103.5,1170
2024-06-10,43.0,-103.0,450
2024-06-10,43.0,-102.5,90
2024-06-10,43.0,-102.0,540
2024-06-10,43.0,-101.5,630
2024-06-10,43.0,-101.0,540
2024-06-10,43.0,-100.5,90
2024-06-10,43.0,-100.0,720
2024-06-10,43.0,-99.5,630
2024-06-10,43.0,-99.0,450
2024-06-10,43.0,-98.5,720
2024-06-10,43.0,-98.0,270
2024-06-10,43.0,-97.5,180
2024-06-10,43.0,-97.0,180
2024-06-10,43.0,-96.5,90
2024-06-10,43.0,-96.0,540
2024-06-10,43.0,-95.5,900
2024-06-10,43.0,-95.0,1350
2024-06-10,43.0,-94.5,270
2024-06-10,43.0,-94.0,180
2024-06-10,43.0,-93.5,360
2024-06-10,43.0,-93.0,270
2024-06-10,43.0,-92.5,270
2024-06-10,43.0,-92.0,270
2024-06-10,43.0,-91.5,90
2024-06-10,43.0,-91.0,720
2024-06-10,43.0,-90.5,900
2024-06-10,43.0,-90.0,900
2024-06-10,43.0,-89.5,270
2024-06-10,43.0,-89.0,180
2024-06-10,43.0,-88.5,90
2024-06-10,43.0,-88.0,450
2024-06-10,43.0,-87.5,360
2024-06-10,43.0,-87.0,180
2024-06-10,43.0,-86.5,270
2024-06-10,43.0,-85.5,180
2024-06-10,43.0,-83.0,450
2024-06-10,43.0,-82.5,180
2024-06-10,43.0,-82.0,90
2024-06-10,43.0,-80.5,540
2024-06-10,43.0,-79.5,450
2024-06-10,43.0,-79.0,90
2024-06-10,43.0,-71.0,90
2024-06-10,43.0,-68.5,90
2024-06-10,43.0,-68.0,360
2024-06-10,43.0,-67.5,180
2024-06-10,43.5,-112.5,90
2024-06-10,43.5,-112.0,360
2024-06-10,43.5,-111.5,450
2024-06-10,43.5,-110.5,450
2024-06-10,43.5,-110.0,630
2024-06-10,43.5,-109.5,540
2024-06-10,43.5,-109.0,180
2024-06-10,43.5,-107.5,90
2024-06-10,43.5,-107.0,90
2024-06-10,43.5,-106.5,90
2024-06-10,43.5,-106.0,90
2024-06-10,43.5,-105.5,90
2024-06-10,43.5,-104.5,900
2024-06-10,43.5,-104.0,270
2024-06-10,43.5,-103.0,360
2024-06-10,43.5,-102.5,990
2024-06-10,43.5,-102.0,1890
2024-06-10,43.5,-101.5,1080
2024-06-10,43.5,-101.0,900
2024-06-10,43.5,-100.5,90
2024-06-10,43.5,-99.5,180
2024-06-10,43.5,-99.0,540
2024-06-10,43.5,-98.5,450
2024-06-10,43.5,-98.0,630
2024-06-10,43.5,-97.5,360
2024-06-10,43.5,-97.0,450
2024-06-10,43.5,-96.5,180
2024-06-10,43.5,-96.0,180
2024-06-10,43.5,-95.5,450
2024-06-10,43.5,-95.0,2250
2024-06-10,43.5,-94.5,1710
2024-06-10,43.5,-94.0,630
2024-06-10,43.5,-93.5,540
2024-06-10,43.5,-93.0,450
2024-06-10,43.5,-92.5,360
2024-06-10,43.5,-92.0,360
2024-06-10,43.5,-91.5,270
2024-06-10,43.5,-91.0,900
2024-06-10,43.5,-90.5,1350
2024-06-10,43.5,-90.0,450
2024-06-10,43.5,-89.5,180
2024-06-10,43.5,-88.5,270
2024-06-10,43.5,-88.0,360
2024-06-10,43.5,-87.5,360
2024-06-10,43.5,-87.0,90
2024-06-10,43.5,-86.5,900
2024-06-10,43.5,-86.0,270
2024-06-10,43.5,-85.5,90
2024-06-10,43.5,-82.5,1440
2024-06-10,43.5,-82.0,810
2024-06-10,43.5,-81.5,180
2024-06-10,43.5,-81.0,360
2024-06-10,43.5,-80.5,1170
2024-06-10,43.5,-80.0,270
2024-06-10,43.5,-79.5,450
2024-06-10,43.5,-79.0,270
2024-06-10,43.5,-78.5,90
2024-06-10,43.5,-78.0,90
2024-06-10,43.5,-77.5,540
2024-06-10,43.5,-77.0,90
2024-06-10,43.5,-76.5,360
2024-06-10,43.5,-76.0,90
2024-06-10,43.5,-75.5,90
2024-06-10,43.5,-71.5,180
2024-06-10,43.5,-71.0,450
2024-06-10,44.0,-116.5,90
2024-06-10,44.0,-115.0,90
2024-06-10,44.0,-112.0,90
2024-06-10,44.0,-111.5,450
2024-06-10,44.0,-111.0,270
2024-06-10,44.0,-110.5,90
2024-06-10,44.0,-110.0,270
2024-06-10,44.0,-109.5,540
2024-06-10,44.0,-109.0,270
2024-06-10,44.0,-107.5,90
2024-06-10,44.0,-104.5,450
2024-06-10,44.0,-103.0,180
2024-06-10,44.0,-102.5,450
2024-06-10,44.0,-102.0,540
2024-06-10,44.0,-101.5,180
2024-06-10,44.0,-101.0,810
2024-06-10,44.0,-100.5,180
2024-06-10,44.0,-100.0,180
2024-06-10,44.0,-99.5,720
2024-06-10,44.0,-99.0,270
2024-06-10,44.0,-98.5,360
2024-06-10,44.0,-98.0,810
2024-06-10,44.0,-97.5,540
2024-06-10,44.0,-97.0,90
2024-06-10,44.0,-96.5,180
2024-06-10,44.0,-96.0,450
2024-06-10,44.0,-95.5,360
2024-06-10,44.0,-95.0,630
2024-06-10,44.0,-94.5,1080
2024-06-10,44.0,-94.0,720
2024-06-10,44.0,-93.5,540
2024-06-10,44.0,-93.0,990
2024-06-10,44.0,-92.5,270
2024-06-10,44.0,-92.0,180
2024-06-10,44.0,-91.5,900
2024-06-10,44.0,-91.0,1710
2024-06-10,44.0,-90.5,630
2024-06-10,44.0,-90.0,180
2024-06-10,44.0,-89.5,90
2024-06-10,44.0,-89.0,180
2024-06-10,44.0,-88.5,90
2024-06-10,44.0,-88.0,180
2024-06-10,44.0,-87.5,90
2024-06-10,44.0,-81.5,1080
2024-06-10,44.0,-81.0,810
2024-06-10,44.0,-80.5,990
2024-06-10,44.0,-80.0,720
2024-06-10,44.0,-79.5,1350
2024-06-10,44.0,-79.0,1170
2024-06-10,44.0,-78.5,180
2024-06-10,44.0,-78.0,990
2024-06-10,44.0,-77.5,540
2024-06-10,44.0,-77.0,180
2024-06-10,44.0,-76.5,450
2024-06-10,44.0,-76.0,630
2024-06-10,44.0,-71.0,90
2024-06-10,44.0,-70.0,180
2024-06-10,44.0,-69.5,90
2024-06-10,44.5,-117.0,90
2024-06-10,44.5,-115.5,90
2024-06-10,44.5,-113.0,90
2024-06-10,44.5,-112.0,180
2024-06-10,44.5,-111.0,180
2024-06-10,44.5,-110.5,180
2024-06-10,44.5,-110.0,90
2024-06-10,44.5,-109.5,450
2024-06-10,44.5,-109.0,90
2024-06-10,44.5,-108.0,90
2024-06-10,44.5,-107.5,180
2024-06-10,44.5,-107.0,180
2024-06-10,44.5,-106.5,360
2024-06-10,44.5,-106.0,180
2024-06-10,44.5,-105.5,180
2024-06-10,44.5,-105.0,720
2024-06-10,44.5,-104.5,180
2024-06-10,44.5,-103.0,180
2024-06-10,44.5,-102.5,360
2024-06-10,44.5,-102.0,270
2024-06-10,44.5,-101.5,90
2024-06-10,44.5,-101.0,1080
2024-06-10,44.5,-100.5,270
2024-06-10,44.5,-100.0,720
2024-06-10,44.5,-99.5,810
2024-06-10,44.5,-99.0,540
2024-06-10,44.5,-98.5,540
2024-06-10,44.5,-98.0,270
2024-06-10,44.5,-97.5,450
2024-06-10,44.5,-97.0,720
2024-06-10,44.5,-96.5,90
2024-06-10,44.5,-96.0,810
2024-06-10,44.5,-95.5,1350
2024-06-10,44.5,-95.0,1080
2024-06-10,44.5,-94.5,1530
2024-06-10,44.5,-94.0,630
2024-06-10,44.5,-93.5,1710
2024-06-10,44.5,-93.0,720
2024-06-10,44.5,-92.5,2880
2024-06-10,44.5,-92.0,1260
2024-06-10,44.5,-91.5,1440
2024-06-10,44.5,-91.0,360
2024-06-10,44.5,-90.5,450
2024-06-10,44.5,-90.0,630
2024-06-10,44.5,-89.0,90
2024-06-10,44.5,-83.0,180
2024-06-10,44.5,-82.5,90
2024-06-10,44.5,-82.0,270
2024-06-10,44.5,-81.5,180
2024-06-10,44.5,-81.0,630
2024-06-10,44.5,-80.5,1260
2024-06-10,44.5,-80.0,360
2024-06-10,44.5,-79.5,1260
2024-06-10,44.5,-79.0,720
2024-06-10,44.5,-78.5,900
2024-06-10,44.5,-78.0,1170
2024-06-10,44.5,-77.5,90
2024-06-10,44.5,-77.0,1170
2024-06-10,44.5,-76.5,180
2024-06-10,44.5,-76.0,180
2024-06-10,44.5,-75.5,270
2024-06-10,44.5,-70.5,90
2024-06-10,44.5,-70.0,270
2024-06-10,44.5,-69.5,270
2024-06-10,45.0,-122.5,90
2024-06-10,45.0,-117.0,90
2024-06-10,45.0,-115.0,90
2024-06-10,45.0,-114.5,90
2024-06-10,45.0,-112.0,90
2024-06-10,45.0,-111.5,90
2024-06-10,45.0,-111.0,270
2024-06-10,45.0,-110.5,270
2024-06-10,45.0,-110.0,90
2024-06-10,45.0,-109.5,270
2024-06-10,45.0,-108.5,90
2024-06-10,45.0,-108.0,90
2024-06-10,45.0,-107.0,90
2024-06-10,45.0,-106.5,180
2024-06-10,45.0,-106.0,90
2024-06-10,45.0,-105.5,450
2024-06-10,45.0,-105.0,270
2024-06-10,45.0,-104.5,270
2024-06-10,45.0,-104.0,180
2024-06-10,45.0,-103.5,90
2024-06-10,45.0,-103.0,270
2024-06-10,45.0,-102.5,270
2024-06-10,45.0,-102.0,450
2024-06-10,45.0,-101.5,270
2024-06-10,45.0,-100.5,90
2024-06-10,45.0,-100.0,270
2024-06-10,45.0,-99.5,90
2024-06-10,45.0,-99.0,270
2024-06-10,45.0,-98.5,180
2024-06-10,45.0,-98.0,360
2024-06-10,45.0,-97.5,1170
2024-06-10,45.0,-97.0,360
2024-06-10,45.0,-96.5,720
2024-06-10,45.0,-96.0,900
2024-06-10,45.0,-95.5,1260
2024-06-10,45.0,-95.0,90
2024-06-10,45.0,-94.5,450
2024-06-10,45.0,-94.0,990
2024-06-10,45.0,-93.5,1080
2024-06-10,45.0,-93.0,1890
2024-06-10,45.0,-92.5,1350
2024-06-10,45.0,-92.0,630
2024-06-10,45.0,-91.5,90
2024-06-10,45.0,-91.0,180
2024-06-10,45.0,-90.5,720
2024-06-10,45.0,-90.0,180
2024-06-10,45.0,-89.5,360
2024-06-10,45.0,-89.0,90
2024-06-10,45.0,-88.5,90
2024-06-10,45.0,-88.0,90
2024-06-10,45.0,-86.5,90
2024-06-10,45.0,-86.0,180
2024-06-10,45.0,-85.0,270
2024-06-10,45.0,-84.5,90
2024-06-10,45.0,-83.5,180
2024-06-10,45.0,-82.0,450
2024-06-10,45.0,-81.5,990
2024-06-10,45.0,-81.0,630
2024-06-10,45.0,-80.5,1350
2024-06-10,45.0,-80.0,1890
2024-06-10,45.0,-79.5,1890
2024-06-10,45.0,-79.0,900
2024-06-10,45.0,-78.5,990
2024-06-10,45.0,-78.0,360
2024-06-10,45.0,-77.5,1080
2024-06-10,45.0,-76.5,630
2024-06-10,45.0,-74.5,90
2024-06-10,45.0,-70.5,90
2024-06-10,45.0,-70.0,360
2024-06-10,45.0,-69.5,360
2024-06-10,45.0,-69.0,180
2024-06-10,45.0,-68.5,630
2024-06-10,45.0,-68.0,90
2024-06-10,45.5,-117.5,90
2024-06-10,45.5,-114.5,90
2024-06-10,45.5,-111.5,90
2024-06-10,45.5,-111.0,270
2024-06-10,45.5,-109.5,180
2024-06-10,45.5,-109.0,90
2024-06-10,45.5,-106.5,90
2024-06-10,45.5,-106.0,450
2024-06-10,45.5,-105.5,90
2024-06-10,45.5,-105.0,270
2024-06-10,45.5,-104.5,450
2024-06-10,45.5,-104.0,180
2024-06-10,45.5,-103.5,1260
2024-06-10,45.5,-103.0,810
2024-06-10,45.5,-102.5,360
2024-06-10,45.5,-102.0,630
2024-06-10,45.5,-101.5,540
2024-06-10,45.5,-101.0,360
2024-06-10,45.5,-99.5,180
2024-06-10,45.5,-99.0,180
2024-06-10,45.5,-98.5,180
2024-06-10,45.5,-98.0,270
2024-06-10,45.5,-97.5,180
2024-06-10,45.5,-97.0,630
2024-06-10,45.5,-96.5,180
2024-06-10,45.5,-96.0,450
2024-06-10,45.5,-95.5,90
2024-06-10,45.5,-95.0,450
2024-06-10,45.5,-94.5,720
2024-06-10,45.5,-94.0,90
2024-06-10,45.5,-93.5,720
2024-06-10,45.5,-93.0,360
2024-06-10,45.5,-91.5,990
2024-06-10,45.5,-89.5,90
2024-06-10,45.5,-86.5,450
2024-06-10,45.5,-86.0,990
2024-06-10,45.5,-85.5,90
2024-06-10,45.5,-85.0,360
2024-06-10,45.5,-84.5,180
2024-06-10,45.5,-83.5,90
2024-06-10,45.5,-83.0,90
2024-06-10,45.5,-82.0,90
2024-06-10,45.5,-81.0,90
2024-06-10,45.5,-80.5,270
2024-06-10,45.5,-79.5,180
2024-06-10,45.5,-78.5,90
2024-06-10,45.5,-78.0,90
2024-06-10,45.5,-77.5,360
2024-06-10,45.5,-76.5,360
2024-06-10,45.5,-76.0,270
2024-06-10,45.5,-75.0,90
2024-06-10,45.5,-73.5,90
2024-06-10,45.5,-73.0,90
2024-06-10,45.5,-69.5,270
2024-06-10,45.5,-67.5,270
2024-06-10,45.5,-67.0,90
2024-06-10,45.5,-66.0,90
2024-06-10,46.0,-112.5,270
2024-06-10,46.0,-111.5,90
2024-06-10,46.0,-110.5,180
2024-06-10,46.0,-106.5,450
2024-06-10,46.0,-105.5,270
2024-06-10,46.0,-105.0,90
2024-06-10,46.0,-104.5,90
2024-06-10,46.0,-104.0,90
2024-06-10,46.0,-103.5,180
2024-06-10,46.0,-103.0,180
2024-06-10,46.0,-102.5,810
2024-06-10,46.0,-102.0,90
2024-06-10,46.0,-101.5,90
2024-06-10,46.0,-101.0,90
2024-06-10,46.0,-100.5,720
2024-06-10,46.0,-97.5,90
2024-06-10,46.0,-96.5,180
2024-06-10,46.0,-96.0,90
2024-06-10,46.0,-95.5,540
2024-06-10,46.0,-95.0,360
2024-06-10,46.0,-94.0,180
2024-06-10,46.0,-93.5,270
2024-06-10,46.0,-93.0,270
2024-06-10,46.0,-92.5,450
2024-06-10,46.0,-92.0,270
2024-06-10,46.0,-91.5,1080
2024-06-10,46.0,-91.0,450
2024-06-10,46.0,-90.5,180
2024-06-10,46.0,-90.0,180
2024-06-10,46.0,-89.5,1440
2024-06-10,46.0,-89.0,90
2024-06-10,46.0,-87.5,180
2024-06-10,46.0,-87.0,450
2024-06-10,46.0,-86.5,990
2024-06-10,46.0,-86.0,630
2024-06-10,46.0,-85.5,900
2024-06-10,46.0,-85.0,1620
2024-06-10,46.0,-84.0,90
2024-06-10,46.0,-83.0,90
2024-06-10,46.0,-81.5,270
2024-06-10,46.0,-79.5,90
2024-06-10,46.0,-79.0,90
2024-06-10,46.0,-78.5,630
2024-06-10,46.0,-78.0,180
2024-06-10,46.0,-77.0,450
2024-06-10,46.0,-75.5,270
2024-06-10,46.0,-74.5,90
2024-06-10,46.0,-73.0,90
2024-06-10,46.0,-72.0,90
2024-06-10,46.0,-69.5,270
2024-06-10,46.0,-69.0,180
2024-06-10,46.0,-68.5,90
2024-06-10,46.0,-67.5,90
2024-06-10,46.0,-67.0,180
2024-06-10,46.0,-66.0,90
2024-06-10,46.5,-118.0,90
2024-06-10,46.5,-117.5,90
2024-06-10,46.5,-110.5,90
2024-06-10,46.5,-110.0,180
2024-06-10,46.5,-109.5,90
2024-06-10,46.5,-109.0,90
2024-06-10,46.5,-107.5,270
2024-06-10,46.5,-106.5,180
2024-06-10,46.5,-105.5,90
2024-06-10,46.5,-105.0,90
2024-06-10,46.5,-104.5,540
2024-06-10,46.5,-104.0,270
2024-06-10,46.5,-103.5,450
2024-06-10,46.5,-103.0,450
2024-06-10,46.5,-102.5,1710
2024-06-10,46.5,-102.0,1440
2024-06-10,46.5,-101.0,270
2024-06-10,46.5,-100.0,180
2024-06-10,46.5,-99.0,1260
2024-06-10,46.5,-98.0,1350
2024-06-10,46.5,-97.5,540
2024-06-10,46.5,-97.0,180
2024-06-10,46.5,-96.5,90
2024-06-10,46.5,-96.0,90
2024-06-10,46.5,-95.5,270
2024-06-10,46.5,-94.5,990
2024-06-10,46.5,-94.0,90
2024-06-10,46.5,-93.5,540
2024-06-10,46.5,-93.0,450
2024-06-10,46.5,-92.5,720
2024-06-10,46.5,-92.0,270
2024-06-10,46.5,-91.5,90
2024-06-10,46.5,-91.0,90
2024-06-10,46.5,-89.0,540
2024-06-10,46.5,-88.5,450
2024-06-10,46.5,-88.0,180
2024-06-10,46.5,-87.5,1620
2024-06-10,46.5,-87.0,90
2024-06-10,46.5,-86.5,360
2024-06-10,46.5,-86.0,270
2024-06-10,46.5,-85.5,90
2024-06-10,46.5,-85.0,360
2024-06-10,46.5,-84.5,180
2024-06-10,46.5,-84.0,540
2024-06-10,46.5,-83.0,90
2024-06-10,46.5,-82.5,90
2024-06-10,46.5,-81.0,180
2024-06-10,46.5,-79.5,90
2024-06-10,46.5,-78.0,270
2024-06-10,46.5,-77.0,1260
2024-06-10,46.5,-76.5,90
2024-06-10,46.5,-76.0,180
2024-06-10,46.5,-75.5,270
2024-06-10,46.5,-75.0,270
2024-06-10,46.5,-74.0,270
2024-06-10,46.5,-72.5,90
2024-06-10,46.5,-70.0,90
2024-06-10,46.5,-69.0,90
2024-06-10,46.5,-68.0,630
2024-06-10,46.5,-67.5,270
2024-06-10,46.5,-67.0,90
2024-06-10,47.0,-119.0,90
2024-06-10,47.0,-116.5,180
2024-06-10,47.0,-113.5,90
2024-06-10,47.0,-112.0,180
2024-06-10,47.0,-109.5,90
2024-06-10,47.0,-107.5,90
2024-06-10,47.0,-107.0,270
2024-06-10,47.0,-106.5,270
2024-06-10,47.0,-106.0,90
2024-06-10,47.0,-105.5,270
2024-06-10,47.0,-105.0,180
2024-06-10,47.0,-104.5,270
2024-06-10,47.0,-104.0,180
2024-06-10,47.0,-103.5,270
2024-06-10,47.0,-103.0,1260
2024-06-10,47.0,-102.5,270
2024-06-10,47.0,-102.0,450
2024-06-10,47.0,-101.5,270
2024-06-10,47.0,-101.0,540
2024-06-10,47.0,-100.5,360
2024-06-10,47.0,-100.0,360
2024-06-10,47.0,-99.0,1350
2024-06-10,47.0,-98.5,1080
2024-06-10,47.0,-98.0,810
2024-06-10,47.0,-97.5,1530
2024-06-10,47.0,-97.0,540
2024-06-10,47.0,-96.5,180
2024-06-10,47.0,-96.0,1080
2024-06-10,47.0,-95.5,270
2024-06-10,47.0,-95.0,1440
2024-06-10,47.0,-94.5,450
2024-06-10,47.0,-94.0,450
2024-06-10,47.0,-93.5,1350
2024-06-10,47.0,-93.0,450
2024-06-10,47.0,-90.5,180
2024-06-10,47.0,-89.5,1260
2024-06-10,47.0,-89.0,270
2024-06-10,47.0,-88.5,180
2024-06-10,47.0,-87.5,90
2024-06-10,47.0,-87.0,90
2024-06-10,47.0,-85.5,90
2024-06-10,47.0,-84.0,90
2024-06-10,47.0,-83.5,90
2024-06-10,47.0,-83.0,630
2024-06-10,47.0,-82.5,270
2024-06-10,47.0,-82.0,180
2024-06-10,47.0,-81.5,1440
2024-06-10,47.0,-81.0,990
2024-06-10,47.0,-80.5,990
2024-06-10,47.0,-80.0,180
2024-06-10,47.0,-79.5,180
2024-06-10,47.0,-79.0,90
2024-06-10,47.0,-78.0,90
2024-06-10,47.0,-77.5,180
2024-06-10,47.0,-77.0,90
2024-06-10,47.0,-76.0,180
2024-06-10,47.0,-74.0,180
2024-06-10,47.0,-73.5,180
2024-06-10,47.0,-73.0,180
2024-06-10,47.0,-72.5,90
2024-06-10,47.0,-72.0,90
2024-06-10,47.0,-71.5,90
2024-06-10,47.0,-70.0,90
2024-06-10,47.0,-69.5,270
2024-06-10,47.0,-69.0,270
2024-06-10,47.0,-68.5,270
2024-06-10,47.0,-68.0,90
2024-06-10,47.0,-67.5,360
2024-06-10,47.0,-67.0,180
2024-06-10,47.0,-66.0,90
2024-06-10,47.5,-119.0,90
2024-06-10,47.5,-118.0,90
2024-06-10,47.5,-116.5,90
2024-06-10,47.5,-111.5,90
2024-06-10,47.5,-110.5,90
2024-06-10,47.5,-109.0,180
2024-06-10,47.5,-108.0,360
2024-06-10,47.5,-107.5,90
2024-06-10,47.5,-107.0,180
2024-06-10,47.5,-106.5,90
2024-06-10,47.5,-105.5,360
2024-06-10,47.5,-105.0,180
2024-06-10,47.5,-104.5,1080
2024-06-10,47.5,-104.0,360
2024-06-10,47.5,-103.5,2160
2024-06-10,47.5,-103.0,90
2024-06-10,47.5,-102.5,900
2024-06-10,47.5,-102.0,630
2024-06-10,47.5,-101.5,450
2024-06-10,47.5,-101.0,720
2024-06-10,47.5,-100.5,180
2024-06-10,47.5,-100.0,90
2024-06-10,47.5,-99.5,450
2024-06-10,47.5,-99.0,360
2024-06-10,47.5,-98.5,720
2024-06-10,47.5,-98.0,180
2024-06-10,47.5,-97.5,900
2024-06-10,47.5,-97.0,180
2024-06-10,47.5,-96.5,360
2024-06-10,47.5,-95.5,270
2024-06-10,47.5,-95.0,360
2024-06-10,47.5,-94.5,720
2024-06-10,47.5,-94.0,270
2024-06-10,47.5,-93.5,180
2024-06-10,47.5,-93.0,540
2024-06-10,47.5,-92.0,360
2024-06-10,47.5,-91.5,900
2024-06-10,47.5,-91.0,270
2024-06-10,47.5,-90.5,180
2024-06-10,47.5,-90.0,180
2024-06-10,47.5,-89.5,180
2024-06-10,47.5,-89.0,360
2024-06-10,47.5,-88.5,90
2024-06-10,47.5,-86.0,90
2024-06-10,47.5,-85.5,90
2024-06-10,47.5,-85.0,180
2024-06-10,47.5,-84.0,1080
2024-06-10,47.5,-83.5,90
2024-06-10,47.5,-83.0,360
2024-06-10,47.5,-82.5,1080
2024-06-10,47.5,-82.0,270
2024-06-10,47.5,-81.5,720
2024-06-10,47.5,-81.0,810
2024-06-10,47.5,-80.5,1890
2024-06-10,47.5,-80.0,540
2024-06-10,47.5,-79.5,1260
2024-06-10,47.5,-79.0,1890
2024-06-10,47.5,-78.5,630
2024-06-10,47.5,-78.0,990
2024-06-10,47.5,-77.5,1440
2024-06-10,47.5,-77.0,180
2024-06-10,47.5,-76.5,900
2024-06-10,47.5,-75.5,180
2024-06-10,47.5,-75.0,270
2024-06-10,47.5,-72.5,180
2024-06-10,47.5,-69.5,90
2024-06-10,47.5,-69.0,90
2024-06-10,47.5,-68.0,270
2024-06-10,47.5,-67.5,360
2024-06-10,47.5,-67.0,360
2024-06-10,48.0,-120.0,90
2024-06-10,48.0,-117.5,90
2024-06-10,48.0,-117.0,180
2024-06-10,48.0,-109.0,90
2024-06-10,48.0,-108.5,180
2024-06-10,48.0,-108.0,90
2024-06-10,48.0,-107.5,90
2024-06-10,48.0,-107.0,180
2024-06-10,48.0,-106.0,270
2024-06-10,48.0,-105.0,180
2024-06-10,48.0,-104.5,630
2024-06-10,48.0,-104.0,720
2024-06-10,48.0,-103.5,450
2024-06-10,48.0,-103.0,540
2024-06-10,48.0,-102.5,540
2024-06-10,48.0,-102.0,990
2024-06-10,48.0,-101.5,90
2024-06-10,48.0,-101.0,720
2024-06-10,48.0,-100.5,180
2024-06-10,48.0,-100.0,1890
2024-06-10,48.0,-99.5,2160
2024-06-10,48.0,-99.0,1440
2024-06-10,48.0,-98.5,630
2024-06-10,48.0,-98.0,900
2024-06-10,48.0,-97.5,270
2024-06-10,48.0,-97.0,810
2024-06-10,48.0,-96.0,450
2024-06-10,48.0,-95.5,360
2024-06-10,48.0,-95.0,270
2024-06-10,48.0,-94.5,270
2024-06-10,48.0,-94.0,180
2024-06-10,48.0,-93.0,450
2024-06-10,48.0,-92.0,90
2024-06-10,48.0,-91.0,450
2024-06-10,48.0,-90.5,180
2024-06-10,48.0,-90.0,720
2024-06-10,48.0,-89.5,90
2024-06-10,48.0,-88.5,90
2024-06-10,48.0,-87.5,180
2024-06-10,48.0,-87.0,90
2024-06-10,48.0,-86.5,180
2024-06-10,48.0,-86.0,90
2024-06-10,48.0,-85.5,90
2024-06-10,48.0,-85.0,270
2024-06-10,48.0,-84.5,1440
2024-06-10,48.0,-84.0,180
2024-06-10,48.0,-83.5,360
2024-06-10,48.0,-83.0,360
2024-06-10,48.0,-82.5,630
2024-06-10,48.0,-82.0,900
2024-06-10,48.0,-81.5,540
2024-06-10,48.0,-81.0,270
2024-06-10,48.0,-80.5,540
2024-06-10,48.0,-80.0,180
2024-06-10,48.0,-79.5,1800
2024-06-10,48.0,-79.0,1260
2024-06-10,48.0,-78.5,450
2024-06-10,48.0,-78.0,1980
2024-06-10,48.0,-77.5,900
2024-06-10,48.0,-77.0,1170
2024-06-10,48.0,-76.5,1980
2024-06-10,48.0,-76.0,180
2024-06-10,48.0,-75.5,450
2024-06-10,48.0,-75.0,180
2024-06-10,48.0,-74.5,180
2024-06-10,48.0,-73.5,90
2024-06-10,48.0,-71.0,90
2024-06-10,48.0,-68.5,90
2024-06-10,48.0,-68.0,450
2024-06-10,48.0,-67.5,90
2024-06-10,48.0,-67.0,90
2024-06-10,48.0,-65.5,90
2024-06-10,48.5,-122.5,90
2024-06-10,48.5,-120.0,90
2024-06-10,48.5,-118.5,90
2024-06-10,48.5,-117.5,90
2024-06-10,48.5,-111.0,90
2024-06-10,48.5,-109.5,90
2024-06-10,48.5,-109.0,90
2024-06-10,48.5,-106.0,90
2024-06-10,48.5,-105.5,90
2024-06-10,48.5,-105.0,450
2024-06-10,48.5,-104.5,360
2024-06-10,48.5,-104.0,270
2024-06-10,48.5,-103.5,720
2024-06-10,48.5,-103.0,720
2024-06-10,48.5,-102.5,450
2024-06-10,48.5,-102.0,1440
2024-06-10,48.5,-101.5,360
2024-06-10,48.5,-101.0,720
2024-06-10,48.5,-100.5,630
2024-06-10,48.5,-100.0,1350
2024-06-10,48.5,-99.5,990
2024-06-10,48.5,-99.0,1260
2024-06-10,48.5,-98.5,1710
2024-06-10,48.5,-98.0,450
2024-06-10,48.5,-97.5,360
2024-06-10,48.5,-97.0,90
2024-06-10,48.5,-96.5,90
2024-06-10,48.5,-96.0,360
2024-06-10,48.5,-95.0,180
2024-06-10,48.5,-93.5,360
2024-06-10,48.5,-93.0,270
2024-06-10,48.5,-92.5,90
2024-06-10,48.5,-92.0,450
2024-06-10,48.5,-91.5,360
2024-06-10,48.5,-91.0,270
2024-06-10,48.5,-90.0,360
2024-06-10,48.5,-89.5,450
2024-06-10,48.5,-89.0,90
2024-06-10,48.5,-88.5,1170
2024-06-10,48.5,-88.0,360
2024-06-10,48.5,-87.5,360
2024-06-10,48.5,-87.0,180
2024-06-10,48.5,-86.5,270
2024-06-10,48.5,-86.0,270
2024-06-10,48.5,-85.5,450
2024-06-10,48.5,-85.0,270
2024-06-10,48.5,-84.5,180
2024-06-10,48.5,-84.0,540
2024-06-10,48.5,-83.5,900
2024-06-10,48.5,-83.0,180
2024-06-10,48.5,-82.5,1530
2024-06-10,48.5,-82.0,450
2024-06-10,48.5,-81.5,1350
2024-06-10,48.5,-81.0,90
2024-06-10,48.5,-80.5,1080
2024-06-10,48.5,-80.0,630
2024-06-10,48.5,-79.5,810
2024-06-10,48.5,-79.0,1170
2024-06-10,48.5,-78.5,360
2024-06-10,48.5,-78.0,1080
2024-06-10,48.5,-77.5,990
2024-06-10,48.5,-77.0,1350
2024-06-10,48.5,-76.5,270
2024-06-10,48.5,-76.0,2070
2024-06-10,48.5,-75.5,360
2024-06-10,48.5,-75.0,630
2024-06-10,48.5,-74.5,360
2024-06-10,48.5,-74.0,180
2024-06-10,48.5,-73.5,90
2024-06-10,48.5,-72.0,90
2024-06-10,48.5,-71.5,90
2024-06-10,48.5,-67.5,90
2024-06-10,48.5,-67.0,90
2024-06-10,48.5,-66.5,180
2024-06-10,48.5,-66.0,180
2024-06-10,49.0,-109.0,90
2024-06-10,49.0,-108.0,180
2024-06-10,49.0,-104.5,90
2024-06-10,49.0,-104.0,90
2024-06-10,49.0,-103.0,270
2024-06-10,49.0,-102.5,180
2024-06-10,49.0,-102.0,450
2024-06-10,49.0,-101.5,360
2024-06-10,49.0,-101.0,1530
2024-06-10,49.0,-100.5,810
2024-06-10,49.0,-100.0,720
2024-06-10,49.0,-99.5,2070
2024-06-10,49.0,-99.0,1890
2024-06-10,49.0,-98.5,1800
2024-06-10,49.0,-98.0,990
2024-06-10,49.0,-97.5,540
2024-06-10,49.0,-97.0,450
2024-06-10,49.0,-96.5,630
2024-06-10,49.0,-96.0,180
2024-06-10,49.0,-95.5,90
2024-06-10,49.0,-90.5,180
2024-06-10,49.0,-90.0,180
2024-06-10,49.0,-89.5,270
2024-06-10,49.0,-89.0,90
2024-06-10,49.0,-86.0,90
2024-06-10,49.0,-85.5,450
2024-06-10,49.0,-85.0,90
2024-06-10,49.0,-84.5,540
2024-06-10,49.0,-83.5,450
2024-06-10,49.0,-83.0,180
2024-06-10,49.0,-82.5,180
2024-06-10,49.0,-82.0,180
2024-06-10,49.0,-81.5,360
2024-06-10,49.0,-81.0,180
2024-06-10,49.0,-80.5,540
2024-06-10,49.0,-80.0,900
2024-06-10,49.0,-79.0,360
2024-06-10,49.0,-78.5,270
2024-06-10,49.0,-77.5,270
2024-06-10,49.0,-76.5,90
2024-06-10,49.0,-75.0,180
2024-06-10,49.0,-72.5,90
2024-06-10,49.0,-71.0,90
2024-06-10,49.0,-67.0,90
2024-06-10,49.0,-66.0,90
2024-06-10,49.5,-118.0,90
2024-06-10,49.5,-117.0,90
2024-06-10,49.5,-116.5,90
2024-06-10,49.5,-112.0,90
2024-06-10,49.5,-110.0,180
2024-06-10,49.5,-109.0,180
2024-06-10,49.5,-108.5,270
2024-06-10,49.5,-104.0,180
2024-06-10,49.5,-103.0,360
2024-06-10,49.5,-102.5,180
2024-06-10,49.5,-102.0,180
2024-06-10,49.5,-101.5,360
2024-06-10,49.5,-101.0,360
2024-06-10,49.5,-100.5,90
2024-06-10,49.5,-100.0,1350
2024-06-10,49.5,-99.5,2610
2024-06-10,49.5,-99.0,90
2024-06-10,49.5,-98.5,1890
2024-06-10,49.5,-98.0,270
2024-06-10,49.5,-97.5,1530
2024-06-10,49.5,-97.0,90
2024-06-10,49.5,-88.0,180
2024-06-10,49.5,-87.5,90
2024-06-10,49.5,-87.0,450
2024-06-10,49.5,-86.5,180
2024-06-10,49.5,-82.5,90
2024-06-10,49.5,-81.5,180
2024-06-10,49.5,-80.0,90
2024-06-10,49.5,-79.5,360
2024-06-10,49.5,-79.0,450
2024-06-10,49.5,-78.5,450
2024-06-10,49.5,-78.0,450
2024-06-10,49.5,-77.5,180
2024-06-10,49.5,-77.0,180
2024-06-10,49.5,-72.5,90
2024-06-10,49.5,-72.0,90
2024-06-10,49.5,-69.5,90
2024-06-10,50.0,-117.5,90
2024-06-10,50.0,-114.5,90
2024-06-10,50.0,-113.0,270
2024-06-10,50.0,-110.5,180
2024-06-10,50.0,-110.0,90
2024-06-10,50.0,-109.0,180
2024-06-10,50.0,-108.0,180
2024-06-10,50.0,-107.0,450
2024-06-10,50.0,-106.5,90
2024-06-10,50.0,-106.0,90
2024-06-10,50.0,-105.0,90
2024-06-10,50.0,-104.5,90
2024-06-10,50.0,-104.0,90
2024-06-10,50.0,-102.5,180
2024-06-10,50.0,-102.0,450
2024-06-10,50.0,-101.5,900
2024-06-10,50.0,-101.0,1350
2024-06-10,50.0,-100.5,1260
2024-06-10,50.0,-100.0,540
2024-06-10,50.0,-99.5,270
2024-06-10,50.0,-99.0,90
2024-06-10,50.0,-98.5,1260
2024-06-10,50.0,-98.0,540
2024-06-10,50.0,-97.5,900
2024-06-10,50.0,-97.0,360
2024-06-10,50.0,-96.5,180
2024-06-10,50.0,-96.0,270
2024-06-10,50.0,-95.5,90
2024-06-10,50.0,-93.0,180
2024-06-10,50.0,-85.5,90
2024-06-10,50.0,-80.5,90
2024-06-10,50.0,-79.5,180
2024-06-10,50.0,-79.0,90
2024-06-10,50.0,-78.5,180
2024-06-10,50.0,-78.0,90
2024-06-10,50.0,-77.5,270
2024-06-10,50.0,-77.0,630
2024-06-10,50.0,-76.5,450
2024-06-10,50.0,-75.5,90
2024-06-10,50.0,-75.0,180
2024-06-10,50.0,-74.5,90
2024-06-10,50.0,-74.0,90
2024-06-10,50.0,-73.5,90
2024-06-10,50.0,-73.0,90
2024-06-10,50.0,-72.0,90
2024-06-10,50.5,-116.5,180
2024-06-10,50.5,-116.0,90
2024-06-10,50.5,-115.5,90
2024-06-10,50.5,-115.0,90
2024-06-10,50.5,-114.5,270
2024-06-10,50.5,-113.0,90
2024-06-10,50.5,-112.0,180
2024-06-10,50.5,-111.5,90
2024-06-10,50.5,-110.5,270
2024-06-10,50.5,-110.0,90
2024-06-10,50.5,-109.5,90
2024-06-10,50.5,-109.0,90
2024-06-10,50.5,-108.5,270
2024-06-10,50.5,-108.0,270
2024-06-10,50.5,-107.0,270
2024-06-10,50.5,-106.5,90
2024-06-10,50.5,-106.0,90
2024-06-10,50.5,-105.0,270
2024-06-10,50.5,-104.5,180
2024-06-10,50.5,-104.0,450
2024-06-10,50.5,-103.0,360
2024-06-10,50.5,-102.5,180
2024-06-10,50.5,-102.0,720
2024-06-10,50.5,-101.5,1080
2024-06-10,50.5,-101.0,450
2024-06-10,50.5,-100.0,270
2024-06-10,50.5,-99.5,540
2024-06-10,50.5,-99.0,90
2024-06-10,50.5,-98.5,90
2024-06-10,50.5,-98.0,90
2024-06-10,50.5,-97.5,1890
2024-06-10,50.5,-97.0,810
2024-06-10,50.5,-96.5,810
2024-06-10,50.5,-96.0,360
2024-06-10,50.5,-95.0,90
2024-06-10,50.5,-94.5,90
2024-06-10,50.5,-84.5,90
2024-06-10,50.5,-84.0,90
2024-06-10,50.5,-83.5,90
2024-06-10,50.5,-82.0,360
2024-06-10,50.5,-81.5,90
2024-06-10,50.5,-81.0,90
2024-06-10,50.5,-79.5,90
2024-06-10,50.5,-78.5,90
2024-06-10,50.5,-77.0,270
2024-06-10,50.5,-76.0,180
2024-06-10,50.5,-75.5,180
2024-06-10,50.5,-75.0,270
2024-06-10,50.5,-73.5,90
2024-06-10,50.5,-71.5,180
2024-06-10,50.5,-71.0,360
2024-06-10,50.5,-70.5,180
2024-06-10,50.5,-70.0,90
2024-06-10,50.5,-67.0,90
2024-06-10,50.5,-66.0,90
2024-06-10,51.0,-115.5,180
2024-06-10,51.0,-115.0,180
2024-06-10,51.0,-112.5,90
2024-06-10,51.0,-111.5,270
2024-06-10,51.0,-111.0,90
2024-06-10,51.0,-110.5,90
2024-06-10,51.0,-110.0,90
2024-06-10,51.0,-109.5,360
2024-06-10,51.0,-109.0,360
2024-06-10,51.0,-108.5,270
2024-06-10,51.0,-108.0,90
2024-06-10,51.0,-107.5,90
2024-06-10,51.0,-107.0,90
2024-06-10,51.0,-106.0,90
2024-06-10,51.0,-105.5,90
2024-06-10,51.0,-103.5,360
2024-06-10,51.0,-103.0,450
2024-06-10,51.0,-102.5,540
2024-06-10,51.0,-102.0,270
2024-06-10,51.0,-101.5,450
2024-06-10,51.0,-101.0,90
2024-06-10,51.0,-100.0,810
2024-06-10,51.0,-98.0,450
2024-06-10,51.0,-97.5,1080
2024-06-10,51.0,-97.0,1710
2024-06-10,51.0,-96.5,360
2024-06-10,51.0,-96.0,90
2024-06-10,51.0,-95.5,180
2024-06-10,51.0,-93.5,90
2024-06-10,51.0,-84.5,90
2024-06-10,51.0,-82.0,180
2024-06-10,51.0,-81.0,90
2024-06-10,51.0,-74.0,90
2024-06-10,51.0,-71.0,90
2024-06-10,51.0,-70.0,270
2024-06-10,51.0,-69.5,90
2024-06-10,51.0,-66.0,90
2024-06-10,51.0,-65.5,90
2024-06-10,51.5,-120.5,90
2024-06-10,51.5,-117.5,90
2024-06-10,51.5,-115.5,90
2024-06-10,51.5,-113.0,90
2024-06-10,51.5,-111.0,90
2024-06-10,51.5,-110.0,90
2024-06-10,51.5,-109.5,90
2024-06-10,51.5,-109.0,180
2024-06-10,51.5,-108.5,90
2024-06-10,51.5,-108.0,270
2024-06-10,51.5,-107.5,360
2024-06-10,51.5,-106.5,90
2024-06-10,51.5,-106.0,90
2024-06-10,51.5,-105.5,270
2024-06-10,51.5,-105.0,360
2024-06-10,51.5,-104.5,450
2024-06-10,51.5,-104.0,180
2024-06-10,51.5,-103.5,630
2024-06-10,51.5,-103.0,360
2024-06-10,51.5,-102.5,270
2024-06-10,51.5,-101.5,180
2024-06-10,51.5,-101.0,360
2024-06-10,51.5,-100.5,180
2024-06-10,51.5,-100.0,270
2024-06-10,51.5,-99.5,90
2024-06-10,51.5,-99.0,90
2024-06-10,51.5,-98.0,90
2024-06-10,51.5,-97.5,180
2024-06-10,51.5,-97.0,1080
2024-06-10,51.5,-96.5,540
2024-06-10,51.5,-96.0,180
2024-06-10,51.5,-85.5,90
2024-06-10,51.5,-84.0,90
2024-06-10,51.5,-75.5,90
2024-06-10,51.5,-74.5,180
2024-06-10,51.5,-74.0,270
2024-06-10,51.5,-69.5,90
2024-06-10,51.5,-69.0,540
2024-06-10,51.5,-67.5,90
2024-06-10,51.5,-66.5,180
2024-06-10,52.0,-120.0,90
2024-06-10,52.0,-119.5,90
2024-06-10,52.0,-116.5,90
2024-06-10,52.0,-115.0,90
2024-06-10,52.0,-114.5,180
2024-06-10,52.0,-113.0,180
2024-06-10,52.0,-112.5,90
2024-06-10,52.0,-108.5,90
2024-06-10,52.0,-107.0,180
2024-06-10,52.0,-106.5,270
2024-06-10,52.0,-106.0,270
2024-06-10,52.0,-105.5,270
2024-06-10,52.0,-105.0,180
2024-06-10,52.0,-104.5,270
2024-06-10,52.0,-104.0,450
2024-06-10,52.0,-103.5,360
2024-06-10,52.0,-103.0,180
2024-06-10,52.0,-102.5,180
2024-06-10,52.0,-102.0,540
2024-06-10,52.0,-101.0,180
2024-06-10,52.0,-100.5,900
2024-06-10,52.0,-100.0,630
2024-06-10,52.0,-99.5,180
2024-06-10,52.0,-98.5,180
2024-06-10,52.0,-96.5,90
2024-06-10,52.0,-91.0,180
2024-06-10,52.0,-84.0,90
2024-06-10,52.0,-83.0,90
2024-06-10,52.0,-77.5,90
2024-06-10,52.0,-73.5,90
2024-06-10,52.0,-69.5,90
2024-06-10,52.0,-69.0,180
2024-06-10,52.0,-68.5,180
2024-06-10,52.0,-68.0,450
2024-06-10,52.0,-67.0,90
2024-06-10,52.0,-66.5,90
2024-06-10,52.5,-116.5,180
2024-06-10,52.5,-115.5,630
2024-06-10,52.5,-114.5,90
2024-06-10,52.5,-114.0,90
2024-06-10,52.5,-113.5,90
2024-06-10,52.5,-112.0,90
2024-06-10,52.5,-111.0,90
2024-06-10,52.5,-107.5,90
2024-06-10,52.5,-107.0,90
2024-06-10,52.5,-106.0,360
2024-06-10,52.5,-104.0,90
2024-06-10,52.5,-102.5,180
2024-06-10,52.5,-102.0,360
2024-06-10,52.5,-101.5,360
2024-06-10,52.5,-101.0,180
2024-06-10,52.5,-100.5,540
2024-06-10,52.5,-100.0,810
2024-06-10,52.5,-99.5,360
2024-06-10,52.5,-99.0,90
2024-06-10,52.5,-98.5,450
2024-06-10,52.5,-95.0,90
2024-06-10,52.5,-94.0,180
2024-06-10,52.5,-92.0,90
2024-06-10,52.5,-91.0,90
2024-06-10,52.5,-89.5,90
2024-06-10,52.5,-84.5,90
2024-06-10,52.5,-83.0,90
2024-06-10,52.5,-67.5,90
2024-06-10,52.5,-66.5,180
2024-06-10,52.5,-66.0,90
2024-06-10,52.5,-65.5,90
2024-06-10,53.0,-118.0,90
2024-06-10,53.0,-117.5,90
2024-06-10,53.0,-115.0,270
2024-06-10,53.0,-114.5,270
2024-06-10,53.0,-114.0,270
2024-06-10,53.0,-112.5,270
2024-06-10,53.0,-111.5,90
2024-06-10,53.0,-110.5,90
2024-06-10,53.0,-110.0,90
2024-06-10,53.0,-109.0,180
2024-06-10,53.0,-108.5,180
2024-06-10,53.0,-108.0,180
2024-06-10,53.0,-107.5,270
2024-06-10,53.0,-106.0,90
2024-06-10,53.0,-105.5,90
2024-06-10,53.0,-105.0,90
2024-06-10,53.0,-103.0,90
2024-06-10,53.0,-102.5,180
2024-06-10,53.0,-102.0,270
2024-06-10,53.0,-101.5,180
2024-06-10,53.0,-101.0,450
2024-06-10,53.0,-100.5,270
2024-06-10,53.0,-100.0,90
2024-06-10,53.0,-99.5,450
2024-06-10,53.0,-99.0,360
2024-06-10,53.0,-98.0,180
2024-06-10,53.0,-96.5,90
2024-06-10,53.0,-96.0,180
2024-06-10,53.0,-93.5,90
2024-06-10,53.0,-90.0,90
2024-06-10,53.0,-89.5,90
2024-06-10,53.0,-84.0,90
2024-06-10,53.0,-66.5,90
2024-06-10,53.0,-66.0,90
2024-06-10,53.0,-65.5,90
2024-06-10,53.5,-116.5,90
2024-06-10,53.5,-116.0,90
2024-06-10,53.5,-115.5,180
2024-06-10,53.5,-114.0,180
2024-06-10,53.5,-113.5,180
2024-06-10,53.5,-113.0,270
2024-06-10,53.5,-111.5,90
2024-06-10,53.5,-111.0,180
2024-06-10,53.5,-107.5,90
2024-06-10,53.5,-107.0,90
2024-06-10,53.5,-106.0,90
2024-06-10,53.5,-105.5,90
2024-06-10,53.5,-105.0,90
2024-06-10,53.5,-104.5,270
2024-06-10,53.5,-104.0,720
2024-06-10,53.5,-102.5,180
2024-06-10,53.5,-102.0,90
2024-06-10,53.5,-101.5,270
2024-06-10,53.5,-101.0,180
2024-06-10,53.5,-100.5,90
2024-06-10,53.5,-99.5,90
2024-06-10,53.5,-98.0,90
2024-06-10,53.5,-97.5,90
2024-06-10,53.5,-88.0,90
2024-06-10,53.5,-65.5,180
2024-06-10,54.0,-116.0,180
2024-06-10,54.0,-115.0,90
2024-06-10,54.0,-114.5,90
2024-06-10,54.0,-106.0,90
2024-06-10,54.0,-104.5,180
2024-06-10,54.0,-104.0,270
2024-06-10,54.0,-103.5,180
2024-06-10,54.0,-103.0,90
2024-06-10,54.0,-102.5,270
2024-06-10,54.0,-101.0,90
2024-06-10,54.0,-100.5,180
2024-06-10,54.0,-100.0,90
2024-06-10,54.0,-98.5,270
2024-06-10,54.0,-95.5,90
2024-06-10,54.0,-69.0,90
2024-06-10,54.0,-67.0,90
2024-06-10,54.0,-66.5,90
2024-06-10,54.0,-66.0,180
2024-06-10,54.0,-65.5,270
2024-06-10,54.5,-116.0,90
2024-06-10,54.5,-115.0,90
2024-06-10,54.5,-106.0,90
2024-06-10,54.5,-105.5,180
2024-06-10,54.5,-104.5,90
2024-06-10,54.5,-104.0,90
2024-06-10,54.5,-102.5,180
2024-06-10,54.5,-102.0,270
2024-06-10,54.5,-66.0,90
2024-06-10,54.5,-65.5,180
2024-06-17,20.0,-105.5,720
2024-06-17,20.0,-105.0,720
2024-06-17,20.0,-104.5,2160
2024-06-17,20.0,-104.0,900
2024-06-17,20.0,-103.5,1080
2024-06-17,20.0,-103.0,1080
2024-06-17,20.0,-102.5,720
2024-06-17,20.0,-102.0,1620
2024-06-17,20.0,-101.5,90
2024-06-17,20.0,-101.0,90
2024-06-17,20.0,-100.5,90
2024-06-17,20.0,-100.0,180
2024-06-17,20.0,-99.5,180
2024-06-17,20.0,-99.0,90
2024-06-17,20.0,-98.5,810
2024-06-17,20.0,-98.0,2700
2024-06-17,20.0,-97.5,900
2024-06-17,20.0,-97.0,450
2024-06-17,20.0,-96.5,90
2024-06-17,20.0,-96.0,270
2024-06-17,20.0,-94.5,270
2024-06-17,20.0,-94.0,180
2024-06-17,20.0,-93.5,90
2024-06-17,20.0,-93.0,540
2024-06-17,20.0,-92.5,630
2024-06-17,20.0,-92.0,360
2024-06-17,20.0,-91.5,90
2024-06-17,20.0,-91.0,90
2024-06-17,20.0,-90.5,720
2024-06-17,20.0,-90.0,90
2024-06-17,20.0,-89.5,180
2024-06-17,20.0,-89.0,990
2024-06-17,20.0,-88.5,1350
2024-06-17,20.0,-88.0,720
2024-06-17,20.0,-87.5,720
2024-06-17,20.0,-87.0,450
2024-06-17,20.0,-85.5,180
2024-06-17,20.0,-85.0,90
2024-06-17,20.0,-84.0,180
2024-06-17,20.0,-83.5,810
2024-06-17,20.0,-83.0,1620
2024-06-17,20.0,-82.5,1890
2024-06-17,20.0,-82.0,810
2024-06-17,20.0,-81.5,2070
2024-06-17,20.0,-81.0,1980
2024-06-17,20.0,-80.5,540
2024-06-17,20.0,-80.0,360
2024-06-17,20.0,-79.5,450
2024-06-17,20.0,-79.0,1530
2024-06-17,20.0,-78.5,3600
2024-06-17,20.0,-78.0,4500
2024-06-17,20.0,-77.5,8370
2024-06-17,20.0,-77.0,4230
2024-06-17,20.0,-76.5,4950
2024-06-17,20.0,-76.0,4860
2024-06-17,20.0,-75.5,4410
2024-06-17,20.0,-75.0,450
2024-06-17,20.0,-74.5,1170
2024-06-17,20.0,-73.5,90
2024-06-17,20.0,-73.0,1080
2024-06-17,20.0,-72.5,180
2024-06-17,20.0,-71.5,90
2024-06-17,20.0,-70.5,810
2024-06-17,20.0,-70.0,360
2024-06-17,20.0,-69.5,1170
2024-06-17,20.0,-69.0,270
2024-06-17,20.0,-68.5,450
2024-06-17,20.0,-68.0,540
2024-06-17,20.0,-67.5,450
2024-06-17,20.0,-67.0,720
2024-06-17,20.0,-66.5,270
2024-06-17,20.0,-65.5,180
2024-06-17,20.5,-106.0,180
2024-06-17,20.5,-105.5,990
2024-06-17,20.5,-105.0,1800
2024-06-17,20.5,-104.5,2880
2024-06-17,20.5,-104.0,720
2024-06-17,20.5,-103.5,810
2024-06-17,20.5,-103.0,1440
2024-06-17,20.5,-102.5,90
2024-06-17,20.5,-101.5,360
2024-06-17,20.5,-101.0,90
2024-06-17,20.5,-100.5,90
2024-06-17,20.5,-98.5,720
2024-06-17,20.5,-98.0,1350
2024-06-17,20.5,-97.5,180
2024-06-17,20.5,-97.0,90
2024-06-17,20.5,-93.5,90
2024-06-17,20.5,-93.0,180
2024-06-17,20.5,-92.5,270
2024-06-17,20.5,-92.0,540
2024-06-17,20.5,-91.5,180
2024-06-17,20.5,-90.5,450
2024-06-17,20.5,-90.0,360
2024-06-17,20.5,-89.5,360
2024-06-17,20.5,-89.0,180
2024-06-17,20.5,-88.5,450
2024-06-17,20.5,-88.0,540
2024-06-17,20.5,-87.5,1530
2024-06-17,20.5,-87.0,450
2024-06-17,20.5,-85.5,360
2024-06-17,20.5,-85.0,180
2024-06-17,20.5,-84.5,90
2024-06-17,20.5,-84.0,1260
2024-06-17,20.5,-83.5,2250
2024-06-17,20.5,-83.0,630
2024-06-17,20.5,-82.5,450
2024-06-17,20.5,-82.0,540
2024-06-17,20.5,-81.5,1260
2024-06-17,20.5,-81.0,810
2024-06-17,20.5,-80.5,720
2024-06-17,20.5,-80.0,1890
2024-06-17,20.5,-79.5,1890
2024-06-17,20.5,-79.0,1170
2024-06-17,20.5,-78.5,2160
2024-06-17,20.5,-78.0,2520
2024-06-17,20.5,-77.5,6030
2024-06-17,20.5,-77.0,1980
2024-06-17,20.5,-76.5,900
2024-06-17,20.5,-76.0,810
2024-06-17,20.5,-75.5,900
2024-06-17,20.5,-75.0,270
2024-06-17,20.5,-74.5,90
2024-06-17,20.5,-74.0,270
2024-06-17,20.5,-72.5,180
2024-06-17,20.5,-72.0,90
2024-06-17,20.5,-71.0,90
2024-06-17,20.5,-70.5,360
2024-06-17,20.5,-70.0,360
2024-06-17,20.5,-69.5,630
2024-06-17,20.5,-69.0,270
2024-06-17,20.5,-68.0,180
2024-06-17,20.5,-67.5,90
2024-06-17,20.5,-67.0,90
2024-06-17,20.5,-66.5,180
2024-06-17,20.5,-66.0,270
2024-06-17,20.5,-65.5,180
2024-06-17,21.0,-106.0,180
2024-06-17,21.0,-105.5,2430
2024-06-17,21.0,-105.0,2430
2024-06-17,21.0,-104.5,1980
2024-06-17,21.0,-104.0,900
2024-06-17,21.0,-103.5,540
2024-06-17,21.0,-103.0,540
2024-06-17,21.0,-102.0,180
2024-06-17,21.0,-100.0,90
2024-06-17,21.0,-99.5,90
2024-06-17,21.0,-99.0,270
2024-06-17,21.0,-98.5,720
2024-06-17,21.0,-98.0,1530
2024-06-17,21.0,-97.5,450
2024-06-17,21.0,-97.0,270
2024-06-17,21.0,-96.5,90
2024-06-17,21.0,-94.5,180
2024-06-17,21.0,-94.0,90
2024-06-17,21.0,-93.5,180
2024-06-17,21.0,-93.0,90
2024-06-17,21.0,-92.5,360
2024-06-17,21.0,-92.0,270
2024-06-17,21.0,-90.0,630
2024-06-17,21.0,-89.5,90
2024-06-17,21.0,-89.0,540
2024-06-17,21.0,-88.5,180
2024-06-17,21.0,-88.0,900
2024-06-17,21.0,-87.5,720
2024-06-17,21.0,-87.0,630
2024-06-17,21.0,-86.5,90
2024-06-17,21.0,-86.0,90
2024-06-17,21.0,-85.5,180
2024-06-17,21.0,-85.0,540
2024-06-17,21.0,-84.5,360
2024-06-17,21.0,-84.0,810
2024-06-17,21.0,-83.5,630
2024-06-17,21.0,-83.0,450
2024-06-17,21.0,-82.5,900
2024-06-17,21.0,-82.0,1440
2024-06-17,21.0,-81.5,1440
2024-06-17,21.0,-81.0,90
2024-06-17,21.0,-80.5,1080
2024-06-17,21.0,-80.0,1170
2024-06-17,21.0,-79.5,450
2024-06-17,21.0,-79.0,3690
2024-06-17,21.0,-78.5,2430
2024-06-17,21.0,-78.0,1710
2024-06-17,21.0,-77.5,3060
2024-06-17,21.0,-77.0,1350
2024-06-17,21.0,-76.5,270
2024-06-17,21.0,-76.0,360
2024-06-17,21.0,-75.5,630
2024-06-17,21.0,-75.0,630
2024-06-17,21.0,-74.5,270
2024-06-17,21.0,-74.0,180
2024-06-17,21.0,-73.5,90
2024-06-17,21.0,-73.0,360
2024-06-17,21.0,-72.5,90
2024-06-17,21.0,-72.0,90
2024-06-17,21.0,-71.5,180
2024-06-17,21.0,-70.5,270
2024-06-17,21.0,-69.5,180
2024-06-17,21.0,-69.0,360
2024-06-17,21.0,-68.5,90
2024-06-17,21.0,-68.0,540
2024-06-17,21.0,-67.5,270
2024-06-17,21.0,-67.0,180
2024-06-17,21.0,-66.5,180
2024-06-17,21.0,-66.0,270
2024-06-17,21.0,-65.5,90
2024-06-17,21.5,-107.0,180
2024-06-17,21.5,-106.5,180
2024-06-17,21.5,-106.0,1080
2024-06-17,21.5,-105.5,1260
2024-06-17,21.5,-105.0,630
2024-06-17,21.5,-104.5,450
2024-06-17,21.5,-104.0,90
2024-06-17,21.5,-103.5,90
2024-06-17,21.5,-102.5,90
2024-06-17,21.5,-102.0,90
2024-06-17,21.5,-99.5,990
2024-06-17,21.5,-99.0,990
2024-06-17,21.5,-98.5,810
2024-06-17,21.5,-98.0,360
2024-06-17,21.5,-96.0,90
2024-06-17,21.5,-95.5,90
2024-06-17,21.5,-93.0,90
2024-06-17,21.5,-92.5,180
2024-06-17,21.5,-92.0,720
2024-06-17,21.5,-91.0,90
2024-06-17,21.5,-89.0,180
2024-06-17,21.5,-88.5,360
2024-06-17,21.5,-88.0,540
2024-06-17,21.5,-87.5,270
2024-06-17,21.5,-87.0,720
2024-06-17,21.5,-86.5,270
2024-06-17,21.5,-86.0,450
2024-06-17,21.5,-85.5,450
2024-06-17,21.5,-85.0,4140
2024-06-17,21.5,-84.5,1170
2024-06-17,21.5,-84.0,810
2024-06-17,21.5,-83.5,1080
2024-06-17,21.5,-83.0,810
2024-06-17,21.5,-82.5,1620
2024-06-17,21.5,-82.0,1350
2024-06-17,21.5,-81.5,1080
2024-06-17,21.5,-81.0,900
2024-06-17,21.5,-80.5,540
2024-06-17,21.5,-80.0,2070
2024-06-17,21.5,-79.5,2970
2024-06-17,21.5,-79.0,5130
2024-06-17,21.5,-78.5,6480
2024-06-17,21.5,-78.0,630
2024-06-17,21.5,-77.5,90
2024-06-17,21.5,-77.0,90
2024-06-17,21.5,-74.0,270
2024-06-17,21.5,-73.5,180
2024-06-17,21.5,-73.0,90
2024-06-17,21.5,-72.5,1260
2024-06-17,21.5,-72.0,270
2024-06-17,21.5,-71.5,90
2024-06-17,21.5,-71.0,270
2024-06-17,21.5,-70.5,90
2024-06-17,21.5,-70.0,630
2024-06-17,21.5,-69.5,810
2024-06-17,21.5,-69.0,180
2024-06-17,21.5,-68.5,630
2024-06-17,21.5,-68.0,540
2024-06-17,21.5,-67.5,270
2024-06-17,21.5,-67.0,450
2024-06-17,21.5,-66.5,360
2024-06-17,21.5,-66.0,270
2024-06-17,21.5,-65.5,90
2024-06-17,22.0,-106.5,180
2024-06-17,22.0,-106.0,360
2024-06-17,22.0,-105.5,1620
2024-06-17,22.0,-105.0,360
2024-06-17,22.0,-104.5,1170
2024-06-17,22.0,-104.0,540
2024-06-17,22.0,-101.5,180
2024-06-17,22.0,-100.0,270
2024-06-17,22.0,-99.5,1170
2024-06-17,22.0,-99.0,270
2024-06-17,22.0,-98.5,810
2024-06-17,22.0,-98.0,90
2024-06-17,22.0,-96.5,90
2024-06-17,22.0,-95.0,90
2024-06-17,22.0,-93.0,90
2024-06-17,22.0,-92.0,90
2024-06-17,22.0,-88.0,90
2024-06-17,22.0,-87.0,90
2024-06-17,22.0,-86.5,1260
2024-06-17,22.0,-86.0,2520
2024-06-17,22.0,-85.5,1080
2024-06-17,22.0,-85.0,450
2024-06-17,22.0,-84.5,720
2024-06-17,22.0,-84.0,1800
2024-06-17,22.0,-83.5,90
2024-06-17,22.0,-83.0,270
2024-06-17,22.0,-82.5,360
2024-06-17,22.0,-82.0,3960
2024-06-17,22.0,-81.5,2340
2024-06-17,22.0,-81.0,5760
2024-06-17,22.0,-80.5,2700
2024-06-17,22.0,-80.0,4050
2024-06-17,22.0,-79.5,6210
2024-06-17,22.0,-79.0,1260
2024-06-17,22.0,-78.5,180
2024-06-17,22.0,-78.0,90
2024-06-17,22.0,-77.0,270
2024-06-17,22.0,-76.5,270
2024-06-17,22.0,-74.5,180
2024-06-17,22.0,-73.5,360
2024-06-17,22.0,-73.0,630
2024-06-17,22.0,-72.5,180
2024-06-17,22.0,-72.0,90
2024-06-17,22.0,-70.5,90
2024-06-17,22.0,-70.0,180
2024-06-17,22.0,-69.5,180
2024-06-17,22.0,-69.0,360
2024-06-17,22.0,-68.5,180
2024-06-17,22.0,-68.0,1260
2024-06-17,22.0,-67.5,810
2024-06-17,22.0,-67.0,540
2024-06-17,22.0,-66.5,450
2024-06-17,22.0,-66.0,270
2024-06-17,22.0,-65.5,540
2024-06-17,22.5,-106.0,180
2024-06-17,22.5,-105.5,1260
2024-06-17,22.5,-105.0,540
2024-06-17,22.5,-104.5,1170
2024-06-17,22.5,-104.0,270
2024-06-17,22.5,-103.5,90
2024-06-17,22.5,-100.0,180
2024-06-17,22.5,-99.5,720
2024-06-17,22.5,-99.0,180
2024-06-17,22.5,-94.0,90
2024-06-17,22.5,-93.5,90
2024-06-17,22.5,-88.0,180
2024-06-17,22.5,-87.5,540
2024-06-17,22.5,-87.0,1350
2024-06-17,22.5,-86.5,1170
2024-06-17,22.5,-86.0,990
2024-06-17,22.5,-85.5,990
2024-06-17,22.5,-85.0,3690
2024-06-17,22.5,-84.5,4590
2024-06-17,22.5,-84.0,900
2024-06-17,22.5,-83.5,3960
2024-06-17,22.5,-83.0,1980
2024-06-17,22.5,-82.5,4500
2024-06-17,22.5,-82.0,8010
2024-06-17,22.5,-81.5,2520
2024-06-17,22.5,-81.0,1980
2024-06-17,22.5,-80.5,2790
2024-06-17,22.5,-80.0,270
2024-06-17,22.5,-79.5,720
2024-06-17,22.5,-79.0,990
2024-06-17,22.5,-78.5,720
2024-06-17,22.5,-78.0,630
2024-06-17,22.5,-77.5,540
2024-06-17,22.5,-76.0,90
2024-06-17,22.5,-75.0,90
2024-06-17,22.5,-73.5,450
2024-06-17,22.5,-73.0,270
2024-06-17,22.5,-70.0,180
2024-06-17,22.5,-69.5,270
2024-06-17,22.5,-69.0,270
2024-06-17,22.5,-68.5,180
2024-06-17,22.5,-68.0,450
2024-06-17,22.5,-67.5,180
2024-06-17,22.5,-67.0,630
2024-06-17,22.5,-66.5,450
2024-06-17,22.5,-66.0,360
2024-06-17,22.5,-65.5,360
2024-06-17,23.0,-106.5,90
2024-06-17,23.0,-106.0,4140
2024-06-17,23.0,-105.5,810
2024-06-17,23.0,-105.0,1170
2024-06-17,23.0,-104.5,1260
2024-06-17,23.0,-104.0,180
2024-06-17,23.0,-102.5,90
2024-06-17,23.0,-100.0,90
2024-06-17,23.0,-99.5,540
2024-06-17,23.0,-99.0,450
2024-06-17,23.0,-98.5,360
2024-06-17,23.0,-98.0,360
2024-06-17,23.0,-97.5,360
2024-06-17,23.0,-97.0,90
2024-06-17,23.0,-94.0,90
2024-06-17,23.0,-89.0,90
2024-06-17,23.0,-88.0,360
2024-06-17,23.0,-87.5,270
2024-06-17,23.0,-87.0,1350
2024-06-17,23.0,-86.5,90
2024-06-17,23.0,-86.0,270
2024-06-17,23.0,-85.5,1350
2024-06-17,23.0,-85.0,5670
2024-06-17,23.0,-84.5,2160
2024-06-17,23.0,-84.0,3240
2024-06-17,23.0,-83.5,2880
2024-06-17,23.0,-83.0,3870
2024-06-17,23.0,-82.5,4050
2024-06-17,23.0,-82.0,900
2024-06-17,23.0,-81.5,900
2024-06-17,23.0,-81.0,720
2024-06-17,23.0,-80.5,900
2024-06-17,23.0,-80.0,1800
2024-06-17,23.0,-79.5,2430
2024-06-17,23.0,-79.0,720
2024-06-17,23.0,-78.5,450
2024-06-17,23.0,-78.0,360
2024-06-17,23.0,-77.5,270
2024-06-17,23.0,-77.0,180
2024-06-17,23.0,-75.5,90
2024-06-17,23.0,-75.0,90
2024-06-17,23.0,-74.5,90
2024-06-17,23.0,-73.5,90
2024-06-17,23.0,-68.0,270
2024-06-17,23.0,-67.5,180
2024-06-17,23.0,-67.0,360
2024-06-17,23.0,-66.5,270
2024-06-17,23.0,-66.0,810
2024-06-17,23.0,-65.5,180
2024-06-17,23.5,-107.5,90
2024-06-17,23.5,-107.0,360
2024-06-17,23.5,-106.5,2250
2024-06-17,23.5,-106.0,1440
2024-06-17,23.5,-105.5,450
2024-06-17,23.5,-105.0,450
2024-06-17,23.5,-103.5,270
2024-06-17,23.5,-103.0,180
2024-06-17,23.5,-102.5,90
2024-06-17,23.5,-99.5,540
2024-06-17,23.5,-99.0,990
2024-06-17,23.5,-98.5,630
2024-06-17,23.5,-97.5,90
2024-06-17,23.5,-97.0,270
2024-06-17,23.5,-96.5,180
2024-06-17,23.5,-96.0,270
2024-06-17,23.5,-95.0,90
2024-06-17,23.5,-93.5,180
2024-06-17,23.5,-92.0,90
2024-06-17,23.5,-91.0,180
2024-06-17,23.5,-90.5,90
2024-06-17,23.5,-89.0,90
2024-06-17,23.5,-88.5,90
2024-06-17,23.5,-88.0,180
2024-06-17,23.5,-87.5,90
2024-06-17,23.5,-87.0,360
2024-06-17,23.5,-86.5,180
2024-06-17,23.5,-86.0,720
2024-06-17,23.5,-85.5,1890
2024-06-17,23.5,-85.0,2790
2024-06-17,23.5,-84.5,1440
2024-06-17,23.5,-84.0,2250
2024-06-17,23.5,-83.5,2790
2024-06-17,23.5,-83.0,630
2024-06-17,23.5,-82.5,90
2024-06-17,23.5,-82.0,900
2024-06-17,23.5,-81.5,270
2024-06-17,23.5,-81.0,450
2024-06-17,23.5,-80.5,90
2024-06-17,23.5,-80.0,1980
2024-06-17,23.5,-79.5,450
2024-06-17,23.5,-79.0,180
2024-06-17,23.5,-78.5,90
2024-06-17,23.5,-78.0,180
2024-06-17,23.5,-77.5,180
2024-06-17,23.5,-77.0,90
2024-06-17,23.5,-76.5,180
2024-06-17,23.5,-73.0,90
2024-06-17,23.5,-67.0,180
2024-06-17,23.5,-66.5,90
2024-06-17,23.5,-66.0,450
2024-06-17,23.5,-65.5,270
2024-06-17,24.0,-107.5,90
2024-06-17,24.0,-107.0,720
2024-06-17,24.0,-106.5,540
2024-06-17,24.0,-106.0,540
2024-06-17,24.0,-105.0,90
2024-06-17,24.0,-104.5,90
2024-06-17,24.0,-103.5,90
2024-06-17,24.0,-100.0,1080
2024-06-17,24.0,-99.5,90
2024-06-17,24.0,-99.0,180
2024-06-17,24.0,-98.5,270
2024-06-17,24.0,-98.0,540
2024-06-17,24.0,-97.5,270
2024-06-17,24.0,-97.0,180
2024-06-17,24.0,-96.5,90
2024-06-17,24.0,-93.5,90
2024-06-17,24.0,-93.0,90
2024-06-17,24.0,-92.0,270
2024-06-17,24.0,-91.5,90
2024-06-17,24.0,-91.0,90
2024-06-17,24.0,-90.5,90
2024-06-17,24.0,-89.0,90
2024-06-17,24.0,-88.0,180
2024-06-17,24.0,-87.5,450
2024-06-17,24.0,-87.0,540
2024-06-17,24.0,-86.5,180
2024-06-17,24.0,-86.0,540
2024-06-17,24.0,-85.5,450
2024-06-17,24.0,-84.5,90
2024-06-17,24.0,-84.0,180
2024-06-17,24.0,-83.5,1170
2024-06-17,24.0,-83.0,720
2024-06-17,24.0,-82.5,540
2024-06-17,24.0,-82.0,450
2024-06-17,24.0,-81.5,90
2024-06-17,24.0,-81.0,900
2024-06-17,24.0,-80.5,1440
2024-06-17,24.0,-80.0,2070
2024-06-17,24.0,-79.5,810
2024-06-17,24.0,-79.0,90
2024-06-17,24.0,-78.5,270
2024-06-17,24.0,-77.5,90
2024-06-17,24.0,-77.0,180
2024-06-17,24.0,-76.0,90
2024-06-17,24.0,-75.0,180
2024-06-17,24.0,-74.5,180
2024-06-17,24.0,-74.0,180
2024-06-17,24.0,-73.0,180
2024-06-17,24.0,-72.5,90
2024-06-17,24.0,-72.0,90
2024-06-17,24.0,-69.0,90
2024-06-17,24.0,-68.0,90
2024-06-17,24.0,-66.5,90
2024-06-17,24.0,-66.0,540
2024-06-17,24.0,-65.5,630
2024-06-17,24.5,-107.5,90
2024-06-17,24.5,-107.0,450
2024-06-17,24.5,-106.5,720
2024-06-17,24.5,-106.0,990
2024-06-17,24.5,-105.5,180
2024-06-17,24.5,-105.0,360
2024-06-17,24.5,-104.5,1440
2024-06-17,24.5,-104.0,90
2024-06-17,24.5,-103.5,270
2024-06-17,24.5,-100.5,90
2024-06-17,24.5,-100.0,450
2024-06-17,24.5,-99.5,360
2024-06-17,24.5,-99.0,270
2024-06-17,24.5,-98.5,90
2024-06-17,24.5,-98.0,360
2024-06-17,24.5,-97.0,180
2024-06-17,24.5,-96.5,90
2024-06-17,24.5,-92.0,90
2024-06-17,24.5,-91.0,90
2024-06-17,24.5,-89.5,90
2024-06-17,24.5,-88.5,90
2024-06-17,24.5,-88.0,90
2024-06-17,24.5,-87.5,180
2024-06-17,24.5,-87.0,90
2024-06-17,24.5,-86.5,270
2024-06-17,24.5,-86.0,270
2024-06-17,24.5,-84.5,90
2024-06-17,24.5,-83.5,180
2024-06-17,24.5,-83.0,180
2024-06-17,24.5,-82.0,90
2024-06-17,24.5,-81.0,90
2024-06-17,24.5,-80.5,270
2024-06-17,24.5,-79.5,990
2024-06-17,24.5,-79.0,360
2024-06-17,24.5,-78.5,270
2024-06-17,24.5,-78.0,450
2024-06-17,24.5,-77.5,180
2024-06-17,24.5,-75.5,90
2024-06-17,24.5,-75.0,180
2024-06-17,24.5,-74.5,180
2024-06-17,24.5,-72.5,90
2024-06-17,24.5,-71.5,90
2024-06-17,24.5,-70.0,90
2024-06-17,24.5,-69.0,270
2024-06-17,24.5,-68.5,90
2024-06-17,24.5,-67.0,90
2024-06-17,24.5,-66.0,90
2024-06-17,24.5,-65.5,990
2024-06-17,25.0,-108.0,450
2024-06-17,25.0,-107.5,1710
2024-06-17,25.0,-107.0,990
2024-06-17,25.0,-106.0,1260
2024-06-17,25.0,-104.0,90
2024-06-17,25.0,-103.5,90
2024-06-17,25.0,-100.0,270
2024-06-17,25.0,-99.5,180
2024-06-17,25.0,-99.0,180
2024-06-17,25.0,-92.0,180
2024-06-17,25.0,-89.5,90
2024-06-17,25.0,-88.5,180
2024-06-17,25.0,-88.0,450
2024-06-17,25.0,-87.5,450
2024-06-17,25.0,-85.5,90
2024-06-17,25.0,-82.5,630
2024-06-17,25.0,-82.0,720
2024-06-17,25.0,-81.5,630
2024-06-17,25.0,-81.0,270
2024-06-17,25.0,-80.5,90
2024-06-17,25.0,-80.0,270
2024-06-17,25.0,-79.5,1170
2024-06-17,25.0,-79.0,1530
2024-06-17,25.0,-78.5,180
2024-06-17,25.0,-78.0,360
2024-06-17,25.0,-77.0,270
2024-06-17,25.0,-75.5,90
2024-06-17,25.0,-71.5,90
2024-06-17,25.0,-70.5,180
2024-06-17,25.0,-70.0,90
2024-06-17,25.0,-68.5,90
2024-06-17,25.0,-67.0,90
2024-06-17,25.0,-66.0,270
2024-06-17,25.0,-65.5,270
2024-06-17,25.5,-108.0,2700
2024-06-17,25.5,-107.5,1530
2024-06-17,25.5,-107.0,1260
2024-06-17,25.5,-106.5,450
2024-06-17,25.5,-106.0,180
2024-06-17,25.5,-105.5,90
2024-06-17,25.5,-100.5,90
2024-06-17,25.5,-100.0,180
2024-06-17,25.5,-99.5,1260
2024-06-17,25.5,-99.0,540
2024-06-17,25.5,-98.5,90
2024-06-17,25.5,-92.0,90
2024-06-17,25.5,-91.0,270
2024-06-17,25.5,-89.5,90
2024-06-17,25.5,-89.0,90
2024-06-17,25.5,-88.0,1260
2024-06-17,25.5,-87.0,90
2024-06-17,25.5,-84.0,90
2024-06-17,25.5,-83.5,90
2024-06-17,25.5,-83.0,90
2024-06-17,25.5,-82.5,360
2024-06-17,25.5,-82.0,270
2024-06-17,25.5,-81.5,1800
2024-06-17,25.5,-81.0,270
2024-06-17,25.5,-80.5,720
2024-06-17,25.5,-80.0,360
2024-06-17,25.5,-79.5,1350
2024-06-17,25.5,-79.0,810
2024-06-17,25.5,-78.5,1080
2024-06-17,25.5,-76.0,90
2024-06-17,25.5,-75.5,90
2024-06-17,25.5,-71.5,180
2024-06-17,25.5,-71.0,90
2024-06-17,25.5,-70.5,180
2024-06-17,25.5,-69.5,90
2024-06-17,25.5,-69.0,270
2024-06-17,25.5,-68.5,90
2024-06-17,25.5,-65.5,90
2024-06-17,26.0,-108.5,2070
2024-06-17,26.0,-108.0,3420
2024-06-17,26.0,-107.5,540
2024-06-17,26.0,-107.0,270
2024-06-17,26.0,-106.5,630
2024-06-17,26.0,-100.5,90
2024-06-17,26.0,-100.0,90
2024-06-17,26.0,-99.5,630
2024-06-17,26.0,-99.0,180
2024-06-17,26.0,-98.5,180
2024-06-17,26.0,-97.5,90
2024-06-17,26.0,-92.5,270
2024-06-17,26.0,-92.0,90
2024-06-17,26.0,-91.5,90
2024-06-17,26.0,-91.0,990
2024-06-17,26.0,-90.0,90
2024-06-17,26.0,-89.5,90
2024-06-17,26.0,-89.0,360
2024-06-17,26.0,-88.5,450
2024-06-17,26.0,-88.0,1170
2024-06-17,26.0,-87.5,270
2024-06-17,26.0,-87.0,180
2024-06-17,26.0,-86.5,180
2024-06-17,26.0,-86.0,90
2024-06-17,26.0,-85.0,90
2024-06-17,26.0,-84.5,180
2024-06-17,26.0,-83.5,720
2024-06-17,26.0,-83.0,270
2024-06-17,26.0,-82.5,630
2024-06-17,26.0,-82.0,1170
2024-06-17,26.0,-81.5,1260
2024-06-17,26.0,-81.0,540
2024-06-17,26.0,-80.5,720
2024-06-17,26.0,-80.0,450
2024-06-17,26.0,-79.5,1170
2024-06-17,26.0,-79.0,720
2024-06-17,26.0,-78.5,810
2024-06-17,26.0,-78.0,180
2024-06-17,26.0,-76.0,90
2024-06-17,26.0,-72.0,90
2024-06-17,26.0,-71.5,90
2024-06-17,26.0,-71.0,90
2024-06-17,26.0,-69.5,180
2024-06-17,26.0,-69.0,180
2024-06-17,26.0,-68.5,90
2024-06-17,26.5,-112.5,180
2024-06-17,26.5,-109.5,180
2024-06-17,26.5,-109.0,3420
2024-06-17,26.5,-108.5,4590
2024-06-17,26.5,-108.0,630
2024-06-17,26.5,-100.5,270
2024-06-17,26.5,-100.0,360
2024-06-17,26.5,-99.5,900
2024-06-17,26.5,-99.0,450
2024-06-17,26.5,-96.5,90
2024-06-17,26.5,-93.5,90
2024-06-17,26.5,-93.0,90
2024-06-17,26.5,-91.5,90
2024-06-17,26.5,-91.0,90
2024-06-17,26.5,-90.5,270
2024-06-17,26.5,-89.5,90
2024-06-17,26.5,-89.0,630
2024-06-17,26.5,-88.5,2340
2024-06-17,26.5,-88.0,540
2024-06-17,26.5,-87.5,720
2024-06-17,26.5,-87.0,180
2024-06-17,26.5,-86.5,180
2024-06-17,26.5,-85.5,450
2024-06-17,26.5,-85.0,360
2024-06-17,26.5,-84.5,90
2024-06-17,26.5,-84.0,270
2024-06-17,26.5,-83.0,360
2024-06-17,26.5,-82.5,540
2024-06-17,26.5,-82.0,1530
2024-06-17,26.5,-81.5,900
2024-06-17,26.5,-81.0,360
2024-06-17,26.5,-80.5,180
2024-06-17,26.5,-80.0,540
2024-06-17,26.5,-79.5,630
2024-06-17,26.5,-79.0,630
2024-06-17,26.5,-78.5,360
2024-06-17,26.5,-78.0,90
2024-06-17,26.5,-73.5,90
2024-06-17,26.5,-71.0,90
2024-06-17,26.5,-69.0,90
2024-06-17,27.0,-110.5,180
2024-06-17,27.0,-109.5,90
2024-06-17,27.0,-109.0,1800
2024-06-17,27.0,-108.5,1170
2024-06-17,27.0,-104.5,180
2024-06-17,27.0,-104.0,90
2024-06-17,27.0,-101.5,90
2024-06-17,27.0,-101.0,270
2024-06-17,27.0,-100.5,90
2024-06-17,27.0,-100.0,180
2024-06-17,27.0,-99.5,360
2024-06-17,27.0,-99.0,180
2024-06-17,27.0,-98.5,180
2024-06-17,27.0,-98.0,90
2024-06-17,27.0,-94.0,90
2024-06-17,27.0,-93.5,270
2024-06-17,27.0,-92.0,90
2024-06-17,27.0,-91.5,90
2024-06-17,27.0,-90.0,90
2024-06-17,27.0,-89.0,90
2024-06-17,27.0,-88.5,720
2024-06-17,27.0,-88.0,270
2024-06-17,27.0,-86.5,90
2024-06-17,27.0,-84.5,90
2024-06-17,27.0,-84.0,180
2024-06-17,27.0,-83.5,90
2024-06-17,27.0,-83.0,540
2024-06-17,27.0,-82.5,2430
2024-06-17,27.0,-82.0,990
2024-06-17,27.0,-81.5,720
2024-06-17,27.0,-81.0,540
2024-06-17,27.0,-80.5,990
2024-06-17,27.0,-80.0,90
2024-06-17,27.0,-79.5,900
2024-06-17,27.0,-79.0,360
2024-06-17,27.0,-78.5,360
2024-06-17,27.0,-78.0,180
2024-06-17,27.0,-74.5,90
2024-06-17,27.0,-70.5,180
2024-06-17,27.0,-69.5,90
2024-06-17,27.5,-110.0,90
2024-06-17,27.5,-109.5,1800
2024-06-17,27.5,-109.0,3510
2024-06-17,27.5,-108.5,1170
2024-06-17,27.5,-107.5,90
2024-06-17,27.5,-105.0,90
2024-06-17,27.5,-104.5,360
2024-06-17,27.5,-104.0,180
2024-06-17,27.5,-102.0,180
2024-06-17,27.5,-101.5,90
2024-06-17,27.5,-101.0,90
2024-06-17,27.5,-100.5,90
2024-06-17,27.5,-99.0,90
2024-06-17,27.5,-98.5,180
2024-06-17,27.5,-98.0,360
2024-06-17,27.5,-94.5,180
2024-06-17,27.5,-93.0,90
2024-06-17,27.5,-92.5,90
2024-06-17,27.5,-92.0,360
2024-06-17,27.5,-90.5,180
2024-06-17,27.5,-89.5,90
2024-06-17,27.5,-89.0,180
2024-06-17,27.5,-88.5,90
2024-06-17,27.5,-84.5,90
2024-06-17,27.5,-84.0,180
2024-06-17,27.5,-83.5,90
2024-06-17,27.5,-83.0,900
2024-06-17,27.5,-82.5,1620
2024-06-17,27.5,-82.0,180
2024-06-17,27.5,-81.5,1080
2024-06-17,27.5,-81.0,900
2024-06-17,27.5,-80.5,900
2024-06-17,27.5,-80.0,180
2024-06-17,27.5,-79.5,450
2024-06-17,27.5,-79.0,270
2024-06-17,27.5,-78.0,90
2024-06-17,27.5,-75.5,90
2024-06-17,27.5,-70.5,90
2024-06-17,27.5,-70.0,90
2024-06-17,28.0,-110.5,990
2024-06-17,28.0,-110.0,3870
2024-06-17,28.0,-109.5,1080
2024-06-17,28.0,-109.0,3240
2024-06-17,28.0,-108.5,450
2024-06-17,28.0,-105.5,180
2024-06-17,28.0,-105.0,360
2024-06-17,28.0,-104.5,990
2024-06-17,28.0,-104.0,270
2024-06-17,28.0,-101.5,90
2024-06-17,28.0,-101.0,90
2024-06-17,28.0,-100.5,90
2024-06-17,28.0,-99.0,270
2024-06-17,28.0,-98.5,90
2024-06-17,28.0,-97.5,180
2024-06-17,28.0,-96.5,270
2024-06-17,28.0,-95.0,90
2024-06-17,28.0,-93.5,90
2024-06-17,28.0,-93.0,360
2024-06-17,28.0,-92.5,90
2024-06-17,28.0,-92.0,90
2024-06-17,28.0,-90.0,180
2024-06-17,28.0,-89.5,90
2024-06-17,28.0,-89.0,90
2024-06-17,28.0,-87.5,540
2024-06-17,28.0,-84.5,90
2024-06-17,28.0,-83.5,180
2024-06-17,28.0,-83.0,360
2024-06-17,28.0,-82.5,1710
2024-06-17,28.0,-82.0,990
2024-06-17,28.0,-81.5,540
2024-06-17,28.0,-81.0,990
2024-06-17,28.0,-80.5,90
2024-06-17,28.0,-79.5,270
2024-06-17,28.0,-78.5,720
2024-06-17,28.0,-78.0,270
2024-06-17,28.0,-77.5,270
2024-06-17,28.0,-75.5,450
2024-06-17,28.0,-75.0,180
2024-06-17,28.0,-73.5,90
2024-06-17,28.0,-71.0,90
2024-06-17,28.5,-111.5,180
2024-06-17,28.5,-111.0,720
2024-06-17,28.5,-110.5,2160
2024-06-17,28.5,-110.0,3600
2024-06-17,28.5,-109.5,3240
2024-06-17,28.5,-109.0,1980
2024-06-17,28.5,-106.0,450
2024-06-17,28.5,-105.0,90
2024-06-17,28.5,-104.0,450
2024-06-17,28.5,-102.5,180
2024-06-17,28.5,-100.5,90
2024-06-17,28.5,-100.0,90
2024-06-17,28.5,-99.5,180
2024-06-17,28.5,-96.5,90
2024-06-17,28.5,-96.0,90
2024-06-17,28.5,-94.5,90
2024-06-17,28.5,-93.5,180
2024-06-17,28.5,-91.5,90
2024-06-17,28.5,-91.0,90
2024-06-17,28.5,-90.0,90
2024-06-17,28.5,-87.5,90
2024-06-17,28.5,-87.0,90
2024-06-17,28.5,-86.0,180
2024-06-17,28.5,-84.0,180
2024-06-17,28.5,-83.5,630
2024-06-17,28.5,-83.0,270
2024-06-17,28.5,-82.5,810
2024-06-17,28.5,-82.0,90
2024-06-17,28.5,-81.5,900
2024-06-17,28.5,-81.0,540
2024-06-17,28.5,-80.0,1080
2024-06-17,28.5,-79.5,450
2024-06-17,28.5,-78.5,180
2024-06-17,28.5,-78.0,270
2024-06-17,28.5,-75.5,90
2024-06-17,28.5,-75.0,180
2024-06-17,29.0,-111.0,990
2024-06-17,29.0,-110.5,990
2024-06-17,29.0,-110.0,3150
2024-06-17,29.0,-109.5,1530
2024-06-17,29.0,-109.0,1080
2024-06-17,29.0,-106.5,270
2024-06-17,29.0,-106.0,90
2024-06-17,29.0,-105.5,720
2024-06-17,29.0,-103.5,810
2024-06-17,29.0,-103.0,1710
2024-06-17,29.0,-102.5,360
2024-06-17,29.0,-101.5,180
2024-06-17,29.0,-99.0,90
2024-06-17,29.0,-98.5,90
2024-06-17,29.0,-96.5,90
2024-06-17,29.0,-96.0,360
2024-06-17,29.0,-95.0,90
2024-06-17,29.0,-91.5,90
2024-06-17,29.0,-91.0,90
2024-06-17,29.0,-83.5,810
2024-06-17,29.0,-82.5,540
2024-06-17,29.0,-82.0,810
2024-06-17,29.0,-81.5,2790
2024-06-17,29.0,-81.0,450
2024-06-17,29.0,-80.0,270
2024-06-17,29.0,-79.5,1440
2024-06-17,29.0,-79.0,90
2024-06-17,29.0,-78.5,180
2024-06-17,29.0,-78.0,90
2024-06-17,29.0,-77.5,180
2024-06-17,29.0,-77.0,270
2024-06-17,29.0,-76.0,90
2024-06-17,29.0,-75.0,90
2024-06-17,29.5,-111.0,90
2024-06-17,29.5,-110.5,90
2024-06-17,29.5,-110.0,180
2024-06-17,29.5,-109.5,720
2024-06-17,29.5,-109.0,270
2024-06-17,29.5,-107.5,90
2024-06-17,29.5,-106.5,90
2024-06-17,29.5,-104.0,180
2024-06-17,29.5,-103.5,1170
2024-06-17,29.5,-103.0,1170
2024-06-17,29.5,-101.5,90
2024-06-17,29.5,-100.5,90
2024-06-17,29.5,-99.0,90
2024-06-17,29.5,-97.0,90
2024-06-17,29.5,-96.5,90
2024-06-17,29.5,-96.0,180
2024-06-17,29.5,-95.5,90
2024-06-17,29.5,-94.5,270
2024-06-17,29.5,-94.0,360
2024-06-17,29.5,-93.5,270
2024-06-17,29.5,-93.0,270
2024-06-17,29.5,-92.5,360
2024-06-17,29.5,-92.0,270
2024-06-17,29.5,-91.5,90
2024-06-17,29.5,-90.5,720
2024-06-17,29.5,-90.0,90
2024-06-17,29.5,-86.5,90
2024-06-17,29.5,-84.5,270
2024-06-17,29.5,-84.0,180
2024-06-17,29.5,-83.5,270
2024-06-17,29.5,-83.0,1080
2024-06-17,29.5,-82.5,1440
2024-06-17,29.5,-82.0,1530
2024-06-17,29.5,-81.5,900
2024-06-17,29.5,-81.0,1530
2024-06-17,29.5,-80.5,270
2024-06-17,29.5,-80.0,1170
2024-06-17,29.5,-79.5,540
2024-06-17,29.5,-79.0,90
2024-06-17,29.5,-78.0,450
2024-06-17,29.5,-77.0,180
2024-06-17,29.5,-75.5,90
2024-06-17,30.0,-111.0,360
2024-06-17,30.0,-110.5,180
2024-06-17,30.0,-110.0,720
2024-06-17,30.0,-109.5,270
2024-06-17,30.0,-109.0,180
2024-06-17,30.0,-105.0,450
2024-06-17,30.0,-104.5,360
2024-06-17,30.0,-102.0,90
2024-06-17,30.0,-101.5,450
2024-06-17,30.0,-100.5,90
2024-06-17,30.0,-100.0,90
2024-06-17,30.0,-96.5,180
2024-06-17,30.0,-96.0,90
2024-06-17,30.0,-95.0,90
2024-06-17,30.0,-94.0,810
2024-06-17,30.0,-93.5,630
2024-06-17,30.0,-93.0,990
2024-06-17,30.0,-92.5,1080
2024-06-17,30.0,-91.5,90
2024-06-17,30.0,-90.5,180
2024-06-17,30.0,-90.0,540
2024-06-17,30.0,-89.5,360
2024-06-17,30.0,-86.5,90
2024-06-17,30.0,-86.0,90
2024-06-17,30.0,-85.0,360
2024-06-17,30.0,-84.5,540
2024-06-17,30.0,-84.0,810
2024-06-17,30.0,-83.5,90
2024-06-17,30.0,-83.0,180
2024-06-17,30.0,-82.5,540
2024-06-17,30.0,-82.0,2340
2024-06-17,30.0,-81.5,1800
2024-06-17,30.0,-81.0,2160
2024-06-17,30.0,-80.5,1080
2024-06-17,30.0,-80.0,1170
2024-06-17,30.0,-79.5,540
2024-06-17,30.0,-79.0,90
2024-06-17,30.0,-78.0,90
2024-06-17,30.5,-116.0,90
2024-06-17,30.5,-115.5,270
2024-06-17,30.5,-111.0,630
2024-06-17,30.5,-110.5,450
2024-06-17,30.5,-110.0,450
2024-06-17,30.5,-109.5,90
2024-06-17,30.5,-109.0,180
2024-06-17,30.5,-106.0,180
2024-06-17,30.5,-105.5,180
2024-06-17,30.5,-105.0,810
2024-06-17,30.5,-104.5,1350
2024-06-17,30.5,-104.0,180
2024-06-17,30.5,-103.5,810
2024-06-17,30.5,-103.0,180
2024-06-17,30.5,-102.5,90
2024-06-17,30.5,-102.0,990
2024-06-17,30.5,-101.5,90
2024-06-17,30.5,-96.5,990
2024-06-17,30.5,-95.0,360
2024-06-17,30.5,-94.5,180
2024-06-17,30.5,-94.0,360
2024-06-17,30.5,-93.5,90
2024-06-17,30.5,-92.0,90
2024-06-17,30.5,-91.5,90
2024-06-17,30.5,-90.5,90
2024-06-17,30.5,-90.0,270
2024-06-17,30.5,-89.5,270
2024-06-17,30.5,-88.5,90
2024-06-17,30.5,-88.0,180
2024-06-17,30.5,-87.0,90
2024-06-17,30.5,-85.0,450
2024-06-17,30.5,-84.5,2340
2024-06-17,30.5,-82.0,1170
2024-06-17,30.5,-81.5,1440
2024-06-17,30.5,-81.0,1350
2024-06-17,30.5,-80.5,1170
2024-06-17,30.5,-80.0,3780
2024-06-17,30.5,-79.5,180
2024-06-17,30.5,-79.0,180
2024-06-17,31.0,-116.0,540
2024-06-17,31.0,-115.5,360
2024-06-17,31.0,-112.0,90
2024-06-17,31.0,-111.5,720
2024-06-17,31.0,-111.0,450
2024-06-17,31.0,-110.5,90
2024-06-17,31.0,-110.0,180
2024-06-17,31.0,-109.0,90
2024-06-17,31.0,-108.5,180
2024-06-17,31.0,-106.5,270
2024-06-17,31.0,-106.0,540
2024-06-17,31.0,-105.5,1710
2024-06-17,31.0,-103.5,720
2024-06-17,31.0,-103.0,1800
2024-06-17,31.0,-102.5,1530
2024-06-17,31.0,-102.0,630
2024-06-17,31.0,-101.5,90
2024-06-17,31.0,-97.0,90
2024-06-17,31.0,-96.5,630
2024-06-17,31.0,-96.0,90
2024-06-17,31.0,-95.0,270
2024-06-17,31.0,-94.5,360
2024-06-17,31.0,-93.5,90
2024-06-17,31.0,-93.0,90
2024-06-17,31.0,-92.5,90
2024-06-17,31.0,-92.0,180
2024-06-17,31.0,-91.5,90
2024-06-17,31.0,-91.0,90
2024-06-17,31.0,-90.0,180
2024-06-17,31.0,-89.5,360
2024-06-17,31.0,-88.0,90
2024-06-17,31.0,-87.5,90
2024-06-17,31.0,-87.0,90
2024-06-17,31.0,-85.0,360
2024-06-17,31.0,-82.5,270
2024-06-17,31.0,-82.0,90
2024-06-17,31.0,-81.5,1080
2024-06-17,31.0,-81.0,180
2024-06-17,31.0,-80.5,720
2024-06-17,31.0,-80.0,540
2024-06-17,31.0,-79.5,90
2024-06-17,31.5,-116.0,180
2024-06-17,31.5,-112.0,180
2024-06-17,31.5,-111.5,630
2024-06-17,31.5,-111.0,180
2024-06-17,31.5,-110.5,900
2024-06-17,31.5,-110.0,270
2024-06-17,31.5,-109.5,270
2024-06-17,31.5,-106.5,270
2024-06-17,31.5,-106.0,360
2024-06-17,31.5,-105.5,90
2024-06-17,31.5,-102.0,90
2024-06-17,31.5,-95.5,90
2024-06-17,31.5,-94.5,90
2024-06-17,31.5,-94.0,270
2024-06-17,31.5,-93.5,90
2024-06-17,31.5,-92.5,180
2024-06-17,31.5,-91.5,270
2024-06-17,31.5,-90.5,180
2024-06-17,31.5,-89.0,90
2024-06-17,31.5,-88.0,180
2024-06-17,31.5,-82.0,1170
2024-06-17,31.5,-81.5,3510
2024-06-17,31.5,-81.0,90
2024-06-17,31.5,-80.5,90
2024-06-17,31.5,-79.5,360
2024-06-17,32.0,-112.5,90
2024-06-17,32.0,-111.5,180
2024-06-17,32.0,-111.0,1800
2024-06-17,32.0,-110.5,1260
2024-06-17,32.0,-110.0,180
2024-06-17,32.0,-109.5,90
2024-06-17,32.0,-108.0,90
2024-06-17,32.0,-107.0,180
2024-06-17,32.0,-106.0,180
2024-06-17,32.0,-105.5,180
2024-06-17,32.0,-101.5,90
2024-06-17,32.0,-94.0,270
2024-06-17,32.0,-93.5,90
2024-06-17,32.0,-93.0,180
2024-06-17,32.0,-92.5,450
2024-06-17,32.0,-92.0,180
2024-06-17,32.0,-91.5,270
2024-06-17,32.0,-91.0,90
2024-06-17,32.0,-90.5,360
2024-06-17,32.0,-89.5,180
2024-06-17,32.0,-89.0,180
2024-06-17,32.0,-88.5,180
2024-06-17,32.0,-88.0,90
2024-06-17,32.0,-82.0,270
2024-06-17,32.0,-81.5,90
2024-06-17,32.0,-79.5,90
2024-06-17,32.0,-75.0,90
2024-06-17,32.0,-73.5,180
2024-06-17,32.5,-111.5,90
2024-06-17,32.5,-111.0,1080
2024-06-17,32.5,-110.5,630
2024-06-17,32.5,-110.0,720
2024-06-17,32.5,-109.0,90
2024-06-17,32.5,-106.0,900
2024-06-17,32.5,-105.5,810
2024-06-17,32.5,-105.0,180
2024-06-17,32.5,-92.5,90
2024-06-17,32.5,-92.0,900
2024-06-17,32.5,-91.5,90
2024-06-17,32.5,-90.5,540
2024-06-17,32.5,-89.5,360
2024-06-17,32.5,-89.0,540
2024-06-17,32.5,-88.0,90
2024-06-17,32.5,-79.0,90
2024-06-17,32.5,-75.5,90
2024-06-17,32.5,-75.0,270
2024-06-17,32.5,-74.5,270
2024-06-17,32.5,-74.0,90
2024-06-17,32.5,-73.5,90
2024-06-17,33.0,-112.0,270
2024-06-17,33.0,-111.5,720
2024-06-17,33.0,-111.0,360
2024-06-17,33.0,-110.5,180
2024-06-17,33.0,-110.0,1170
2024-06-17,33.0,-109.5,90
2024-06-17,33.0,-109.0,90
2024-06-17,33.0,-108.5,360
2024-06-17,33.0,-108.0,90
2024-06-17,33.0,-107.0,180
2024-06-17,33.0,-106.5,90
2024-06-17,33.0,-106.0,540
2024-06-17,33.0,-105.5,450
2024-06-17,33.0,-105.0,540
2024-06-17,33.0,-95.0,360
2024-06-17,33.0,-94.5,90
2024-06-17,33.0,-92.5,540
2024-06-17,33.0,-92.0,1350
2024-06-17,33.0,-91.5,90
2024-06-17,33.0,-89.5,180
2024-06-17,33.0,-88.0,90
2024-06-17,33.0,-87.5,90
2024-06-17,33.0,-80.0,90
2024-06-17,33.5,-111.5,450
2024-06-17,33.5,-110.5,180
2024-06-17,33.5,-110.0,90
2024-06-17,33.5,-109.0,90
2024-06-17,33.5,-108.5,270
2024-06-17,33.5,-108.0,90
2024-06-17,33.5,-107.5,180
2024-06-17,33.5,-107.0,90
2024-06-17,33.5,-106.5,180
2024-06-17,33.5,-106.0,720
2024-06-17,33.5,-105.5,540
2024-06-17,33.5,-105.0,90
2024-06-17,33.5,-101.0,90
2024-06-17,33.5,-100.5,90
2024-06-17,33.5,-95.0,180
2024-06-17,33.5,-94.5,360
2024-06-17,33.5,-94.0,1080
2024-06-17,33.5,-93.5,180
2024-06-17,33.5,-93.0,90
2024-06-17,33.5,-92.5,90
2024-06-17,33.5,-92.0,90
2024-06-17,33.5,-91.5,1170
2024-06-17,33.5,-90.5,90
2024-06-17,33.5,-89.5,540
2024-06-17,33.5,-82.5,90
2024-06-17,33.5,-76.0,90
2024-06-17,34.0,-113.5,270
2024-06-17,34.0,-113.0,180
2024-06-17,34.0,-112.5,180
2024-06-17,34.0,-112.0,270
2024-06-17,34.0,-111.5,810
2024-06-17,34.0,-111.0,270
2024-06-17,34.0,-110.5,90
2024-06-17,34.0,-110.0,90
2024-06-17,34.0,-108.5,180
2024-06-17,34.0,-107.5,180
2024-06-17,34.0,-106.5,270
2024-06-17,34.0,-106.0,180
2024-06-17,34.0,-105.0,180
2024-06-17,34.0,-101.0,180
2024-06-17,34.0,-100.0,90
2024-06-17,34.0,-94.0,360
2024-06-17,34.0,-93.5,1800
2024-06-17,34.0,-93.0,900
2024-06-17,34.0,-92.5,900
2024-06-17,34.0,-92.0,180
2024-06-17,34.0,-91.5,720
2024-06-17,34.0,-91.0,90
2024-06-17,34.0,-90.5,180
2024-06-17,34.0,-90.0,90
2024-06-17,34.0,-89.5,90
2024-06-17,34.0,-76.0,90
2024-06-17,34.5,-119.0,270
2024-06-17,34.5,-113.5,270
2024-06-17,34.5,-113.0,630
2024-06-17,34.5,-112.0,720
2024-06-17,34.5,-111.5,270
2024-06-17,34.5,-110.0,450
2024-06-17,34.5,-109.5,720
2024-06-17,34.5,-109.0,990
2024-06-17,34.5,-108.5,2610
2024-06-17,34.5,-108.0,1710
2024-06-17,34.5,-107.5,450
2024-06-17,34.5,-107.0,90
2024-06-17,34.5,-106.5,900
2024-06-17,34.5,-106.0,720
2024-06-17,34.5,-105.5,2880
2024-06-17,34.5,-105.0,1530
2024-06-17,34.5,-104.5,90
2024-06-17,34.5,-102.5,360
2024-06-17,34.5,-94.0,540
2024-06-17,34.5,-93.0,180
2024-06-17,34.5,-92.5,90
2024-06-17,34.5,-91.5,90
2024-06-17,34.5,-91.0,180
2024-06-17,34.5,-90.5,720
2024-06-17,34.5,-90.0,270
2024-06-17,34.5,-89.5,180
2024-06-17,34.5,-89.0,90
2024-06-17,34.5,-88.5,180
2024-06-17,34.5,-88.0,90
2024-06-17,34.5,-86.0,180
2024-06-17,34.5,-85.0,180
2024-06-17,35.0,-114.0,90
2024-06-17,35.0,-113.5,450
2024-06-17,35.0,-113.0,1080
2024-06-17,35.0,-112.5,360
2024-06-17,35.0,-112.0,270
2024-06-17,35.0,-111.5,90
2024-06-17,35.0,-111.0,90
2024-06-17,35.0,-110.5,990
2024-06-17,35.0,-110.0,1080
2024-06-17,35.0,-109.5,2610
2024-06-17,35.0,-109.0,3690
2024-06-17,35.0,-108.5,2160
2024-06-17,35.0,-108.0,1800
2024-06-17,35.0,-107.5,900
2024-06-17,35.0,-107.0,180
2024-06-17,35.0,-106.5,180
2024-06-17,35.0,-105.5,540
2024-06-17,35.0,-105.0,270
2024-06-17,35.0,-104.5,2160
2024-06-17,35.0,-104.0,360
2024-06-17,35.0,-102.0,90
2024-06-17,35.0,-101.5,180
2024-06-17,35.0,-92.0,720
2024-06-17,35.0,-91.5,90
2024-06-17,35.0,-91.0,180
2024-06-17,35.0,-90.5,270
2024-06-17,35.0,-90.0,900
2024-06-17,35.0,-89.5,720
2024-06-17,35.0,-89.0,90
2024-06-17,35.0,-88.5,90
2024-06-17,35.0,-88.0,270
2024-06-17,35.0,-85.0,90
2024-06-17,35.5,-114.0,90
2024-06-17,35.5,-113.5,180
2024-06-17,35.5,-113.0,90
2024-06-17,35.5,-112.5,90
2024-06-17,35.5,-111.5,270
2024-06-17,35.5,-111.0,180
2024-06-17,35.5,-110.5,450
2024-06-17,35.5,-110.0,1890
2024-06-17,35.5,-109.5,3150
2024-06-17,35.5,-109.0,1620
2024-06-17,35.5,-108.5,630
2024-06-17,35.5,-108.0,450
2024-06-17,35.5,-107.5,270
2024-06-17,35.5,-107.0,720
2024-06-17,35.5,-106.5,1260
2024-06-17,35.5,-106.0,270
2024-06-17,35.5,-105.5,3060
2024-06-17,35.5,-105.0,720
2024-06-17,35.5,-104.5,1800
2024-06-17,35.5,-104.0,360
2024-06-17,35.5,-103.5,180
2024-06-17,35.5,-103.0,270
2024-06-17,35.5,-102.5,270
2024-06-17,35.5,-102.0,180
2024-06-17,35.5,-101.5,360
2024-06-17,35.5,-101.0,90
2024-06-17,35.5,-100.0,270
2024-06-17,35.5,-99.0,90
2024-06-17,35.5,-92.5,90
2024-06-17,35.5,-92.0,180
2024-06-17,35.5,-91.5,90
2024-06-17,35.5,-90.5,1800
2024-06-17,35.5,-90.0,900
2024-06-17,35.5,-89.5,1080
2024-06-17,35.5,-89.0,270
2024-06-17,35.5,-88.5,720
2024-06-17,35.5,-88.0,270
2024-06-17,35.5,-87.0,270
2024-06-17,35.5,-86.5,630
2024-06-17,35.5,-85.5,270
2024-06-17,35.5,-84.5,90
2024-06-17,35.5,-84.0,90
2024-06-17,35.5,-83.5,540
2024-06-17,35.5,-82.0,180
2024-06-17,36.0,-114.0,90
2024-06-17,36.0,-113.5,270
2024-06-17,36.0,-112.5,180
2024-06-17,36.0,-112.0,90
2024-06-17,36.0,-111.5,720
2024-06-17,36.0,-111.0,630
2024-06-17,36.0,-110.5,990
2024-06-17,36.0,-110.0,1980
2024-06-17,36.0,-109.5,1530
2024-06-17,36.0,-109.0,1800
2024-06-17,36.0,-108.5,540
2024-06-17,36.0,-108.0,1530
2024-06-17,36.0,-107.5,1080
2024-06-17,36.0,-107.0,360
2024-06-17,36.0,-106.5,1710
2024-06-17,36.0,-106.0,900
2024-06-17,36.0,-104.5,90
2024-06-17,36.0,-104.0,360
2024-06-17,36.0,-103.5,450
2024-06-17,36.0,-103.0,7650
2024-06-17,36.0,-102.5,6210
2024-06-17,36.0,-102.0,2070
2024-06-17,36.0,-101.5,3060
2024-06-17,36.0,-101.0,990
2024-06-17,36.0,-100.5,270
2024-06-17,36.0,-100.0,270
2024-06-17,36.0,-99.5,360
2024-06-17,36.0,-92.0,90
2024-06-17,36.0,-91.5,180
2024-06-17,36.0,-91.0,180
2024-06-17,36.0,-90.5,720
2024-06-17,36.0,-90.0,360
2024-06-17,36.0,-89.5,90
2024-06-17,36.0,-89.0,270
2024-06-17,36.0,-88.5,360
2024-06-17,36.0,-87.5,270
2024-06-17,36.0,-87.0,360
2024-06-17,36.0,-86.5,270
2024-06-17,36.0,-86.0,180
2024-06-17,36.0,-85.5,180
2024-06-17,36.0,-83.0,810
2024-06-17,36.0,-82.5,1620
2024-06-17,36.0,-82.0,360
2024-06-17,36.0,-81.5,90
2024-06-17,36.5,-113.0,90
2024-06-17,36.5,-112.5,360
2024-06-17,36.5,-112.0,90
2024-06-17,36.5,-111.5,270
2024-06-17,36.5,-111.0,1080
2024-06-17,36.5,-110.5,1620
2024-06-17,36.5,-110.0,1350
2024-06-17,36.5,-109.5,990
2024-06-17,36.5,-109.0,1350
2024-06-17,36.5,-108.5,1350
2024-06-17,36.5,-108.0,180
2024-06-17,36.5,-107.5,720
2024-06-17,36.5,-107.0,180
2024-06-17,36.5,-106.5,450
2024-06-17,36.5,-106.0,540
2024-06-17,36.5,-105.5,270
2024-06-17,36.5,-103.5,450
2024-06-17,36.5,-103.0,3240
2024-06-17,36.5,-102.5,4320
2024-06-17,36.5,-102.0,7740
2024-06-17,36.5,-101.5,7650
2024-06-17,36.5,-101.0,6030
2024-06-17,36.5,-100.5,2790
2024-06-17,36.5,-100.0,540
2024-06-17,36.5,-99.5,630
2024-06-17,36.5,-99.0,360
2024-06-17,36.5,-98.5,180
2024-06-17,36.5,-98.0,180
2024-06-17,36.5,-90.5,180
2024-06-17,36.5,-90.0,270
2024-06-17,36.5,-89.5,180
2024-06-17,36.5,-89.0,270
2024-06-17,36.5,-88.5,90
2024-06-17,36.5,-88.0,1170
2024-06-17,36.5,-87.5,1980
2024-06-17,36.5,-87.0,450
2024-06-17,36.5,-86.5,180
2024-06-17,36.5,-85.0,90
2024-06-17,36.5,-84.5,180
2024-06-17,36.5,-84.0,180
2024-06-17,36.5,-83.5,90
2024-06-17,36.5,-83.0,270
2024-06-17,36.5,-82.5,180
2024-06-17,36.5,-82.0,720
2024-06-17,36.5,-81.5,540
2024-06-17,36.5,-81.0,360
2024-06-17,36.5,-80.5,450
2024-06-17,36.5,-79.5,90
2024-06-17,36.5,-79.0,360
2024-06-17,37.0,-113.5,180
2024-06-17,37.0,-113.0,90
2024-06-17,37.0,-112.5,180
2024-06-17,37.0,-112.0,540
2024-06-17,37.0,-111.5,360
2024-06-17,37.0,-111.0,360
2024-06-17,37.0,-110.5,1170
2024-06-17,37.0,-110.0,1260
2024-06-17,37.0,-109.5,540
2024-06-17,37.0,-109.0,720
2024-06-17,37.0,-108.5,720
2024-06-17,37.0,-108.0,1800
2024-06-17,37.0,-107.5,990
2024-06-17,37.0,-107.0,1710
2024-06-17,37.0,-106.5,720
2024-06-17,37.0,-106.0,360
2024-06-17,37.0,-105.5,1440
2024-06-17,37.0,-105.0,180
2024-06-17,37.0,-104.5,90
2024-06-17,37.0,-104.0,90
2024-06-17,37.0,-103.0,270
2024-06-17,37.0,-102.5,270
2024-06-17,37.0,-102.0,630
2024-06-17,37.0,-101.5,3240
2024-06-17,37.0,-101.0,5310
2024-06-17,37.0,-100.5,2430
2024-06-17,37.0,-100.0,1440
2024-06-17,37.0,-99.5,810
2024-06-17,37.0,-99.0,810
2024-06-17,37.0,-98.5,270
2024-06-17,37.0,-97.5,90
2024-06-17,37.0,-90.0,180
2024-06-17,37.0,-89.5,180
2024-06-17,37.0,-89.0,90
2024-06-17,37.0,-88.5,90
2024-06-17,37.0,-88.0,90
2024-06-17,37.0,-87.5,450
2024-06-17,37.0,-87.0,810
2024-06-17,37.0,-86.5,180
2024-06-17,37.0,-84.0,450
2024-06-17,37.0,-83.5,1800
2024-06-17,37.0,-83.0,270
2024-06-17,37.0,-82.0,270
2024-06-17,37.0,-81.0,360
2024-06-17,37.0,-80.5,2340
2024-06-17,37.0,-80.0,1980
2024-06-17,37.0,-79.5,630
2024-06-17,37.0,-79.0,180
2024-06-17,37.0,-78.0,90
2024-06-17,37.0,-77.0,90
2024-06-17,37.5,-113.5,180
2024-06-17,37.5,-112.5,180
2024-06-17,37.5,-112.0,90
2024-06-17,37.5,-111.5,360
2024-06-17,37.5,-111.0,360
2024-06-17,37.5,-110.5,360
2024-06-17,37.5,-110.0,720
2024-06-17,37.5,-109.5,1620
2024-06-17,37.5,-109.0,1170
2024-06-17,37.5,-108.5,360
2024-06-17,37.5,-108.0,1890
2024-06-17,37.5,-107.5,630
2024-06-17,37.5,-107.0,720
2024-06-17,37.5,-106.5,900
2024-06-17,37.5,-106.0,990
2024-06-17,37.5,-105.5,900
2024-06-17,37.5,-105.0,180
2024-06-17,37.5,-104.5,450
2024-06-17,37.5,-103.0,180
2024-06-17,37.5,-102.5,540
2024-06-17,37.5,-102.0,180
2024-06-17,37.5,-101.5,360
2024-06-17,37.5,-101.0,1710
2024-06-17,37.5,-100.5,1530
2024-06-17,37.5,-100.0,1440
2024-06-17,37.5,-99.5,450
2024-06-17,37.5,-99.0,1440
2024-06-17,37.5,-98.5,900
2024-06-17,37.5,-98.0,180
2024-06-17,37.5,-97.5,270
2024-06-17,37.5,-96.5,90
2024-06-17,37.5,-96.0,720
2024-06-17,37.5,-89.0,270
2024-06-17,37.5,-87.5,810
2024-06-17,37.5,-87.0,540
2024-06-17,37.5,-86.5,630
2024-06-17,37.5,-84.5,180
2024-06-17,37.5,-84.0,270
2024-06-17,37.5,-83.5,810
2024-06-17,37.5,-83.0,270
2024-06-17,37.5,-82.5,1080
2024-06-17,37.5,-82.0,1260
2024-06-17,37.5,-81.5,270
2024-06-17,37.5,-81.0,90
2024-06-17,37.5,-80.0,360
2024-06-17,37.5,-79.5,1530
2024-06-17,37.5,-77.0,1170
2024-06-17,38.0,-113.5,90
2024-06-17,38.0,-112.0,90
2024-06-17,38.0,-111.5,360
2024-06-17,38.0,-111.0,540
2024-06-17,38.0,-110.5,360
2024-06-17,38.0,-110.0,1350
2024-06-17,38.0,-109.5,1620
2024-06-17,38.0,-109.0,1440
2024-06-17,38.0,-108.5,1080
2024-06-17,38.0,-108.0,630
2024-06-17,38.0,-107.5,360
2024-06-17,38.0,-107.0,270
2024-06-17,38.0,-106.5,720
2024-06-17,38.0,-106.0,630
2024-06-17,38.0,-105.5,540
2024-06-17,38.0,-104.0,360
2024-06-17,38.0,-102.5,90
2024-06-17,38.0,-102.0,90
2024-06-17,38.0,-101.0,90
2024-06-17,38.0,-100.5,990
2024-06-17,38.0,-100.0,990
2024-06-17,38.0,-99.5,900
2024-06-17,38.0,-99.0,1440
2024-06-17,38.0,-98.5,990
2024-06-17,38.0,-98.0,900
2024-06-17,38.0,-97.5,810
2024-06-17,38.0,-97.0,180
2024-06-17,38.0,-96.0,180
2024-06-17,38.0,-94.0,90
2024-06-17,38.0,-90.0,90
2024-06-17,38.0,-87.5,360
2024-06-17,38.0,-87.0,90
2024-06-17,38.0,-86.5,720
2024-06-17,38.0,-84.5,90
2024-06-17,38.0,-84.0,900
2024-06-17,38.0,-83.5,900
2024-06-17,38.0,-83.0,1350
2024-06-17,38.0,-82.5,1980
2024-06-17,38.0,-82.0,900
2024-06-17,38.0,-81.5,900
2024-06-17,38.0,-81.0,450
2024-06-17,38.0,-80.5,180
2024-06-17,38.0,-80.0,180
2024-06-17,38.0,-79.5,90
2024-06-17,38.5,-114.0,90
2024-06-17,38.5,-113.0,180
2024-06-17,38.5,-112.5,90
2024-06-17,38.5,-111.0,180
2024-06-17,38.5,-110.5,450
2024-06-17,38.5,-110.0,810
2024-06-17,38.5,-109.5,450
2024-06-17,38.5,-109.0,630
2024-06-17,38.5,-108.5,360
2024-06-17,38.5,-108.0,270
2024-06-17,38.5,-107.5,180
2024-06-17,38.5,-107.0,90
2024-06-17,38.5,-106.5,360
2024-06-17,38.5,-106.0,360
2024-06-17,38.5,-105.5,180
2024-06-17,38.5,-105.0,90
2024-06-17,38.5,-104.5,90
2024-06-17,38.5,-104.0,270
2024-06-17,38.5,-103.5,450
2024-06-17,38.5,-103.0,900
2024-06-17,38.5,-102.5,540
2024-06-17,38.5,-102.0,630
2024-06-17,38.5,-101.5,630
2024-06-17,38.5,-100.5,810
2024-06-17,38.5,-100.0,1170
2024-06-17,38.5,-99.5,2250
2024-06-17,38.5,-99.0,1170
2024-06-17,38.5,-98.5,810
2024-06-17,38.5,-98.0,810
2024-06-17,38.5,-97.5,1080
2024-06-17,38.5,-97.0,1350
2024-06-17,38.5,-96.5,540
2024-06-17,38.5,-95.0,90
2024-06-17,38.5,-94.5,270
2024-06-17,38.5,-94.0,90
2024-06-17,38.5,-91.5,90
2024-06-17,38.5,-90.5,180
2024-06-17,38.5,-89.5,90
2024-06-17,38.5,-89.0,180
2024-06-17,38.5,-87.5,180
2024-06-17,38.5,-87.0,270
2024-06-17,38.5,-86.5,180
2024-06-17,38.5,-85.0,270
2024-06-17,38.5,-84.5,450
2024-06-17,38.5,-84.0,720
2024-06-17,38.5,-83.5,720
2024-06-17,38.5,-83.0,1350
2024-06-17,38.5,-82.5,720
2024-06-17,38.5,-82.0,450
2024-06-17,38.5,-81.5,540
2024-06-17,38.5,-81.0,630
2024-06-17,38.5,-80.5,270
2024-06-17,38.5,-80.0,180
2024-06-17,39.0,-112.0,180
2024-06-17,39.0,-111.5,180
2024-06-17,39.0,-111.0,270
2024-06-17,39.0,-110.5,270
2024-06-17,39.0,-109.5,810
2024-06-17,39.0,-109.0,810
2024-06-17,39.0,-108.5,1170
2024-06-17,39.0,-108.0,180
2024-06-17,39.0,-107.5,360
2024-06-17,39.0,-107.0,270
2024-06-17,39.0,-106.5,270
2024-06-17,39.0,-106.0,90
2024-06-17,39.0,-105.5,270
2024-06-17,39.0,-105.0,90
2024-06-17,39.0,-104.0,90
2024-06-17,39.0,-103.5,90
2024-06-17,39.0,-103.0,90
2024-06-17,39.0,-102.5,180
2024-06-17,39.0,-102.0,990
2024-06-17,39.0,-101.5,2250
2024-06-17,39.0,-101.0,270
2024-06-17,39.0,-100.5,180
2024-06-17,39.0,-100.0,360
2024-06-17,39.0,-99.5,2340
2024-06-17,39.0,-99.0,1260
2024-06-17,39.0,-98.5,450
2024-06-17,39.0,-98.0,450
2024-06-17,39.0,-97.5,450
2024-06-17,39.0,-97.0,720
2024-06-17,39.0,-96.5,720
2024-06-17,39.0,-96.0,540
2024-06-17,39.0,-95.0,180
2024-06-17,39.0,-94.5,180
2024-06-17,39.0,-93.5,180
2024-06-17,39.0,-93.0,90
2024-06-17,39.0,-92.0,90
2024-06-17,39.0,-90.5,90
2024-06-17,39.0,-90.0,450
2024-06-17,39.0,-89.5,180
2024-06-17,39.0,-89.0,270
2024-06-17,39.0,-87.0,180
2024-06-17,39.0,-86.5,180
2024-06-17,39.0,-84.5,450
2024-06-17,39.0,-84.0,180
2024-06-17,39.0,-83.5,2610
2024-06-17,39.0,-83.0,630
2024-06-17,39.0,-82.5,720
2024-06-17,39.0,-82.0,270
2024-06-17,39.0,-81.5,1350
2024-06-17,39.0,-81.0,3240
2024-06-17,39.0,-80.5,2970
2024-06-17,39.0,-80.0,180
2024-06-17,39.0,-78.5,90
2024-06-17,39.5,-112.0,90
2024-06-17,39.5,-111.5,180
2024-06-17,39.5,-111.0,90
2024-06-17,39.5,-110.5,180
2024-06-17,39.5,-110.0,180
2024-06-17,39.5,-109.5,90
2024-06-17,39.5,-108.5,360
2024-06-17,39.5,-108.0,900
2024-06-17,39.5,-107.5,630
2024-06-17,39.5,-107.0,180
2024-06-17,39.5,-106.5,270
2024-06-17,39.5,-106.0,90
2024-06-17,39.5,-105.5,90
2024-06-17,39.5,-105.0,450
2024-06-17,39.5,-104.5,90
2024-06-17,39.5,-104.0,90
2024-06-17,39.5,-101.5,180
2024-06-17,39.5,-101.0,180
2024-06-17,39.5,-100.0,270
2024-06-17,39.5,-99.5,630
2024-06-17,39.5,-99.0,1980
2024-06-17,39.5,-98.5,990
2024-06-17,39.5,-98.0,990
2024-06-17,39.5,-97.5,630
2024-06-17,39.5,-97.0,1350
2024-06-17,39.5,-96.5,1170
2024-06-17,39.5,-96.0,810
2024-06-17,39.5,-95.5,270
2024-06-17,39.5,-95.0,270
2024-06-17,39.5,-94.5,90
2024-06-17,39.5,-93.5,540
2024-06-17,39.5,-93.0,810
2024-06-17,39.5,-92.5,630
2024-06-17,39.5,-92.0,540
2024-06-17,39.5,-91.5,630
2024-06-17,39.5,-91.0,360
2024-06-17,39.5,-90.5,90
2024-06-17,39.5,-88.5,360
2024-06-17,39.5,-88.0,450
2024-06-17,39.5,-86.5,90
2024-06-17,39.5,-86.0,270
2024-06-17,39.5,-85.0,90
2024-06-17,39.5,-84.5,1170
2024-06-17,39.5,-83.5,630
2024-06-17,39.5,-83.0,540
2024-06-17,39.5,-82.5,2700
2024-06-17,39.5,-82.0,1800
2024-06-17,39.5,-81.5,1710
2024-06-17,39.5,-81.0,3420
2024-06-17,39.5,-80.5,2970
2024-06-17,39.5,-80.0,1170
2024-06-17,39.5,-79.0,90
2024-06-17,39.5,-78.5,180
2024-06-17,39.5,-76.5,90
2024-06-17,39.5,-76.0,1170
2024-06-17,39.5,-75.5,360
2024-06-17,39.5,-75.0,720
2024-06-17,39.5,-74.5,360
2024-06-17,39.5,-74.0,90
2024-06-17,39.5,-73.5,90
2024-06-17,40.0,-112.0,90
2024-06-17,40.0,-111.5,180
2024-06-17,40.0,-110.5,450
2024-06-17,40.0,-110.0,720
2024-06-17,40.0,-109.5,360
2024-06-17,40.0,-109.0,360
2024-06-17,40.0,-108.5,450
2024-06-17,40.0,-108.0,450
2024-06-17,40.0,-107.5,360
2024-06-17,40.0,-107.0,270
2024-06-17,40.0,-106.5,270
2024-06-17,40.0,-106.0,90
2024-06-17,40.0,-105.5,180
2024-06-17,40.0,-105.0,90
2024-06-17,40.0,-104.5,1080
2024-06-17,40.0,-104.0,810
2024-06-17,40.0,-103.5,270
2024-06-17,40.0,-101.5,360
2024-06-17,40.0,-101.0,630
2024-06-17,40.0,-100.5,180
2024-06-17,40.0,-100.0,450
2024-06-17,40.0,-99.5,990
2024-06-17,40.0,-99.0,810
2024-06-17,40.0,-98.5,1710
2024-06-17,40.0,-98.0,540
2024-06-17,40.0,-96.5,360
2024-06-17,40.0,-96.0,1800
2024-06-17,40.0,-95.5,630
2024-06-17,40.0,-95.0,1800
2024-06-17,40.0,-94.5,900
2024-06-17,40.0,-94.0,90
2024-06-17,40.0,-93.5,450
2024-06-17,40.0,-93.0,180
2024-06-17,40.0,-92.5,1080
2024-06-17,40.0,-92.0,270
2024-06-17,40.0,-91.5,810
2024-06-17,40.0,-91.0,90
2024-06-17,40.0,-90.0,90
2024-06-17,40.0,-89.5,450
2024-06-17,40.0,-89.0,360
2024-06-17,40.0,-88.0,270
2024-06-17,40.0,-87.5,270
2024-06-17,40.0,-86.5,360
2024-06-17,40.0,-86.0,360
2024-06-17,40.0,-85.0,540
2024-06-17,40.0,-84.5,90
2024-06-17,40.0,-83.0,990
2024-06-17,40.0,-82.5,1440
2024-06-17,40.0,-82.0,360
2024-06-17,40.0,-81.5,1530
2024-06-17,40.0,-81.0,3420
2024-06-17,40.0,-80.5,2520
2024-06-17,40.0,-80.0,990
2024-06-17,40.0,-79.5,1530
2024-06-17,40.0,-79.0,540
2024-06-17,40.0,-78.5,90
2024-06-17,40.0,-78.0,90
2024-06-17,40.0,-77.0,270
2024-06-17,40.0,-76.0,90
2024-06-17,40.0,-75.5,180
2024-06-17,40.0,-75.0,360
2024-06-17,40.0,-74.5,540
2024-06-17,40.0,-74.0,540
2024-06-17,40.0,-73.5,180
2024-06-17,40.0,-73.0,180
2024-06-17,40.5,-112.0,360
2024-06-17,40.5,-110.5,360
2024-06-17,40.5,-109.5,180
2024-06-17,40.5,-109.0,90
2024-06-17,40.5,-108.0,90
2024-06-17,40.5,-107.5,270
2024-06-17,40.5,-107.0,180
2024-06-17,40.5,-106.5,630
2024-06-17,40.5,-106.0,90
2024-06-17,40.5,-105.5,450
2024-06-17,40.5,-105.0,270
2024-06-17,40.5,-104.5,1980
2024-06-17,40.5,-104.0,360
2024-06-17,40.5,-103.5,360
2024-06-17,40.5,-103.0,360
2024-06-17,40.5,-102.5,720
2024-06-17,40.5,-102.0,360
2024-06-17,40.5,-101.5,810
2024-06-17,40.5,-101.0,2790
2024-06-17,40.5,-100.5,1800
2024-06-17,40.5,-100.0,1890
2024-06-17,40.5,-99.5,630
2024-06-17,40.5,-99.0,990
2024-06-17,40.5,-98.5,4590
2024-06-17,40.5,-98.0,2250
2024-06-17,40.5,-97.5,180
2024-06-17,40.5,-96.5,180
2024-06-17,40.5,-96.0,270
2024-06-17,40.5,-95.5,810
2024-06-17,40.5,-95.0,180
2024-06-17,40.5,-94.5,2340
2024-06-17,40.5,-94.0,720
2024-06-17,40.5,-93.5,990
2024-06-17,40.5,-93.0,270
2024-06-17,40.5,-91.5,270
2024-06-17,40.5,-91.0,180
2024-06-17,40.5,-90.5,450
2024-06-17,40.5,-90.0,180
2024-06-17,40.5,-89.5,180
2024-06-17,40.5,-89.0,90
2024-06-17,40.5,-88.5,90
2024-06-17,40.5,-88.0,810
2024-06-17,40.5,-87.5,360
2024-06-17,40.5,-87.0,180
2024-06-17,40.5,-86.5,360
2024-06-17,40.5,-86.0,270
2024-06-17,40.5,-85.5,630
2024-06-17,40.5,-85.0,540
2024-06-17,40.5,-84.5,360
2024-06-17,40.5,-83.5,360
2024-06-17,40.5,-83.0,1080
2024-06-17,40.5,-82.5,180
2024-06-17,40.5,-82.0,2340
2024-06-17,40.5,-81.5,1530
2024-06-17,40.5,-81.0,2880
2024-06-17,40.5,-80.5,3420
2024-06-17,40.5,-80.0,810
2024-06-17,40.5,-79.5,720
2024-06-17,40.5,-79.0,1350
2024-06-17,40.5,-78.5,1530
2024-06-17,40.5,-78.0,1260
2024-06-17,40.5,-77.5,270
2024-06-17,40.5,-77.0,900
2024-06-17,40.5,-76.5,630
2024-06-17,40.5,-76.0,450
2024-06-17,40.5,-75.5,1710
2024-06-17,40.5,-75.0,1260
2024-06-17,40.5,-74.5,1710
2024-06-17,40.5,-74.0,90
2024-06-17,40.5,-72.5,90
2024-06-17,40.5,-72.0,90
2024-06-17,41.0,-112.0,90
2024-06-17,41.0,-111.5,270
2024-06-17,41.0,-111.0,360
2024-06-17,41.0,-110.5,180
2024-06-17,41.0,-110.0,270
2024-06-17,41.0,-109.5,180
2024-06-17,41.0,-109.0,90
2024-06-17,41.0,-108.0,180
2024-06-17,41.0,-106.5,360
2024-06-17,41.0,-106.0,90
2024-06-17,41.0,-105.5,540
2024-06-17,41.0,-105.0,1080
2024-06-17,41.0,-104.5,1440
2024-06-17,41.0,-104.0,540
2024-06-17,41.0,-103.5,900
2024-06-17,41.0,-103.0,2790
2024-06-17,41.0,-102.5,5220
2024-06-17,41.0,-102.0,4230
2024-06-17,41.0,-101.5,2610
2024-06-17,41.0,-101.0,1890
2024-06-17,41.0,-100.5,1170
2024-06-17,41.0,-100.0,1980
2024-06-17,41.0,-99.5,2970
2024-06-17,41.0,-99.0,3150
2024-06-17,41.0,-98.5,3690
2024-06-17,41.0,-98.0,5220
2024-06-17,41.0,-97.5,2340
2024-06-17,41.0,-97.0,540
2024-06-17,41.0,-96.5,900
2024-06-17,41.0,-96.0,810
2024-06-17,41.0,-95.5,450
2024-06-17,41.0,-95.0,900
2024-06-17,41.0,-94.5,360
2024-06-17,41.0,-94.0,90
2024-06-17,41.0,-93.5,630
2024-06-17,41.0,-93.0,450
2024-06-17,41.0,-92.5,720
2024-06-17,41.0,-92.0,720
2024-06-17,41.0,-91.5,540
2024-06-17,41.0,-91.0,720
2024-06-17,41.0,-90.5,180
2024-06-17,41.0,-90.0,360
2024-06-17,41.0,-89.5,450
2024-06-17,41.0,-89.0,450
2024-06-17,41.0,-88.5,540
2024-06-17,41.0,-88.0,360
2024-06-17,41.0,-87.5,1080
2024-06-17,41.0,-87.0,630
2024-06-17,41.0,-86.5,360
2024-06-17,41.0,-86.0,630
2024-06-17,41.0,-85.5,360
2024-06-17,41.0,-85.0,810
2024-06-17,41.0,-84.5,180
2024-06-17,41.0,-84.0,2610
2024-06-17,41.0,-83.5,1980
2024-06-17,41.0,-83.0,1620
2024-06-17,41.0,-82.5,1710
2024-06-17,41.0,-82.0,1800
2024-06-17,41.0,-81.5,1170
2024-06-17,41.0,-81.0,3690
2024-06-17,41.0,-80.5,2430
2024-06-17,41.0,-80.0,1710
2024-06-17,41.0,-79.5,1080
2024-06-17,41.0,-79.0,720
2024-06-17,41.0,-78.5,450
2024-06-17,41.0,-78.0,540
2024-06-17,41.0,-77.5,630
2024-06-17,41.0,-77.0,1530
2024-06-17,41.0,-76.5,1080
2024-06-17,41.0,-76.0,1170
2024-06-17,41.0,-75.5,450
2024-06-17,41.0,-75.0,720
2024-06-17,41.0,-74.5,1170
2024-06-17,41.0,-74.0,630
2024-06-17,41.0,-73.5,2070
2024-06-17,41.0,-73.0,1080
2024-06-17,41.0,-72.5,90
2024-06-17,41.5,-112.0,180
2024-06-17,41.5,-111.5,180
2024-06-17,41.5,-111.0,90
2024-06-17,41.5,-110.5,900
2024-06-17,41.5,-110.0,90
2024-06-17,41.5,-109.5,180
2024-06-17,41.5,-109.0,720
2024-06-17,41.5,-108.5,720
2024-06-17,41.5,-107.5,90
2024-06-17,41.5,-107.0,180
2024-06-17,41.5,-106.5,360
2024-06-17,41.5,-106.0,360
2024-06-17,41.5,-105.5,630
2024-06-17,41.5,-105.0,90
2024-06-17,41.5,-104.5,1440
2024-06-17,41.5,-104.0,810
2024-06-17,41.5,-103.5,1620
2024-06-17,41.5,-103.0,3330
2024-06-17,41.5,-102.5,4590
2024-06-17,41.5,-102.0,3420
2024-06-17,41.5,-101.5,1350
2024-06-17,41.5,-101.0,1080
2024-06-17,41.5,-100.5,810
2024-06-17,41.5,-100.0,720
2024-06-17,41.5,-99.5,900
2024-06-17,41.5,-99.0,1080
2024-06-17,41.5,-98.5,810
2024-06-17,41.5,-98.0,2340
2024-06-17,41.5,-97.5,990
2024-06-17,41.5,-97.0,4680
2024-06-17,41.5,-96.5,720
2024-06-17,41.5,-96.0,540
2024-06-17,41.5,-95.5,1260
2024-06-17,41.5,-95.0,810
2024-06-17,41.5,-94.5,810
2024-06-17,41.5,-94.0,360
2024-06-17,41.5,-93.5,2070
2024-06-17,41.5,-93.0,630
2024-06-17,41.5,-92.5,720
2024-06-17,41.5,-92.0,900
2024-06-17,41.5,-91.5,270
2024-06-17,41.5,-91.0,720
2024-06-17,41.5,-90.5,810
2024-06-17,41.5,-90.0,1170
2024-06-17,41.5,-89.5,2790
2024-06-17,41.5,-89.0,1260
2024-06-17,41.5,-88.5,1350
2024-06-17,41.5,-88.0,810
2024-06-17,41.5,-87.5,540
2024-06-17,41.5,-87.0,900
2024-06-17,41.5,-86.5,3690
2024-06-17,41.5,-86.0,1890
2024-06-17,41.5,-85.5,990
2024-06-17,41.5,-85.0,630
2024-06-17,41.5,-84.5,990
2024-06-17,41.5,-84.0,2610
2024-06-17,41.5,-83.5,2070
2024-06-17,41.5,-83.0,540
2024-06-17,41.5,-82.5,630
2024-06-17,41.5,-82.0,1170
2024-06-17,41.5,-81.5,2250
2024-06-17,41.5,-81.0,3240
2024-06-17,41.5,-80.5,1890
2024-06-17,41.5,-80.0,540
2024-06-17,41.5,-79.5,2070
2024-06-17,41.5,-79.0,4320
2024-06-17,41.5,-78.5,2160
2024-06-17,41.5,-78.0,3060
2024-06-17,41.5,-77.5,1260
2024-06-17,41.5,-77.0,900
2024-06-17,41.5,-76.5,540
2024-06-17,41.5,-76.0,360
2024-06-17,41.5,-75.5,180
2024-06-17,41.5,-75.0,1170
2024-06-17,41.5,-74.5,810
2024-06-17,41.5,-74.0,2070
2024-06-17,41.5,-73.5,2700
2024-06-17,41.5,-73.0,2970
2024-06-17,41.5,-72.5,1260
2024-06-17,41.5,-72.0,720
2024-06-17,41.5,-71.5,450
2024-06-17,42.0,-114.0,90
2024-06-17,42.0,-110.0,180
2024-06-17,42.0,-109.5,90
2024-06-17,42.0,-109.0,720
2024-06-17,42.0,-108.5,450
2024-06-17,42.0,-108.0,360
2024-06-17,42.0,-107.5,810
2024-06-17,42.0,-107.0,90
2024-06-17,42.0,-106.5,180
2024-06-17,42.0,-106.0,1800
2024-06-17,42.0,-105.5,450
2024-06-17,42.0,-105.0,360
2024-06-17,42.0,-104.5,1890
2024-06-17,42.0,-104.0,720
2024-06-17,42.0,-103.5,360
2024-06-17,42.0,-103.0,2070
2024-06-17,42.0,-102.5,1170
2024-06-17,42.0,-102.0,3240
2024-06-17,42.0,-101.5,2340
2024-06-17,42.0,-101.0,2340
2024-06-17,42.0,-100.5,4050
2024-06-17,42.0,-100.0,3510
2024-06-17,42.0,-99.5,3420
2024-06-17,42.0,-99.0,6930
2024-06-17,42.0,-98.5,4050
2024-06-17,42.0,-98.0,1530
2024-06-17,42.0,-97.5,270
2024-06-17,42.0,-97.0,2790
2024-06-17,42.0,-96.5,2070
2024-06-17,42.0,-96.0,2340
2024-06-17,42.0,-95.5,540
2024-06-17,42.0,-95.0,270
2024-06-17,42.0,-94.5,630
2024-06-17,42.0,-94.0,450
2024-06-17,42.0,-93.5,630
2024-06-17,42.0,-93.0,270
2024-06-17,42.0,-92.5,90
2024-06-17,42.0,-92.0,180
2024-06-17,42.0,-91.5,270
2024-06-17,42.0,-91.0,1530
2024-06-17,42.0,-90.5,1260
2024-06-17,42.0,-90.0,1890
2024-06-17,42.0,-89.5,1260
2024-06-17,42.0,-89.0,2520
2024-06-17,42.0,-88.5,2160
2024-06-17,42.0,-88.0,810
2024-06-17,42.0,-87.5,450
2024-06-17,42.0,-87.0,270
2024-06-17,42.0,-86.5,3060
2024-06-17,42.0,-86.0,4230
2024-06-17,42.0,-85.5,6210
2024-06-17,42.0,-85.0,3240
2024-06-17,42.0,-84.5,2700
2024-06-17,42.0,-84.0,3060
2024-06-17,42.0,-83.5,1530
2024-06-17,42.0,-83.0,2610
2024-06-17,42.0,-82.5,1890
2024-06-17,42.0,-82.0,1440
2024-06-17,42.0,-81.5,630
2024-06-17,42.0,-81.0,450
2024-06-17,42.0,-80.5,540
2024-06-17,42.0,-80.0,270
2024-06-17,42.0,-79.5,90
2024-06-17,42.0,-79.0,1170
2024-06-17,42.0,-78.5,2790
2024-06-17,42.0,-78.0,2700
2024-06-17,42.0,-77.5,1620
2024-06-17,42.0,-77.0,1080
2024-06-17,42.0,-76.5,1170
2024-06-17,42.0,-76.0,720
2024-06-17,42.0,-75.5,1890
2024-06-17,42.0,-75.0,1440
2024-06-17,42.0,-74.5,3420
2024-06-17,42.0,-74.0,2610
2024-06-17,42.0,-73.5,990
2024-06-17,42.0,-73.0,4140
2024-06-17,42.0,-72.5,1530
2024-06-17,42.0,-72.0,90
2024-06-17,42.0,-71.5,360
2024-06-17,42.0,-71.0,270
2024-06-17,42.0,-70.5,90
2024-06-17,42.0,-70.0,180
2024-06-17,42.0,-69.5,90
2024-06-17,42.0,-69.0,990
2024-06-17,42.0,-68.5,540
2024-06-17,42.5,-111.0,90
2024-06-17,42.5,-110.0,180
2024-06-17,42.5,-109.5,360
2024-06-17,42.5,-109.0,630
2024-06-17,42.5,-108.5,270
2024-06-17,42.5,-108.0,90
2024-06-17,42.5,-107.5,450
2024-06-17,42.5,-107.0,360
2024-06-17,42.5,-106.5,450
2024-06-17,42.5,-106.0,630
2024-06-17,42.5,-105.5,180
2024-06-17,42.5,-105.0,630
2024-06-17,42.5,-104.5,810
2024-06-17,42.5,-104.0,450
2024-06-17,42.5,-103.5,450
2024-06-17,42.5,-103.0,2340
2024-06-17,42.5,-102.5,1980
2024-06-17,42.5,-102.0,2880
2024-06-17,42.5,-101.5,2430
2024-06-17,42.5,-101.0,4770
2024-06-17,42.5,-100.5,4230
2024-06-17,42.5,-100.0,7380
2024-06-17,42.5,-99.5,7650
2024-06-17,42.5,-99.0,8190
2024-06-17,42.5,-98.5,5220
2024-06-17,42.5,-98.0,2340
2024-06-17,42.5,-97.5,1350
2024-06-17,42.5,-97.0,1710
2024-06-17,42.5,-96.5,2790
2024-06-17,42.5,-96.0,1620
2024-06-17,42.5,-95.5,1800
2024-06-17,42.5,-95.0,990
2024-06-17,42.5,-94.5,2790
2024-06-17,42.5,-94.0,1080
2024-06-17,42.5,-93.5,630
2024-06-17,42.5,-93.0,540
2024-06-17,42.5,-92.5,450
2024-06-17,42.5,-92.0,1440
2024-06-17,42.5,-91.5,1350
2024-06-17,42.5,-91.0,990
2024-06-17,42.5,-90.5,810
2024-06-17,42.5,-90.0,990
2024-06-17,42.5,-89.5,1080
2024-06-17,42.5,-89.0,1170
2024-06-17,42.5,-88.5,630
2024-06-17,42.5,-88.0,720
2024-06-17,42.5,-87.5,450
2024-06-17,42.5,-87.0,270
2024-06-17,42.5,-86.5,900
2024-06-17,42.5,-86.0,2250
2024-06-17,42.5,-85.5,3780
2024-06-17,42.5,-85.0,2160
2024-06-17,42.5,-84.5,1800
2024-06-17,42.5,-84.0,270
2024-06-17,42.5,-83.5,1710
2024-06-17,42.5,-83.0,6750
2024-06-17,42.5,-82.5,900
2024-06-17,42.5,-82.0,4140
2024-06-17,42.5,-81.5,3330
2024-06-17,42.5,-81.0,1170
2024-06-17,42.5,-80.5,1980
2024-06-17,42.5,-80.0,2250
2024-06-17,42.5,-79.5,990
2024-06-17,42.5,-79.0,360
2024-06-17,42.5,-78.5,1620
2024-06-17,42.5,-78.0,3960
2024-06-17,42.5,-77.5,3150
2024-06-17,42.5,-77.0,2520
2024-06-17,42.5,-76.5,1350
2024-06-17,42.5,-76.0,1260
2024-06-17,42.5,-75.5,1080
2024-06-17,42.5,-75.0,1710
2024-06-17,42.5,-74.5,1530
2024-06-17,42.5,-74.0,2610
2024-06-17,42.5,-73.5,2340
2024-06-17,42.5,-73.0,4050
2024-06-17,42.5,-72.5,2520
2024-06-17,42.5,-72.0,270
2024-06-17,42.5,-71.5,720
2024-06-17,42.5,-71.0,360
2024-06-17,42.5,-70.5,90
2024-06-17,42.5,-70.0,90
2024-06-17,42.5,-69.5,180
2024-06-17,42.5,-69.0,180
2024-06-17,43.0,-111.5,90
2024-06-17,43.0,-109.5,360
2024-06-17,43.0,-109.0,810
2024-06-17,43.0,-108.5,90
2024-06-17,43.0,-108.0,270
2024-06-17,43.0,-107.0,90
2024-06-17,43.0,-106.0,360
2024-06-17,43.0,-105.5,90
2024-06-17,43.0,-104.5,270
2024-06-17,43.0,-104.0,90
2024-06-17,43.0,-103.5,270
2024-06-17,43.0,-103.0,720
2024-06-17,43.0,-102.5,540
2024-06-17,43.0,-102.0,990
2024-06-17,43.0,-101.5,1620
2024-06-17,43.0,-101.0,3060
2024-06-17,43.0,-100.5,5760
2024-06-17,43.0,-100.0,6390
2024-06-17,43.0,-99.5,5580
2024-06-17,43.0,-99.0,9180
2024-06-17,43.0,-98.5,2700
2024-06-17,43.0,-98.0,2520
2024-06-17,43.0,-97.5,3690
2024-06-17,43.0,-97.0,4320
2024-06-17,43.0,-96.5,3780
2024-06-17,43.0,-96.0,4050
2024-06-17,43.0,-95.5,6480
2024-06-17,43.0,-95.0,3960
2024-06-17,43.0,-94.5,2880
2024-06-17,43.0,-94.0,1800
2024-06-17,43.0,-93.5,630
2024-06-17,43.0,-93.0,450
2024-06-17,43.0,-92.5,2340
2024-06-17,43.0,-92.0,720
2024-06-17,43.0,-91.5,1170
2024-06-17,43.0,-91.0,2340
2024-06-17,43.0,-90.5,900
2024-06-17,43.0,-90.0,2250
2024-06-17,43.0,-89.5,3600
2024-06-17,43.0,-89.0,2970
2024-06-17,43.0,-88.5,720
2024-06-17,43.0,-88.0,270
2024-06-17,43.0,-87.5,450
2024-06-17,43.0,-87.0,270
2024-06-17,43.0,-86.5,270
2024-06-17,43.0,-86.0,810
2024-06-17,43.0,-85.5,540
2024-06-17,43.0,-85.0,720
2024-06-17,43.0,-84.5,2430
2024-06-17,43.0,-84.0,1350
2024-06-17,43.0,-83.5,2340
2024-06-17,43.0,-83.0,540
2024-06-17,43.0,-82.5,1800
2024-06-17,43.0,-82.0,180
2024-06-17,43.0,-81.5,2430
2024-06-17,43.0,-81.0,1980
2024-06-17,43.0,-80.5,1350
2024-06-17,43.0,-80.0,3150
2024-06-17,43.0,-79.5,1350
2024-06-17,43.0,-79.0,540
2024-06-17,43.0,-77.5,1170
2024-06-17,43.0,-77.0,630
2024-06-17,43.0,-76.5,630
2024-06-17,43.0,-76.0,630
2024-06-17,43.0,-75.5,810
2024-06-17,43.0,-75.0,180
2024-06-17,43.0,-74.5,990
2024-06-17,43.0,-74.0,2430
2024-06-17,43.0,-73.5,2340
2024-06-17,43.0,-73.0,990
2024-06-17,43.0,-72.5,3690
2024-06-17,43.0,-72.0,1710
2024-06-17,43.0,-71.5,2430
2024-06-17,43.0,-71.0,2430
2024-06-17,43.0,-70.5,1080
2024-06-17,43.0,-70.0,540
2024-06-17,43.0,-69.5,180
2024-06-17,43.0,-69.0,90
2024-06-17,43.5,-109.0,270
2024-06-17,43.5,-108.0,270
2024-06-17,43.5,-107.5,630
2024-06-17,43.5,-107.0,1080
2024-06-17,43.5,-106.0,360
2024-06-17,43.5,-105.5,90
2024-06-17,43.5,-104.0,450
2024-06-17,43.5,-103.5,1440
2024-06-17,43.5,-103.0,990
2024-06-17,43.5,-102.5,360
2024-06-17,43.5,-102.0,2250
2024-06-17,43.5,-101.5,630
2024-06-17,43.5,-101.0,2340
2024-06-17,43.5,-100.5,1440
2024-06-17,43.5,-100.0,1890
2024-06-17,43.5,-99.5,1170
2024-06-17,43.5,-99.0,4500
2024-06-17,43.5,-98.5,4500
2024-06-17,43.5,-98.0,4050
2024-06-17,43.5,-97.5,4950
2024-06-17,43.5,-97.0,4950
2024-06-17,43.5,-96.5,3150
2024-06-17,43.5,-96.0,4230
2024-06-17,43.5,-95.5,2340
2024-06-17,43.5,-95.0,2340
2024-06-17,43.5,-94.5,540
2024-06-17,43.5,-94.0,2160
2024-06-17,43.5,-93.5,1260
2024-06-17,43.5,-93.0,1440
2024-06-17,43.5,-92.5,2340
2024-06-17,43.5,-92.0,3150
2024-06-17,43.5,-91.5,1440
2024-06-17,43.5,-91.0,1710
2024-06-17,43.5,-90.5,180
2024-06-17,43.5,-90.0,540
2024-06-17,43.5,-89.5,990
2024-06-17,43.5,-89.0,810
2024-06-17,43.5,-88.5,1350
2024-06-17,43.5,-88.0,1080
2024-06-17,43.5,-87.5,540
2024-06-17,43.5,-87.0,180
2024-06-17,43.5,-86.5,360
2024-06-17,43.5,-86.0,450
2024-06-17,43.5,-85.5,1620
2024-06-17,43.5,-84.5,90
2024-06-17,43.5,-84.0,180
2024-06-17,43.5,-83.5,270
2024-06-17,43.5,-83.0,1350
2024-06-17,43.5,-82.5,180
2024-06-17,43.5,-82.0,450
2024-06-17,43.5,-81.5,360
2024-06-17,43.5,-81.0,2700
2024-06-17,43.5,-80.5,4770
2024-06-17,43.5,-80.0,2160
2024-06-17,43.5,-79.5,1800
2024-06-17,43.5,-79.0,540
2024-06-17,43.5,-78.5,450
2024-06-17,43.5,-78.0,360
2024-06-17,43.5,-77.5,90
2024-06-17,43.5,-77.0,270
2024-06-17,43.5,-76.5,360
2024-06-17,43.5,-76.0,720
2024-06-17,43.5,-75.5,810
2024-06-17,43.5,-75.0,270
2024-06-17,43.5,-74.5,810
2024-06-17,43.5,-74.0,1530
2024-06-17,43.5,-73.5,990
2024-06-17,43.5,-73.0,270
2024-06-17,43.5,-72.5,1350
2024-06-17,43.5,-72.0,1530
2024-06-17,43.5,-71.5,720
2024-06-17,43.5,-71.0,2880
2024-06-17,43.5,-70.5,1170
2024-06-17,43.5,-70.0,90
2024-06-17,43.5,-69.5,90
2024-06-17,43.5,-68.5,90
2024-06-17,44.0,-109.5,90
2024-06-17,44.0,-109.0,270
2024-06-17,44.0,-108.5,90
2024-06-17,44.0,-107.5,180
2024-06-17,44.0,-107.0,900
2024-06-17,44.0,-106.5,1170
2024-06-17,44.0,-106.0,1440
2024-06-17,44.0,-105.5,720
2024-06-17,44.0,-105.0,630
2024-06-17,44.0,-104.5,270
2024-06-17,44.0,-104.0,990
2024-06-17,44.0,-103.5,90
2024-06-17,44.0,-103.0,1350
2024-06-17,44.0,-102.5,3240
2024-06-17,44.0,-102.0,2880
2024-06-17,44.0,-101.5,2340
2024-06-17,44.0,-101.0,540
2024-06-17,44.0,-100.5,720
2024-06-17,44.0,-100.0,450
2024-06-17,44.0,-99.5,630
2024-06-17,44.0,-99.0,270
2024-06-17,44.0,-98.5,180
2024-06-17,44.0,-98.0,720
2024-06-17,44.0,-97.5,450
2024-06-17,44.0,-97.0,1440
2024-06-17,44.0,-96.5,2610
2024-06-17,44.0,-96.0,3960
2024-06-17,44.0,-95.5,3240
2024-06-17,44.0,-95.0,2160
2024-06-17,44.0,-94.5,720
2024-06-17,44.0,-94.0,450
2024-06-17,44.0,-93.5,450
2024-06-17,44.0,-93.0,1350
2024-06-17,44.0,-92.5,720
2024-06-17,44.0,-92.0,450
2024-06-17,44.0,-91.5,990
2024-06-17,44.0,-91.0,2430
2024-06-17,44.0,-90.5,1080
2024-06-17,44.0,-90.0,540
2024-06-17,44.0,-89.5,720
2024-06-17,44.0,-89.0,810
2024-06-17,44.0,-88.5,450
2024-06-17,44.0,-87.5,450
2024-06-17,44.0,-87.0,180
2024-06-17,44.0,-86.0,90
2024-06-17,44.0,-85.0,90
2024-06-17,44.0,-84.5,450
2024-06-17,44.0,-84.0,810
2024-06-17,44.0,-83.5,450
2024-06-17,44.0,-83.0,90
2024-06-17,44.0,-82.5,630
2024-06-17,44.0,-82.0,180
2024-06-17,44.0,-81.5,720
2024-06-17,44.0,-81.0,360
2024-06-17,44.0,-80.5,720
2024-06-17,44.0,-80.0,630
2024-06-17,44.0,-79.5,360
2024-06-17,44.0,-79.0,990
2024-06-17,44.0,-78.5,540
2024-06-17,44.0,-78.0,90
2024-06-17,44.0,-77.5,630
2024-06-17,44.0,-77.0,90
2024-06-17,44.0,-76.5,450
2024-06-17,44.0,-75.5,90
2024-06-17,44.0,-75.0,180
2024-06-17,44.0,-74.5,810
2024-06-17,44.0,-74.0,1260
2024-06-17,44.0,-73.5,2340
2024-06-17,44.0,-73.0,540
2024-06-17,44.0,-72.5,630
2024-06-17,44.0,-72.0,1800
2024-06-17,44.0,-71.5,180
2024-06-17,44.0,-71.0,540
2024-06-17,44.0,-70.5,1980
2024-06-17,44.0,-70.0,1890
2024-06-17,44.0,-69.5,720
2024-06-17,44.0,-69.0,450
2024-06-17,44.0,-68.0,180
2024-06-17,44.5,-107.5,90
2024-06-17,44.5,-107.0,900
2024-06-17,44.5,-106.5,630
2024-06-17,44.5,-106.0,90
2024-06-17,44.5,-105.5,540
2024-06-17,44.5,-105.0,1530
2024-06-17,44.5,-104.5,630
2024-06-17,44.5,-104.0,1260
2024-06-17,44.5,-103.5,180
2024-06-17,44.5,-103.0,720
2024-06-17,44.5,-102.5,1980
2024-06-17,44.5,-102.0,810
2024-06-17,44.5,-101.5,3240
2024-06-17,44.5,-101.0,2340
2024-06-17,44.5,-100.5,900
2024-06-17,44.5,-100.0,180
2024-06-17,44.5,-99.5,180
2024-06-17,44.5,-99.0,90
2024-06-17,44.5,-97.5,180
2024-06-17,44.5,-97.0,270
2024-06-17,44.5,-96.5,1890
2024-06-17,44.5,-96.0,2880
2024-06-17,44.5,-95.5,2790
2024-06-17,44.5,-95.0,2250
2024-06-17,44.5,-94.5,1440
2024-06-17,44.5,-94.0,1260
2024-06-17,44.5,-93.5,900
2024-06-17,44.5,-93.0,270
2024-06-17,44.5,-92.5,270
2024-06-17,44.5,-92.0,450
2024-06-17,44.5,-91.5,540
2024-06-17,44.5,-91.0,270
2024-06-17,44.5,-90.5,720
2024-06-17,44.5,-90.0,270
2024-06-17,44.5,-89.5,540
2024-06-17,44.5,-89.0,180
2024-06-17,44.5,-88.5,630
2024-06-17,44.5,-85.5,90
2024-06-17,44.5,-84.0,180
2024-06-17,44.5,-83.5,270
2024-06-17,44.5,-83.0,1890
2024-06-17,44.5,-82.5,540
2024-06-17,44.5,-82.0,270
2024-06-17,44.5,-81.5,360
2024-06-17,44.5,-81.0,180
2024-06-17,44.5,-80.5,540
2024-06-17,44.5,-80.0,270
2024-06-17,44.5,-79.5,900
2024-06-17,44.5,-79.0,450
2024-06-17,44.5,-78.5,360
2024-06-17,44.5,-78.0,360
2024-06-17,44.5,-77.5,1530
2024-06-17,44.5,-77.0,1620
2024-06-17,44.5,-76.5,900
2024-06-17,44.5,-76.0,540
2024-06-17,44.5,-75.5,270
2024-06-17,44.5,-75.0,180
2024-06-17,44.5,-74.5,540
2024-06-17,44.5,-74.0,360
2024-06-17,44.5,-73.5,1530
2024-06-17,44.5,-73.0,1260
2024-06-17,44.5,-72.5,900
2024-06-17,44.5,-72.0,1710
2024-06-17,44.5,-71.5,180
2024-06-17,44.5,-71.0,180
2024-06-17,44.5,-70.0,900
2024-06-17,44.5,-69.5,810
2024-06-17,44.5,-69.0,810
2024-06-17,44.5,-68.5,540
2024-06-17,44.5,-68.0,720
2024-06-17,44.5,-67.5,450
2024-06-17,44.5,-67.0,90
2024-06-17,45.0,-109.5,90
2024-06-17,45.0,-107.5,1080
2024-06-17,45.0,-107.0,270
2024-06-17,45.0,-106.5,270
2024-06-17,45.0,-106.0,270
2024-06-17,45.0,-105.5,270
2024-06-17,45.0,-103.5,90
2024-06-17,45.0,-103.0,900
2024-06-17,45.0,-102.5,1170
2024-06-17,45.0,-102.0,810
2024-06-17,45.0,-101.5,720
2024-06-17,45.0,-101.0,630
2024-06-17,45.0,-100.5,1260
2024-06-17,45.0,-100.0,1170
2024-06-17,45.0,-99.0,360
2024-06-17,45.0,-98.0,1260
2024-06-17,45.0,-97.5,360
2024-06-17,45.0,-97.0,990
2024-06-17,45.0,-96.5,1350
2024-06-17,45.0,-96.0,3780
2024-06-17,45.0,-95.5,4500
2024-06-17,45.0,-95.0,1170
2024-06-17,45.0,-94.5,450
2024-06-17,45.0,-94.0,1350
2024-06-17,45.0,-93.5,1980
2024-06-17,45.0,-93.0,900
2024-06-17,45.0,-92.5,450
2024-06-17,45.0,-92.0,360
2024-06-17,45.0,-91.5,540
2024-06-17,45.0,-91.0,540
2024-06-17,45.0,-90.5,540
2024-06-17,45.0,-90.0,900
2024-06-17,45.0,-89.5,810
2024-06-17,45.0,-88.5,180
2024-06-17,45.0,-87.5,360
2024-06-17,45.0,-87.0,90
2024-06-17,45.0,-83.5,180
2024-06-17,45.0,-83.0,90
2024-06-17,45.0,-82.5,90
2024-06-17,45.0,-82.0,90
2024-06-17,45.0,-81.5,90
2024-06-17,45.0,-81.0,90
2024-06-17,45.0,-80.5,180
2024-06-17,45.0,-79.0,90
2024-06-17,45.0,-78.0,90
2024-06-17,45.0,-77.0,360
2024-06-17,45.0,-75.5,180
2024-06-17,45.0,-74.5,90
2024-06-17,45.0,-73.5,270
2024-06-17,45.0,-73.0,180
2024-06-17,45.0,-72.5,450
2024-06-17,45.0,-72.0,900
2024-06-17,45.0,-71.0,270
2024-06-17,45.0,-70.5,540
2024-06-17,45.0,-70.0,990
2024-06-17,45.0,-69.5,1890
2024-06-17,45.0,-69.0,540
2024-06-17,45.0,-68.5,90
2024-06-17,45.0,-68.0,90
2024-06-17,45.0,-66.5,90
2024-06-17,45.5,-116.5,90
2024-06-17,45.5,-110.5,90
2024-06-17,45.5,-110.0,90
2024-06-17,45.5,-108.5,90
2024-06-17,45.5,-108.0,90
2024-06-17,45.5,-107.5,180
2024-06-17,45.5,-107.0,90
2024-06-17,45.5,-106.5,90
2024-06-17,45.5,-106.0,450
2024-06-17,45.5,-105.5,450
2024-06-17,45.5,-105.0,900
2024-06-17,45.5,-104.5,90
2024-06-17,45.5,-104.0,180
2024-06-17,45.5,-103.5,810
2024-06-17,45.5,-103.0,360
2024-06-17,45.5,-102.5,630
2024-06-17,45.5,-102.0,1890
2024-06-17,45.5,-101.5,2070
2024-06-17,45.5,-101.0,450
2024-06-17,45.5,-100.5,630
2024-06-17,45.5,-100.0,180
2024-06-17,45.5,-99.5,450
2024-06-17,45.5,-99.0,1710
2024-06-17,45.5,-98.5,450
2024-06-17,45.5,-98.0,2250
2024-06-17,45.5,-97.5,1800
2024-06-17,45.5,-97.0,2790
2024-06-17,45.5,-96.5,2250
2024-06-17,45.5,-96.0,1890
2024-06-17,45.5,-95.5,4950
2024-06-17,45.5,-95.0,5400
2024-06-17,45.5,-94.5,2790
2024-06-17,45.5,-94.0,900
2024-06-17,45.5,-93.5,900
2024-06-17,45.5,-93.0,1170
2024-06-17,45.5,-92.5,2160
2024-06-17,45.5,-92.0,1260
2024-06-17,45.5,-91.5,810
2024-06-17,45.5,-91.0,900
2024-06-17,45.5,-90.5,1350
2024-06-17,45.5,-90.0,630
2024-06-17,45.5,-89.5,360
2024-06-17,45.5,-89.0,180
2024-06-17,45.5,-88.5,270
2024-06-17,45.5,-88.0,450
2024-06-17,45.5,-87.5,810
2024-06-17,45.5,-87.0,360
2024-06-17,45.5,-86.5,180
2024-06-17,45.5,-84.5,180
2024-06-17,45.5,-81.0,180
2024-06-17,45.5,-80.5,180
2024-06-17,45.5,-79.5,180
2024-06-17,45.5,-76.5,540
2024-06-17,45.5,-76.0,360
2024-06-17,45.5,-75.5,360
2024-06-17,45.5,-75.0,90
2024-06-17,45.5,-74.5,180
2024-06-17,45.5,-73.0,270
2024-06-17,45.5,-72.5,270
2024-06-17,45.5,-72.0,180
2024-06-17,45.5,-71.5,180
2024-06-17,45.5,-71.0,90
2024-06-17,45.5,-70.5,90
2024-06-17,45.5,-70.0,450
2024-06-17,45.5,-69.5,360
2024-06-17,45.5,-68.0,90
2024-06-17,45.5,-66.5,90
2024-06-17,45.5,-66.0,90
2024-06-17,45.5,-65.5,90
2024-06-17,46.0,-111.0,90
2024-06-17,46.0,-109.0,450
2024-06-17,46.0,-108.5,90
2024-06-17,46.0,-108.0,360
2024-06-17,46.0,-107.5,1260
2024-06-17,46.0,-107.0,990
2024-06-17,46.0,-106.5,1260
2024-06-17,46.0,-106.0,900
2024-06-17,46.0,-105.5,180
2024-06-17,46.0,-105.0,1260
2024-06-17,46.0,-104.5,900
2024-06-17,46.0,-104.0,270
2024-06-17,46.0,-103.5,180
2024-06-17,46.0,-103.0,360
2024-06-17,46.0,-102.5,180
2024-06-17,46.0,-102.0,1620
2024-06-17,46.0,-101.5,630
2024-06-17,46.0,-101.0,1980
2024-06-17,46.0,-100.5,630
2024-06-17,46.0,-100.0,90
2024-06-17,46.0,-99.5,270
2024-06-17,46.0,-99.0,90
2024-06-17,46.0,-98.5,1080
2024-06-17,46.0,-98.0,1260
2024-06-17,46.0,-97.5,1260
2024-06-17,46.0,-97.0,1170
2024-06-17,46.0,-96.5,360
2024-06-17,46.0,-96.0,810
2024-06-17,46.0,-95.5,2790
2024-06-17,46.0,-95.0,3060
2024-06-17,46.0,-94.5,3960
2024-06-17,46.0,-94.0,3240
2024-06-17,46.0,-93.5,1260
2024-06-17,46.0,-93.0,1080
2024-06-17,46.0,-92.5,810
2024-06-17,46.0,-92.0,360
2024-06-17,46.0,-91.5,810
2024-06-17,46.0,-91.0,720
2024-06-17,46.0,-90.5,270
2024-06-17,46.0,-90.0,270
2024-06-17,46.0,-89.5,450
2024-06-17,46.0,-88.5,630
2024-06-17,46.0,-88.0,270
2024-06-17,46.0,-87.5,540
2024-06-17,46.0,-87.0,270
2024-06-17,46.0,-86.5,360
2024-06-17,46.0,-86.0,180
2024-06-17,46.0,-85.0,450
2024-06-17,46.0,-84.5,180
2024-06-17,46.0,-84.0,90
2024-06-17,46.0,-83.0,90
2024-06-17,46.0,-82.5,90
2024-06-17,46.0,-81.0,90
2024-06-17,46.0,-80.5,450
2024-06-17,46.0,-80.0,270
2024-06-17,46.0,-79.5,270
2024-06-17,46.0,-78.5,90
2024-06-17,46.0,-78.0,90
2024-06-17,46.0,-76.5,360
2024-06-17,46.0,-76.0,1530
2024-06-17,46.0,-75.5,450
2024-06-17,46.0,-75.0,1710
2024-06-17,46.0,-74.5,630
2024-06-17,46.0,-74.0,90
2024-06-17,46.0,-72.5,90
2024-06-17,46.0,-71.5,90
2024-06-17,46.0,-70.5,270
2024-06-17,46.0,-70.0,450
2024-06-17,46.0,-69.5,90
2024-06-17,46.0,-66.5,180
2024-06-17,46.0,-66.0,90
2024-06-17,46.5,-118.0,90
2024-06-17,46.5,-111.0,90
2024-06-17,46.5,-110.5,630
2024-06-17,46.5,-110.0,270
2024-06-17,46.5,-109.5,360
2024-06-17,46.5,-109.0,180
2024-06-17,46.5,-108.5,720
2024-06-17,46.5,-108.0,2160
2024-06-17,46.5,-107.5,900
2024-06-17,46.5,-107.0,1710
2024-06-17,46.5,-106.5,1080
2024-06-17,46.5,-106.0,270
2024-06-17,46.5,-105.0,540
2024-06-17,46.5,-104.5,270
2024-06-17,46.5,-104.0,810
2024-06-17,46.5,-103.5,630
2024-06-17,46.5,-102.5,180
2024-06-17,46.5,-102.0,540
2024-06-17,46.5,-101.5,180
2024-06-17,46.5,-101.0,1080
2024-06-17,46.5,-100.5,540
2024-06-17,46.5,-100.0,1080
2024-06-17,46.5,-99.5,90
2024-06-17,46.5,-99.0,90
2024-06-17,46.5,-98.5,720
2024-06-17,46.5,-98.0,90
2024-06-17,46.5,-97.5,360
2024-06-17,46.5,-97.0,1980
2024-06-17,46.5,-96.5,990
2024-06-17,46.5,-96.0,630
2024-06-17,46.5,-95.5,1080
2024-06-17,46.5,-95.0,1620
2024-06-17,46.5,-94.5,4500
2024-06-17,46.5,-94.0,1440
2024-06-17,46.5,-93.5,2520
2024-06-17,46.5,-93.0,1260
2024-06-17,46.5,-92.5,1620
2024-06-17,46.5,-92.0,540
2024-06-17,46.5,-91.5,630
2024-06-17,46.5,-91.0,450
2024-06-17,46.5,-90.5,1440
2024-06-17,46.5,-90.0,540
2024-06-17,46.5,-89.5,1170
2024-06-17,46.5,-89.0,990
2024-06-17,46.5,-88.5,720
2024-06-17,46.5,-88.0,810
2024-06-17,46.5,-87.5,270
2024-06-17,46.5,-87.0,630
2024-06-17,46.5,-86.5,720
2024-06-17,46.5,-86.0,270
2024-06-17,46.5,-85.5,360
2024-06-17,46.5,-85.0,90
2024-06-17,46.5,-84.5,180
2024-06-17,46.5,-84.0,630
2024-06-17,46.5,-83.0,90
2024-06-17,46.5,-82.5,180
2024-06-17,46.5,-82.0,180
2024-06-17,46.5,-81.5,90
2024-06-17,46.5,-80.5,360
2024-06-17,46.5,-80.0,270
2024-06-17,46.5,-79.5,270
2024-06-17,46.5,-76.0,270
2024-06-17,46.5,-75.5,90
2024-06-17,46.5,-75.0,900
2024-06-17,46.5,-74.5,450
2024-06-17,46.5,-74.0,720
2024-06-17,46.5,-73.5,180
2024-06-17,47.0,-116.5,90
2024-06-17,47.0,-115.5,90
2024-06-17,47.0,-112.0,90
2024-06-17,47.0,-110.5,180
2024-06-17,47.0,-110.0,270
2024-06-17,47.0,-109.5,90
2024-06-17,47.0,-109.0,360
2024-06-17,47.0,-108.5,270
2024-06-17,47.0,-108.0,450
2024-06-17,47.0,-107.5,180
2024-06-17,47.0,-107.0,900
2024-06-17,47.0,-106.5,90
2024-06-17,47.0,-106.0,180
2024-06-17,47.0,-105.0,90
2024-06-17,47.0,-104.0,90
2024-06-17,47.0,-103.5,540
2024-06-17,47.0,-103.0,180
2024-06-17,47.0,-102.0,810
2024-06-17,47.0,-101.5,630
2024-06-17,47.0,-101.0,1530
2024-06-17,47.0,-100.5,180
2024-06-17,47.0,-100.0,540
2024-06-17,47.0,-99.5,540
2024-06-17,47.0,-99.0,360
2024-06-17,47.0,-98.5,450
2024-06-17,47.0,-98.0,360
2024-06-17,47.0,-97.5,630
2024-06-17,47.0,-97.0,360
2024-06-17,47.0,-96.5,630
2024-06-17,47.0,-96.0,1620
2024-06-17,47.0,-95.5,1350
2024-06-17,47.0,-95.0,900
2024-06-17,47.0,-94.5,630
2024-06-17,47.0,-94.0,810
2024-06-17,47.0,-93.5,2790
2024-06-17,47.0,-93.0,2340
2024-06-17,47.0,-92.5,1530
2024-06-17,47.0,-92.0,1800
2024-06-17,47.0,-91.5,1530
2024-06-17,47.0,-91.0,2160
2024-06-17,47.0,-90.5,3780
2024-06-17,47.0,-90.0,990
2024-06-17,47.0,-89.5,270
2024-06-17,47.0,-89.0,90
2024-06-17,47.0,-88.5,180
2024-06-17,47.0,-88.0,270
2024-06-17,47.0,-87.5,360
2024-06-17,47.0,-87.0,90
2024-06-17,47.0,-86.5,360
2024-06-17,47.0,-86.0,90
2024-06-17,47.0,-85.5,540
2024-06-17,47.0,-85.0,270
2024-06-17,47.0,-84.5,90
2024-06-17,47.0,-84.0,540
2024-06-17,47.0,-83.5,720
2024-06-17,47.0,-83.0,900
2024-06-17,47.0,-82.5,1080
2024-06-17,47.0,-82.0,360
2024-06-17,47.0,-81.5,90
2024-06-17,47.0,-81.0,90
2024-06-17,47.0,-80.5,90
2024-06-17,47.0,-80.0,540
2024-06-17,47.0,-79.5,360
2024-06-17,47.0,-79.0,450
2024-06-17,47.0,-78.5,990
2024-06-17,47.0,-78.0,90
2024-06-17,47.0,-77.5,90
2024-06-17,47.0,-77.0,90
2024-06-17,47.0,-76.5,270
2024-06-17,47.0,-76.0,630
2024-06-17,47.0,-75.5,630
2024-06-17,47.0,-75.0,1350
2024-06-17,47.0,-74.5,360
2024-06-17,47.0,-74.0,270
2024-06-17,47.0,-73.5,270
2024-06-17,47.0,-73.0,1170
2024-06-17,47.0,-72.5,540
2024-06-17,47.0,-71.5,90
2024-06-17,47.5,-119.0,90
2024-06-17,47.5,-118.0,270
2024-06-17,47.5,-116.0,90
2024-06-17,47.5,-112.5,270
2024-06-17,47.5,-112.0,90
2024-06-17,47.5,-111.5,90
2024-06-17,47.5,-111.0,270
2024-06-17,47.5,-110.5,180
2024-06-17,47.5,-109.0,180
2024-06-17,47.5,-108.5,270
2024-06-17,47.5,-108.0,180
2024-06-17,47.5,-107.5,90
2024-06-17,47.5,-106.0,90
2024-06-17,47.5,-103.5,90
2024-06-17,47.5,-103.0,90
2024-06-17,47.5,-102.5,180
2024-06-17,47.5,-102.0,90
2024-06-17,47.5,-101.0,450
2024-06-17,47.5,-100.0,180
2024-06-17,47.5,-99.5,180
2024-06-17,47.5,-99.0,180
2024-06-17,47.5,-98.0,360
2024-06-17,47.5,-97.5,630
2024-06-17,47.5,-97.0,1080
2024-06-17,47.5,-96.5,270
2024-06-17,47.5,-96.0,540
2024-06-17,47.5,-95.5,90
2024-06-17,47.5,-95.0,900
2024-06-17,47.5,-94.5,720
2024-06-17,47.5,-94.0,630
2024-06-17,47.5,-93.5,1890
2024-06-17,47.5,-93.0,1080
2024-06-17,47.5,-92.5,2160
2024-06-17,47.5,-92.0,1620
2024-06-17,47.5,-91.5,1080
2024-06-17,47.5,-91.0,1170
2024-06-17,47.5,-90.5,1530
2024-06-17,47.5,-90.0,450
2024-06-17,47.5,-89.5,180
2024-06-17,47.5,-89.0,180
2024-06-17,47.5,-88.5,180
2024-06-17,47.5,-87.5,90
2024-06-17,47.5,-86.0,90
2024-06-17,47.5,-85.0,180
2024-06-17,47.5,-84.0,720
2024-06-17,47.5,-83.5,270
2024-06-17,47.5,-83.0,540
2024-06-17,47.5,-82.5,180
2024-06-17,47.5,-82.0,810
2024-06-17,47.5,-81.5,360
2024-06-17,47.5,-81.0,270
2024-06-17,47.5,-80.5,810
2024-06-17,47.5,-80.0,270
2024-06-17,47.5,-79.5,90
2024-06-17,47.5,-79.0,540
2024-06-17,47.5,-78.5,1350
2024-06-17,47.5,-78.0,450
2024-06-17,47.5,-77.5,450
2024-06-17,47.5,-77.0,270
2024-06-17,47.5,-76.5,90
2024-06-17,47.5,-76.0,270
2024-06-17,47.5,-75.5,540
2024-06-17,47.5,-75.0,90
2024-06-17,47.5,-72.5,180
2024-06-17,47.5,-72.0,180
2024-06-17,47.5,-71.5,450
2024-06-17,47.5,-71.0,90
2024-06-17,47.5,-68.0,180
2024-06-17,47.5,-67.0,270
2024-06-17,48.0,-118.5,90
2024-06-17,48.0,-115.0,90
2024-06-17,48.0,-111.0,90
2024-06-17,48.0,-110.0,270
2024-06-17,48.0,-109.5,180
2024-06-17,48.0,-109.0,180
2024-06-17,48.0,-108.5,90
2024-06-17,48.0,-107.5,180
2024-06-17,48.0,-107.0,90
2024-06-17,48.0,-106.5,90
2024-06-17,48.0,-106.0,90
2024-06-17,48.0,-103.0,270
2024-06-17,48.0,-102.0,180
2024-06-17,48.0,-101.5,180
2024-06-17,48.0,-101.0,90
2024-06-17,48.0,-99.5,180
2024-06-17,48.0,-99.0,270
2024-06-17,48.0,-98.5,450
2024-06-17,48.0,-98.0,450
2024-06-17,48.0,-97.5,180
2024-06-17,48.0,-97.0,270
2024-06-17,48.0,-96.5,90
2024-06-17,48.0,-96.0,180
2024-06-17,48.0,-95.5,630
2024-06-17,48.0,-94.5,180
2024-06-17,48.0,-94.0,450
2024-06-17,48.0,-93.5,270
2024-06-17,48.0,-93.0,360
2024-06-17,48.0,-92.5,1530
2024-06-17,48.0,-92.0,720
2024-06-17,48.0,-91.5,1080
2024-06-17,48.0,-91.0,540
2024-06-17,48.0,-90.5,450
2024-06-17,48.0,-90.0,270
2024-06-17,48.0,-89.5,90
2024-06-17,48.0,-89.0,90
2024-06-17,48.0,-88.5,180
2024-06-17,48.0,-88.0,90
2024-06-17,48.0,-86.0,180
2024-06-17,48.0,-85.5,180
2024-06-17,48.0,-85.0,180
2024-06-17,48.0,-84.5,180
2024-06-17,48.0,-84.0,180
2024-06-17,48.0,-83.5,270
2024-06-17,48.0,-83.0,90
2024-06-17,48.0,-82.0,540
2024-06-17,48.0,-81.5,810
2024-06-17,48.0,-81.0,90
2024-06-17,48.0,-80.5,180
2024-06-17,48.0,-80.0,450
2024-06-17,48.0,-79.5,540
2024-06-17,48.0,-79.0,1620
2024-06-17,48.0,-78.5,1620
2024-06-17,48.0,-78.0,1440
2024-06-17,48.0,-77.5,270
2024-06-17,48.0,-77.0,450
2024-06-17,48.0,-76.0,450
2024-06-17,48.0,-75.5,180
2024-06-17,48.0,-75.0,180
2024-06-17,48.0,-74.5,180
2024-06-17,48.0,-74.0,180
2024-06-17,48.0,-73.5,180
2024-06-17,48.0,-73.0,180
2024-06-17,48.0,-72.5,630
2024-06-17,48.0,-72.0,2880
2024-06-17,48.0,-71.5,270
2024-06-17,48.0,-71.0,540
2024-06-17,48.0,-70.0,180
2024-06-17,48.0,-67.0,270
2024-06-17,48.0,-66.0,270
2024-06-17,48.5,-120.5,90
2024-06-17,48.5,-120.0,180
2024-06-17,48.5,-118.5,90
2024-06-17,48.5,-111.0,180
2024-06-17,48.5,-110.5,360
2024-06-17,48.5,-110.0,270
2024-06-17,48.5,-109.5,270
2024-06-17,48.5,-109.0,270
2024-06-17,48.5,-108.0,270
2024-06-17,48.5,-107.5,360
2024-06-17,48.5,-107.0,450
2024-06-17,48.5,-106.5,90
2024-06-17,48.5,-105.0,90
2024-06-17,48.5,-103.0,90
2024-06-17,48.5,-102.5,90
2024-06-17,48.5,-100.0,180
2024-06-17,48.5,-99.5,90
2024-06-17,48.5,-98.0,180
2024-06-17,48.5,-97.5,90
2024-06-17,48.5,-97.0,180
2024-06-17,48.5,-96.5,90
2024-06-17,48.5,-96.0,450
2024-06-17,48.5,-95.5,360
2024-06-17,48.5,-95.0,90
2024-06-17,48.5,-94.5,450
2024-06-17,48.5,-94.0,180
2024-06-17,48.5,-93.5,540
2024-06-17,48.5,-93.0,90
2024-06-17,48.5,-92.5,270
2024-06-17,48.5,-92.0,720
2024-06-17,48.5,-91.5,900
2024-06-17,48.5,-91.0,1080
2024-06-17,48.5,-90.5,270
2024-06-17,48.5,-90.0,540
2024-06-17,48.5,-89.5,360
2024-06-17,48.5,-89.0,360
2024-06-17,48.5,-88.5,270
2024-06-17,48.5,-88.0,180
2024-06-17,48.5,-87.5,180
2024-06-17,48.5,-86.5,180
2024-06-17,48.5,-85.5,180
2024-06-17,48.5,-85.0,180
2024-06-17,48.5,-84.0,450
2024-06-17,48.5,-83.5,270
2024-06-17,48.5,-82.5,90
2024-06-17,48.5,-82.0,90
2024-06-17,48.5,-81.5,90
2024-06-17,48.5,-81.0,630
2024-06-17,48.5,-80.5,180
2024-06-17,48.5,-80.0,540
2024-06-17,48.5,-79.5,270
2024-06-17,48.5,-79.0,1890
2024-06-17,48.5,-78.5,180
2024-06-17,48.5,-78.0,450
2024-06-17,48.5,-77.5,630
2024-06-17,48.5,-77.0,990
2024-06-17,48.5,-76.5,630
2024-06-17,48.5,-76.0,990
2024-06-17,48.5,-75.5,360
2024-06-17,48.5,-75.0,180
2024-06-17,48.5,-74.5,900
2024-06-17,48.5,-74.0,90
2024-06-17,48.5,-73.5,90
2024-06-17,48.5,-73.0,540
2024-06-17,48.5,-72.5,990
2024-06-17,48.5,-72.0,1350
2024-06-17,48.5,-71.5,540
2024-06-17,48.5,-71.0,270
2024-06-17,48.5,-70.5,90
2024-06-17,48.5,-70.0,90
2024-06-17,48.5,-68.5,180
2024-06-17,48.5,-68.0,90
2024-06-17,48.5,-67.5,90
2024-06-17,48.5,-67.0,180
2024-06-17,48.5,-66.5,720
2024-06-17,48.5,-66.0,720
2024-06-17,48.5,-65.5,90
2024-06-17,49.0,-113.0,90
2024-06-17,49.0,-112.5,360
2024-06-17,49.0,-111.5,90
2024-06-17,49.0,-111.0,270
2024-06-17,49.0,-109.5,180
2024-06-17,49.0,-108.0,270
2024-06-17,49.0,-107.5,90
2024-06-17,49.0,-107.0,450
2024-06-17,49.0,-106.5,270
2024-06-17,49.0,-106.0,180
2024-06-17,49.0,-104.5,180
2024-06-17,49.0,-103.5,180
2024-06-17,49.0,-101.5,270
2024-06-17,49.0,-100.0,270
2024-06-17,49.0,-99.5,90
2024-06-17,49.0,-98.0,90
2024-06-17,49.0,-97.0,90
2024-06-17,49.0,-95.0,450
2024-06-17,49.0,-93.0,180
2024-06-17,49.0,-92.5,270
2024-06-17,49.0,-91.5,270
2024-06-17,49.0,-91.0,1260
2024-06-17,49.0,-90.5,1620
2024-06-17,49.0,-90.0,450
2024-06-17,49.0,-89.5,1260
2024-06-17,49.0,-89.0,180
2024-06-17,49.0,-88.5,450
2024-06-17,49.0,-88.0,900
2024-06-17,49.0,-87.5,180
2024-06-17,49.0,-87.0,630
2024-06-17,49.0,-86.0,810
2024-06-17,49.0,-85.5,180
2024-06-17,49.0,-81.0,270
2024-06-17,49.0,-80.0,90
2024-06-17,49.0,-79.5,90
2024-06-17,49.0,-79.0,360
2024-06-17,49.0,-78.5,1980
2024-06-17,49.0,-78.0,1260
2024-06-17,49.0,-77.5,900
2024-06-17,49.0,-77.0,1350
2024-06-17,49.0,-76.5,270
2024-06-17,49.0,-76.0,720
2024-06-17,49.0,-75.5,540
2024-06-17,49.0,-75.0,180
2024-06-17,49.0,-74.5,540
2024-06-17,49.0,-74.0,630
2024-06-17,49.0,-73.5,450
2024-06-17,49.0,-73.0,900
2024-06-17,49.0,-72.5,630
2024-06-17,49.0,-72.0,270
2024-06-17,49.0,-71.5,540
2024-06-17,49.0,-71.0,720
2024-06-17,49.0,-70.5,630
2024-06-17,49.0,-70.0,270
2024-06-17,49.0,-69.0,270
2024-06-17,49.0,-68.5,360
2024-06-17,49.0,-68.0,90
2024-06-17,49.0,-67.5,180
2024-06-17,49.5,-119.0,90
2024-06-17,49.5,-113.5,90
2024-06-17,49.5,-113.0,180
2024-06-17,49.5,-112.0,90
2024-06-17,49.5,-111.0,90
2024-06-17,49.5,-110.5,90
2024-06-17,49.5,-108.5,180
2024-06-17,49.5,-108.0,90
2024-06-17,49.5,-107.5,90
2024-06-17,49.5,-107.0,270
2024-06-17,49.5,-106.0,90
2024-06-17,49.5,-105.5,90
2024-06-17,49.5,-105.0,90
2024-06-17,49.5,-104.5,90
2024-06-17,49.5,-103.0,180
2024-06-17,49.5,-102.5,450
2024-06-17,49.5,-102.0,720
2024-06-17,49.5,-101.5,270
2024-06-17,49.5,-100.5,90
2024-06-17,49.5,-100.0,540
2024-06-17,49.5,-99.5,630
2024-06-17,49.5,-99.0,360
2024-06-17,49.5,-98.5,180
2024-06-17,49.5,-98.0,90
2024-06-17,49.5,-95.0,180
2024-06-17,49.5,-94.5,90
2024-06-17,49.5,-94.0,180
2024-06-17,49.5,-93.5,90
2024-06-17,49.5,-93.0,180
2024-06-17,49.5,-92.5,90
2024-06-17,49.5,-91.5,90
2024-06-17,49.5,-90.5,180
2024-06-17,49.5,-90.0,450
2024-06-17,49.5,-89.5,270
2024-06-17,49.5,-89.0,990
2024-06-17,49.5,-88.5,180
2024-06-17,49.5,-88.0,540
2024-06-17,49.5,-87.5,180
2024-06-17,49.5,-86.5,180
2024-06-17,49.5,-79.5,180
2024-06-17,49.5,-78.5,90
2024-06-17,49.5,-78.0,810
2024-06-17,49.5,-77.5,810
2024-06-17,49.5,-77.0,2160
2024-06-17,49.5,-76.5,1710
2024-06-17,49.5,-76.0,1530
2024-06-17,49.5,-75.5,1440
2024-06-17,49.5,-75.0,1260
2024-06-17,49.5,-74.5,630
2024-06-17,49.5,-74.0,450
2024-06-17,49.5,-73.5,360
2024-06-17,49.5,-73.0,630
2024-06-17,49.5,-72.5,360
2024-06-17,49.5,-72.0,270
2024-06-17,49.5,-71.5,270
2024-06-17,49.5,-71.0,90
2024-06-17,49.5,-70.5,270
2024-06-17,49.5,-70.0,180
2024-06-17,49.5,-68.5,90
2024-06-17,50.0,-121.5,90
2024-06-17,50.0,-120.0,90
2024-06-17,50.0,-115.0,90
2024-06-17,50.0,-114.5,90
2024-06-17,50.0,-113.5,90
2024-06-17,50.0,-113.0,90
2024-06-17,50.0,-112.0,90
2024-06-17,50.0,-110.5,90
2024-06-17,50.0,-108.0,90
2024-06-17,50.0,-107.5,180
2024-06-17,50.0,-107.0,630
2024-06-17,50.0,-106.5,180
2024-06-17,50.0,-106.0,180
2024-06-17,50.0,-105.5,90
2024-06-17,50.0,-104.0,90
2024-06-17,50.0,-103.0,90
2024-06-17,50.0,-102.5,180
2024-06-17,50.0,-102.0,360
2024-06-17,50.0,-101.5,90
2024-06-17,50.0,-100.0,180
2024-06-17,50.0,-99.5,180
2024-06-17,50.0,-99.0,90
2024-06-17,50.0,-98.5,360
2024-06-17,50.0,-98.0,360
2024-06-17,50.0,-97.5,180
2024-06-17,50.0,-97.0,540
2024-06-17,50.0,-96.5,90
2024-06-17,50.0,-93.5,180
2024-06-17,50.0,-90.5,360
2024-06-17,50.0,-90.0,360
2024-06-17,50.0,-89.5,450
2024-06-17,50.0,-89.0,630
2024-06-17,50.0,-88.5,1260
2024-06-17,50.0,-88.0,360
2024-06-17,50.0,-87.5,1980
2024-06-17,50.0,-87.0,90
2024-06-17,50.0,-86.5,90
2024-06-17,50.0,-78.5,90
2024-06-17,50.0,-77.0,270
2024-06-17,50.0,-76.5,360
2024-06-17,50.0,-76.0,450
2024-06-17,50.0,-75.5,630
2024-06-17,50.0,-75.0,540
2024-06-17,50.0,-74.5,630
2024-06-17,50.0,-74.0,360
2024-06-17,50.0,-73.5,90
2024-06-17,50.0,-73.0,450
2024-06-17,50.0,-72.5,270
2024-06-17,50.0,-72.0,360
2024-06-17,50.0,-71.5,90
2024-06-17,50.0,-71.0,180
2024-06-17,50.0,-70.5,90
2024-06-17,50.0,-69.5,450
2024-06-17,50.0,-69.0,450
2024-06-17,50.0,-67.0,1350
2024-06-17,50.5,-113.0,90
2024-06-17,50.5,-107.0,180
2024-06-17,50.5,-105.5,90
2024-06-17,50.5,-105.0,180
2024-06-17,50.5,-104.0,180
2024-06-17,50.5,-103.5,180
2024-06-17,50.5,-102.5,180
2024-06-17,50.5,-101.5,90
2024-06-17,50.5,-101.0,90
2024-06-17,50.5,-99.5,90
2024-06-17,50.5,-99.0,180
2024-06-17,50.5,-98.5,90
2024-06-17,50.5,-98.0,630
2024-06-17,50.5,-97.5,990
2024-06-17,50.5,-97.0,900
2024-06-17,50.5,-96.5,450
2024-06-17,50.5,-96.0,90
2024-06-17,50.5,-95.5,90
2024-06-17,50.5,-90.0,720
2024-06-17,50.5,-89.5,180
2024-06-17,50.5,-89.0,90
2024-06-17,50.5,-88.0,90
2024-06-17,50.5,-87.5,270
2024-06-17,50.5,-86.5,270
2024-06-17,50.5,-85.5,180
2024-06-17,50.5,-77.0,90
2024-06-17,50.5,-76.0,90
2024-06-17,50.5,-75.0,360
2024-06-17,50.5,-74.5,180
2024-06-17,50.5,-74.0,360
2024-06-17,50.5,-72.0,90
2024-06-17,50.5,-71.5,270
2024-06-17,50.5,-71.0,90
2024-06-17,50.5,-70.5,90
2024-06-17,50.5,-69.5,90
2024-06-17,50.5,-66.0,360
2024-06-17,51.0,-118.5,90
2024-06-17,51.0,-113.5,90
2024-06-17,51.0,-113.0,90
2024-06-17,51.0,-112.5,90
2024-06-17,51.0,-109.5,90
2024-06-17,51.0,-108.5,90
2024-06-17,51.0,-108.0,360
2024-06-17,51.0,-107.5,180
2024-06-17,51.0,-106.5,810
2024-06-17,51.0,-106.0,180
2024-06-17,51.0,-105.5,180
2024-06-17,51.0,-105.0,90
2024-06-17,51.0,-104.0,270
2024-06-17,51.0,-103.5,90
2024-06-17,51.0,-103.0,90
2024-06-17,51.0,-102.5,180
2024-06-17,51.0,-101.0,90
2024-06-17,51.0,-96.5,90
2024-06-17,51.0,-90.0,90
2024-06-17,51.0,-86.5,90
2024-06-17,51.0,-86.0,180
2024-06-17,51.0,-85.5,1080
2024-06-17,51.0,-85.0,180
2024-06-17,51.0,-84.5,270
2024-06-17,51.0,-83.5,180
2024-06-17,51.0,-83.0,180
2024-06-17,51.0,-76.5,90
2024-06-17,51.0,-76.0,180
2024-06-17,51.0,-75.5,270
2024-06-17,51.0,-74.5,180
2024-06-17,51.0,-74.0,810
2024-06-17,51.0,-73.5,270
2024-06-17,51.0,-73.0,270
2024-06-17,51.0,-72.5,180
2024-06-17,51.0,-71.0,90
2024-06-17,51.0,-69.5,90
2024-06-17,51.0,-68.5,90
2024-06-17,51.0,-68.0,90
2024-06-17,51.5,-114.5,90
2024-06-17,51.5,-114.0,270
2024-06-17,51.5,-113.5,90
2024-06-17,51.5,-113.0,360
2024-06-17,51.5,-112.5,360
2024-06-17,51.5,-112.0,180
2024-06-17,51.5,-111.0,90
2024-06-17,51.5,-109.0,90
2024-06-17,51.5,-108.0,360
2024-06-17,51.5,-107.5,360
2024-06-17,51.5,-105.0,90
2024-06-17,51.5,-103.5,270
2024-06-17,51.5,-94.5,180
2024-06-17,51.5,-85.0,450
2024-06-17,51.5,-84.5,90
2024-06-17,51.5,-84.0,180
2024-06-17,51.5,-83.5,180
2024-06-17,51.5,-83.0,180
2024-06-17,51.5,-82.5,1170
2024-06-17,51.5,-82.0,180
2024-06-17,51.5,-81.5,180
2024-06-17,51.5,-81.0,270
2024-06-17,51.5,-75.5,90
2024-06-17,51.5,-75.0,270
2024-06-17,51.5,-74.0,90
2024-06-17,51.5,-73.5,90
2024-06-17,51.5,-72.5,90
2024-06-17,51.5,-72.0,90
2024-06-17,51.5,-67.5,180
2024-06-17,51.5,-66.5,90
2024-06-17,52.0,-116.5,90
2024-06-17,52.0,-113.5,90
2024-06-17,52.0,-112.0,90
2024-06-17,52.0,-111.5,180
2024-06-17,52.0,-111.0,90
2024-06-17,52.0,-109.5,90
2024-06-17,52.0,-109.0,90
2024-06-17,52.0,-108.5,90
2024-06-17,52.0,-107.5,270
2024-06-17,52.0,-107.0,270
2024-06-17,52.0,-106.5,90
2024-06-17,52.0,-106.0,90
2024-06-17,52.0,-105.5,90
2024-06-17,52.0,-105.0,270
2024-06-17,52.0,-103.0,90
2024-06-17,52.0,-96.0,540
2024-06-17,52.0,-95.5,270
2024-06-17,52.0,-95.0,180
2024-06-17,52.0,-85.0,90
2024-06-17,52.0,-84.0,90
2024-06-17,52.0,-83.0,90
2024-06-17,52.0,-82.5,270
2024-06-17,52.0,-82.0,450
2024-06-17,52.0,-81.0,180
2024-06-17,52.0,-80.5,270
2024-06-17,52.0,-76.0,90
2024-06-17,52.0,-75.0,180
2024-06-17,52.0,-74.5,90
2024-06-17,52.0,-73.5,90
2024-06-17,52.0,-72.5,270
2024-06-17,52.0,-71.5,90
2024-06-17,52.5,-115.0,90
2024-06-17,52.5,-114.5,90
2024-06-17,52.5,-111.5,90
2024-06-17,52.5,-107.5,90
2024-06-17,52.5,-106.5,180
2024-06-17,52.5,-105.5,90
2024-06-17,52.5,-104.0,90
2024-06-17,52.5,-82.5,180
2024-06-17,52.5,-81.5,270
2024-06-17,52.5,-81.0,270
2024-06-17,52.5,-80.5,450
2024-06-17,52.5,-79.5,90
2024-06-17,52.5,-79.0,270
2024-06-17,52.5,-78.5,90
2024-06-17,52.5,-75.0,90
2024-06-17,52.5,-72.0,270
2024-06-17,53.0,-116.5,90
2024-06-17,53.0,-116.0,90
2024-06-17,53.0,-115.5,90
2024-06-17,53.0,-110.5,90
2024-06-17,53.0,-109.5,90
2024-06-17,53.0,-108.5,90
2024-06-17,53.0,-108.0,180
2024-06-17,53.0,-105.5,90
2024-06-17,53.0,-105.0,90
2024-06-17,53.0,-104.5,90
2024-06-17,53.0,-81.0,180
2024-06-17,53.0,-80.5,90
2024-06-17,53.0,-80.0,720
2024-06-17,53.0,-79.5,450
2024-06-17,53.0,-79.0,270
2024-06-17,53.0,-78.5,540
2024-06-17,53.0,-78.0,90
2024-06-17,53.0,-77.5,270
2024-06-17,53.0,-77.0,180
2024-06-17,53.0,-75.5,180
2024-06-17,53.0,-75.0,90
2024-06-17,53.0,-74.5,270
2024-06-17,53.0,-74.0,180
2024-06-17,53.0,-73.0,180
2024-06-17,53.0,-72.5,180
2024-06-17,53.0,-72.0,270
2024-06-17,53.0,-71.5,90
2024-06-17,53.0,-66.5,90
2024-06-17,53.5,-110.0,90
2024-06-17,53.5,-104.0,90
2024-06-17,53.5,-83.0,90
2024-06-17,53.5,-79.5,180
2024-06-17,53.5,-79.0,90
2024-06-17,53.5,-78.5,360
2024-06-17,53.5,-78.0,360
2024-06-17,53.5,-77.5,90
2024-06-17,53.5,-77.0,180
2024-06-17,53.5,-76.5,450
2024-06-17,53.5,-76.0,180
2024-06-17,53.5,-75.5,270
2024-06-17,53.5,-75.0,180
2024-06-17,53.5,-72.5,90
2024-06-17,53.5,-72.0,180
2024-06-17,53.5,-71.0,90
2024-06-17,54.0,-115.0,270
2024-06-17,54.0,-111.0,90
2024-06-17,54.0,-81.0,180
2024-06-17,54.0,-76.0,90
2024-06-17,54.0,-75.0,180
2024-06-17,54.0,-74.5,180
2024-06-17,54.0,-73.5,90
2024-06-17,54.0,-73.0,90
2024-06-17,54.0,-72.0,90
2024-06-17,54.0,-69.5,90
2024-06-17,54.0,-67.5,90
2024-06-17,54.5,-115.0,270
2024-06-17,54.5,-114.5,180
2024-06-17,54.5,-113.0,90
2024-06-17,54.5,-111.5,90
2024-06-17,54.5,-109.5,90
2024-06-17,54.5,-93.0,90
2024-06-17,54.5,-90.5,90
2024-06-17,54.5,-86.0,90
2024-06-17,54.5,-66.5,90
2024-06-24,20.0,-105.0,1080
2024-06-24,20.0,-104.5,1620
2024-06-24,20.0,-104.0,2160
2024-06-24,20.0,-103.5,1440
2024-06-24,20.0,-103.0,2880
2024-06-24,20.0,-102.5,3510
2024-06-24,20.0,-102.0,1890
2024-06-24,20.0,-101.5,1800
2024-06-24,20.0,-101.0,2250
2024-06-24,20.0,-100.5,3870
2024-06-24,20.0,-100.0,2520
2024-06-24,20.0,-99.5,1260
2024-06-24,20.0,-99.0,1260
2024-06-24,20.0,-98.5,2160
2024-06-24,20.0,-98.0,7470
2024-06-24,20.0,-97.5,3600
2024-06-24,20.0,-97.0,1260
2024-06-24,20.0,-96.5,90
2024-06-24,20.0,-96.0,270
2024-06-24,20.0,-95.5,180
2024-06-24,20.0,-95.0,810
2024-06-24,20.0,-94.5,1350
2024-06-24,20.0,-93.0,180
2024-06-24,20.0,-92.5,90
2024-06-24,20.0,-91.5,180
2024-06-24,20.0,-91.0,270
2024-06-24,20.0,-90.5,1800
2024-06-24,20.0,-90.0,540
2024-06-24,20.0,-89.5,540
2024-06-24,20.0,-89.0,900
2024-06-24,20.0,-88.5,180
2024-06-24,20.0,-87.5,90
2024-06-24,20.0,-85.5,90
2024-06-24,20.0,-84.5,90
2024-06-24,20.0,-84.0,90
2024-06-24,20.0,-83.0,90
2024-06-24,20.0,-82.5,90
2024-06-24,20.0,-82.0,90
2024-06-24,20.0,-81.0,90
2024-06-24,20.0,-79.5,90
2024-06-24,20.0,-79.0,1710
2024-06-24,20.0,-78.5,4770
2024-06-24,20.0,-78.0,2430
2024-06-24,20.0,-77.5,10620
2024-06-24,20.0,-77.0,11250
2024-06-24,20.0,-76.5,5040
2024-06-24,20.0,-76.0,4410
2024-06-24,20.0,-75.5,5670
2024-06-24,20.0,-75.0,2700
2024-06-24,20.0,-73.0,270
2024-06-24,20.0,-72.5,360
2024-06-24,20.0,-71.5,270
2024-06-24,20.0,-70.5,90
2024-06-24,20.0,-69.5,540
2024-06-24,20.0,-69.0,630
2024-06-24,20.0,-66.5,90
2024-06-24,20.0,-66.0,450
2024-06-24,20.5,-105.0,360
2024-06-24,20.5,-104.5,3420
2024-06-24,20.5,-104.0,1980
2024-06-24,20.5,-103.5,2160
2024-06-24,20.5,-103.0,2340
2024-06-24,20.5,-102.5,3420
2024-06-24,20.5,-102.0,2520
2024-06-24,20.5,-101.5,3870
2024-06-24,20.5,-101.0,3600
2024-06-24,20.5,-100.5,2430
2024-06-24,20.5,-100.0,540
2024-06-24,20.5,-99.5,720
2024-06-24,20.5,-99.0,1890
2024-06-24,20.5,-98.5,8640
2024-06-24,20.5,-98.0,2430
2024-06-24,20.5,-97.5,990
2024-06-24,20.5,-97.0,540
2024-06-24,20.5,-96.0,270
2024-06-24,20.5,-95.5,990
2024-06-24,20.5,-95.0,900
2024-06-24,20.5,-94.5,90
2024-06-24,20.5,-93.5,90
2024-06-24,20.5,-92.5,90
2024-06-24,20.5,-91.0,360
2024-06-24,20.5,-90.5,990
2024-06-24,20.5,-90.0,810
2024-06-24,20.5,-89.5,810
2024-06-24,20.5,-89.0,540
2024-06-24,20.5,-88.5,270
2024-06-24,20.5,-88.0,270
2024-06-24,20.5,-87.5,180
2024-06-24,20.5,-84.5,90
2024-06-24,20.5,-83.0,180
2024-06-24,20.5,-82.0,180
2024-06-24,20.5,-81.0,90
2024-06-24,20.5,-80.0,90
2024-06-24,20.5,-79.5,540
2024-06-24,20.5,-79.0,2070
2024-06-24,20.5,-78.5,3420
2024-06-24,20.5,-78.0,8010
2024-06-24,20.5,-77.5,7920
2024-06-24,20.5,-77.0,13140
2024-06-24,20.5,-76.5,9990
2024-06-24,20.5,-76.0,4770
2024-06-24,20.5,-75.5,6120
2024-06-24,20.5,-75.0,630
2024-06-24,20.5,-73.0,270
2024-06-24,20.5,-72.5,90
2024-06-24,20.5,-70.5,180
2024-06-24,20.5,-69.5,270
2024-06-24,20.5,-67.5,90
2024-06-24,20.5,-66.5,180
2024-06-24,20.5,-66.0,270
2024-06-24,21.0,-105.0,630
2024-06-24,21.0,-104.5,1710
2024-06-24,21.0,-104.0,1620
2024-06-24,21.0,-103.5,1170
2024-06-24,21.0,-103.0,2430
2024-06-24,21.0,-102.5,2700
2024-06-24,21.0,-102.0,1530
2024-06-24,21.0,-101.5,2250
2024-06-24,21.0,-101.0,1260
2024-06-24,21.0,-100.5,1530
2024-06-24,21.0,-100.0,810
2024-06-24,21.0,-99.5,2070
2024-06-24,21.0,-99.0,5130
2024-06-24,21.0,-98.5,2880
2024-06-24,21.0,-98.0,450
2024-06-24,21.0,-97.5,1170
2024-06-24,21.0,-97.0,1620
2024-06-24,21.0,-95.5,270
2024-06-24,21.0,-95.0,360
2024-06-24,21.0,-94.5,360
2024-06-24,21.0,-94.0,90
2024-06-24,21.0,-92.5,90
2024-06-24,21.0,-91.5,180
2024-06-24,21.0,-91.0,90
2024-06-24,21.0,-90.5,180
2024-06-24,21.0,-90.0,810
2024-06-24,21.0,-89.5,1080
2024-06-24,21.0,-89.0,1350
2024-06-24,21.0,-88.5,810
2024-06-24,21.0,-88.0,540
2024-06-24,21.0,-87.5,270
2024-06-24,21.0,-86.0,90
2024-06-24,21.0,-85.5,90
2024-06-24,21.0,-85.0,90
2024-06-24,21.0,-84.0,180
2024-06-24,21.0,-82.5,270
2024-06-24,21.0,-82.0,180
2024-06-24,21.0,-81.5,90
2024-06-24,21.0,-81.0,90
2024-06-24,21.0,-80.0,90
2024-06-24,21.0,-79.5,3150
2024-06-24,21.0,-79.0,6120
2024-06-24,21.0,-78.5,11790
2024-06-24,21.0,-78.0,4140
2024-06-24,21.0,-77.5,3600
2024-06-24,21.0,-77.0,3420
2024-06-24,21.0,-76.5,3510
2024-06-24,21.0,-76.0,1980
2024-06-24,21.0,-75.5,1620
2024-06-24,21.0,-75.0,1530
2024-06-24,21.0,-74.5,450
2024-06-24,21.0,-74.0,1260
2024-06-24,21.0,-73.5,180
2024-06-24,21.0,-73.0,180
2024-06-24,21.0,-72.5,270
2024-06-24,21.0,-70.5,90
2024-06-24,21.0,-69.5,90
2024-06-24,21.0,-67.5,180
2024-06-24,21.0,-67.0,270
2024-06-24,21.0,-66.5,90
2024-06-24,21.0,-66.0,270
2024-06-24,21.5,-105.5,180
2024-06-24,21.5,-105.0,900
2024-06-24,21.5,-104.5,2520
2024-06-24,21.5,-104.0,1710
2024-06-24,21.5,-103.5,2160
2024-06-24,21.5,-103.0,3690
2024-06-24,21.5,-102.5,1260
2024-06-24,21.5,-102.0,270
2024-06-24,21.5,-101.5,630
2024-06-24,21.5,-101.0,180
2024-06-24,21.5,-100.5,270
2024-06-24,21.5,-100.0,1530
2024-06-24,21.5,-99.5,4500
2024-06-24,21.5,-99.0,1890
2024-06-24,21.5,-98.5,360
2024-06-24,21.5,-98.0,450
2024-06-24,21.5,-97.5,1530
2024-06-24,21.5,-97.0,180
2024-06-24,21.5,-96.5,90
2024-06-24,21.5,-96.0,180
2024-06-24,21.5,-95.0,180
2024-06-24,21.5,-93.0,90
2024-06-24,21.5,-91.5,180
2024-06-24,21.5,-90.0,90
2024-06-24,21.5,-86.5,180
2024-06-24,21.5,-86.0,270
2024-06-24,21.5,-85.5,270
2024-06-24,21.5,-85.0,90
2024-06-24,21.5,-83.5,720
2024-06-24,21.5,-83.0,1710
2024-06-24,21.5,-82.5,180
2024-06-24,21.5,-82.0,90
2024-06-24,21.5,-80.5,360
2024-06-24,21.5,-80.0,3060
2024-06-24,21.5,-79.5,6750
2024-06-24,21.5,-79.0,2340
2024-06-24,21.5,-78.5,4950
2024-06-24,21.5,-78.0,3600
2024-06-24,21.5,-77.5,2250
2024-06-24,21.5,-77.0,90
2024-06-24,21.5,-76.5,180
2024-06-24,21.5,-76.0,1890
2024-06-24,21.5,-75.5,1980
2024-06-24,21.5,-75.0,630
2024-06-24,21.5,-74.5,720
2024-06-24,21.5,-74.0,90
2024-06-24,21.5,-73.5,540
2024-06-24,21.5,-73.0,720
2024-06-24,21.5,-72.5,180
2024-06-24,21.5,-71.5,90
2024-06-24,21.5,-70.0,90
2024-06-24,21.5,-69.0,90
2024-06-24,21.5,-68.0,90
2024-06-24,21.5,-67.0,180
2024-06-24,22.0,-105.5,90
2024-06-24,22.0,-105.0,1530
2024-06-24,22.0,-104.5,2790
2024-06-24,22.0,-104.0,2520
2024-06-24,22.0,-103.5,3510
2024-06-24,22.0,-103.0,1350
2024-06-24,22.0,-102.5,1170
2024-06-24,22.0,-102.0,270
2024-06-24,22.0,-101.5,270
2024-06-24,22.0,-101.0,270
2024-06-24,22.0,-100.5,360
2024-06-24,22.0,-100.0,900
2024-06-24,22.0,-99.5,7200
2024-06-24,22.0,-99.0,900
2024-06-24,22.0,-98.5,900
2024-06-24,22.0,-98.0,1890
2024-06-24,22.0,-97.5,3870
2024-06-24,22.0,-97.0,270
2024-06-24,22.0,-96.5,90
2024-06-24,22.0,-95.0,270
2024-06-24,22.0,-93.5,90
2024-06-24,22.0,-87.0,360
2024-06-24,22.0,-86.5,540
2024-06-24,22.0,-85.0,270
2024-06-24,22.0,-84.5,1800
2024-06-24,22.0,-84.0,1620
2024-06-24,22.0,-83.5,270
2024-06-24,22.0,-83.0,90
2024-06-24,22.0,-82.5,270
2024-06-24,22.0,-82.0,900
2024-06-24,22.0,-81.5,1440
2024-06-24,22.0,-81.0,2520
2024-06-24,22.0,-80.5,4680
2024-06-24,22.0,-80.0,6570
2024-06-24,22.0,-79.5,5580
2024-06-24,22.0,-79.0,3600
2024-06-24,22.0,-78.5,2160
2024-06-24,22.0,-78.0,2430
2024-06-24,22.0,-77.5,360
2024-06-24,22.0,-77.0,1080
2024-06-24,22.0,-76.5,630
2024-06-24,22.0,-76.0,3420
2024-06-24,22.0,-75.5,360
2024-06-24,22.0,-75.0,2430
2024-06-24,22.0,-74.5,1170
2024-06-24,22.0,-74.0,180
2024-06-24,22.0,-73.5,990
2024-06-24,22.0,-73.0,630
2024-06-24,22.0,-71.0,180
2024-06-24,22.0,-70.5,90
2024-06-24,22.0,-69.5,180
2024-06-24,22.0,-69.0,270
2024-06-24,22.0,-68.5,90
2024-06-24,22.0,-68.0,270
2024-06-24,22.0,-67.5,180
2024-06-24,22.0,-66.5,90
2024-06-24,22.5,-128.5,720
2024-06-24,22.5,-128.0,990
2024-06-24,22.5,-107.0,180
2024-06-24,22.5,-105.5,450
2024-06-24,22.5,-105.0,3600
2024-06-24,22.5,-104.5,1260
2024-06-24,22.5,-104.0,2250
2024-06-24,22.5,-103.5,2700
2024-06-24,22.5,-103.0,2340
2024-06-24,22.5,-102.5,1710
2024-06-24,22.5,-102.0,180
2024-06-24,22.5,-101.5,180
2024-06-24,22.5,-101.0,270
2024-06-24,22.5,-100.5,450
2024-06-24,22.5,-100.0,3600
2024-06-24,22.5,-99.5,6210
2024-06-24,22.5,-99.0,2430
2024-06-24,22.5,-98.5,1080
2024-06-24,22.5,-98.0,810
2024-06-24,22.5,-97.5,540
2024-06-24,22.5,-97.0,180
2024-06-24,22.5,-96.0,90
2024-06-24,22.5,-95.5,180
2024-06-24,22.5,-95.0,810
2024-06-24,22.5,-88.5,90
2024-06-24,22.5,-88.0,90
2024-06-24,22.5,-87.0,450
2024-06-24,22.5,-86.5,90
2024-06-24,22.5,-86.0,180
2024-06-24,22.5,-85.5,180
2024-06-24,22.5,-85.0,90
2024-06-24,22.5,-84.5,270
2024-06-24,22.5,-84.0,2070
2024-06-24,22.5,-83.5,3330
2024-06-24,22.5,-83.0,4500
2024-06-24,22.5,-82.5,7740
2024-06-24,22.5,-82.0,7740
2024-06-24,22.5,-81.5,6570
2024-06-24,22.5,-81.0,4590
2024-06-24,22.5,-80.5,5490
2024-06-24,22.5,-80.0,4410
2024-06-24,22.5,-79.5,630
2024-06-24,22.5,-79.0,360
2024-06-24,22.5,-78.5,180
2024-06-24,22.5,-78.0,540
2024-06-24,22.5,-77.5,360
2024-06-24,22.5,-77.0,1710
2024-06-24,22.5,-76.5,630
2024-06-24,22.5,-76.0,540
2024-06-24,22.5,-75.5,360
2024-06-24,22.5,-75.0,360
2024-06-24,22.5,-74.5,1350
2024-06-24,22.5,-74.0,90
2024-06-24,22.5,-73.5,360
2024-06-24,22.5,-73.0,2610
2024-06-24,22.5,-70.0,90
2024-06-24,22.5,-68.0,90
2024-06-24,23.0,-128.0,2430
2024-06-24,23.0,-109.5,90
2024-06-24,23.0,-108.5,90
2024-06-24,23.0,-106.5,90
2024-06-24,23.0,-106.0,810
2024-06-24,23.0,-105.5,2070
2024-06-24,23.0,-105.0,3600
2024-06-24,23.0,-104.5,2430
2024-06-24,23.0,-104.0,810
2024-06-24,23.0,-103.5,2430
2024-06-24,23.0,-103.0,2880
2024-06-24,23.0,-102.5,1530
2024-06-24,23.0,-102.0,540
2024-06-24,23.0,-101.5,360
2024-06-24,23.0,-101.0,360
2024-06-24,23.0,-100.5,990
2024-06-24,23.0,-100.0,1080
2024-06-24,23.0,-99.5,4410
2024-06-24,23.0,-99.0,1800
2024-06-24,23.0,-98.5,1530
2024-06-24,23.0,-98.0,450
2024-06-24,23.0,-95.0,90
2024-06-24,23.0,-87.5,90
2024-06-24,23.0,-86.0,270
2024-06-24,23.0,-85.0,180
2024-06-24,23.0,-84.5,90
2024-06-24,23.0,-84.0,270
2024-06-24,23.0,-83.5,540
2024-06-24,23.0,-83.0,1620
2024-06-24,23.0,-82.5,2250
2024-06-24,23.0,-82.0,1260
2024-06-24,23.0,-81.5,1170
2024-06-24,23.0,-81.0,540
2024-06-24,23.0,-80.5,90
2024-06-24,23.0,-80.0,360
2024-06-24,23.0,-79.5,90
2024-06-24,23.0,-78.5,180
2024-06-24,23.0,-78.0,540
2024-06-24,23.0,-77.5,540
2024-06-24,23.0,-77.0,180
2024-06-24,23.0,-76.5,1350
2024-06-24,23.0,-76.0,1890
2024-06-24,23.0,-75.5,1080
2024-06-24,23.0,-74.5,270
2024-06-24,23.0,-74.0,720
2024-06-24,23.0,-73.5,1170
2024-06-24,23.0,-73.0,1440
2024-06-24,23.0,-72.0,90
2024-06-24,23.0,-71.0,180
2024-06-24,23.0,-70.5,90
2024-06-24,23.0,-70.0,270
2024-06-24,23.0,-68.5,90
2024-06-24,23.0,-68.0,90
2024-06-24,23.0,-66.5,90
2024-06-24,23.5,-128.5,270
2024-06-24,23.5,-107.0,180
2024-06-24,23.5,-106.5,360
2024-06-24,23.5,-106.0,3510
2024-06-24,23.5,-105.5,5310
2024-06-24,23.5,-105.0,2610
2024-06-24,23.5,-104.5,1080
2024-06-24,23.5,-104.0,1800
2024-06-24,23.5,-103.5,1710
2024-06-24,23.5,-103.0,3780
2024-06-24,23.5,-102.5,900
2024-06-24,23.5,-102.0,990
2024-06-24,23.5,-101.5,720
2024-06-24,23.5,-101.0,450
2024-06-24,23.5,-100.5,180
2024-06-24,23.5,-100.0,270
2024-06-24,23.5,-99.5,3420
2024-06-24,23.5,-99.0,1620
2024-06-24,23.5,-98.5,180
2024-06-24,23.5,-98.0,90
2024-06-24,23.5,-95.0,90
2024-06-24,23.5,-93.0,90
2024-06-24,23.5,-85.5,90
2024-06-24,23.5,-85.0,180
2024-06-24,23.5,-83.0,180
2024-06-24,23.5,-82.5,90
2024-06-24,23.5,-81.5,180
2024-06-24,23.5,-81.0,270
2024-06-24,23.5,-78.5,180
2024-06-24,23.5,-78.0,1350
2024-06-24,23.5,-77.0,90
2024-06-24,23.5,-76.5,1530
2024-06-24,23.5,-76.0,810
2024-06-24,23.5,-75.5,1170
2024-06-24,23.5,-75.0,270
2024-06-24,23.5,-74.5,90
2024-06-24,23.5,-74.0,540
2024-06-24,23.5,-73.5,1170
2024-06-24,23.5,-73.0,180
2024-06-24,23.5,-72.5,180
2024-06-24,23.5,-72.0,90
2024-06-24,23.5,-71.5,270
2024-06-24,23.5,-71.0,180
2024-06-24,23.5,-70.0,450
2024-06-24,23.5,-69.5,180
2024-06-24,23.5,-66.5,180
2024-06-24,23.5,-65.5,90
2024-06-24,24.0,-111.0,90
2024-06-24,24.0,-107.0,540
2024-06-24,24.0,-106.5,2160
2024-06-24,24.0,-106.0,2340
2024-06-24,24.0,-105.5,2250
2024-06-24,24.0,-105.0,1620
2024-06-24,24.0,-104.5,1530
2024-06-24,24.0,-104.0,810
2024-06-24,24.0,-103.5,630
2024-06-24,24.0,-103.0,180
2024-06-24,24.0,-102.5,720
2024-06-24,24.0,-102.0,450
2024-06-24,24.0,-101.5,630
2024-06-24,24.0,-101.0,540
2024-06-24,24.0,-100.5,180
2024-06-24,24.0,-100.0,810
2024-06-24,24.0,-99.5,1350
2024-06-24,24.0,-99.0,900
2024-06-24,24.0,-96.5,180
2024-06-24,24.0,-96.0,90
2024-06-24,24.0,-91.5,90
2024-06-24,24.0,-89.5,90
2024-06-24,24.0,-88.5,90
2024-06-24,24.0,-83.0,360
2024-06-24,24.0,-82.5,90
2024-06-24,24.0,-82.0,90
2024-06-24,24.0,-81.5,180
2024-06-24,24.0,-79.5,360
2024-06-24,24.0,-79.0,180
2024-06-24,24.0,-78.5,270
2024-06-24,24.0,-78.0,1620
2024-06-24,24.0,-77.5,360
2024-06-24,24.0,-77.0,990
2024-06-24,24.0,-76.5,1350
2024-06-24,24.0,-76.0,270
2024-06-24,24.0,-75.5,450
2024-06-24,24.0,-75.0,900
2024-06-24,24.0,-74.5,3870
2024-06-24,24.0,-74.0,630
2024-06-24,24.0,-73.5,900
2024-06-24,24.0,-73.0,720
2024-06-24,24.0,-72.5,360
2024-06-24,24.0,-72.0,1800
2024-06-24,24.0,-71.5,810
2024-06-24,24.0,-71.0,450
2024-06-24,24.0,-70.0,90
2024-06-24,24.0,-69.5,360
2024-06-24,24.0,-69.0,450
2024-06-24,24.0,-67.0,90
2024-06-24,24.5,-111.5,270
2024-06-24,24.5,-111.0,90
2024-06-24,24.5,-107.5,360
2024-06-24,24.5,-107.0,630
2024-06-24,24.5,-106.5,1350
2024-06-24,24.5,-106.0,2250
2024-06-24,24.5,-105.5,1980
2024-06-24,24.5,-105.0,360
2024-06-24,24.5,-104.5,1440
2024-06-24,24.5,-104.0,360
2024-06-24,24.5,-103.5,180
2024-06-24,24.5,-103.0,270
2024-06-24,24.5,-102.5,990
2024-06-24,24.5,-102.0,1350
2024-06-24,24.5,-101.5,450
2024-06-24,24.5,-101.0,270
2024-06-24,24.5,-100.5,450
2024-06-24,24.5,-100.0,990
2024-06-24,24.5,-99.5,810
2024-06-24,24.5,-99.0,630
2024-06-24,24.5,-98.5,720
2024-06-24,24.5,-98.0,360
2024-06-24,24.5,-97.5,180
2024-06-24,24.5,-96.5,450
2024-06-24,24.5,-94.5,90
2024-06-24,24.5,-94.0,180
2024-06-24,24.5,-83.5,540
2024-06-24,24.5,-83.0,1170
2024-06-24,24.5,-82.5,90
2024-06-24,24.5,-82.0,540
2024-06-24,24.5,-81.5,2340
2024-06-24,24.5,-80.5,90
2024-06-24,24.5,-80.0,450
2024-06-24,24.5,-79.5,90
2024-06-24,24.5,-79.0,1170
2024-06-24,24.5,-78.5,2520
2024-06-24,24.5,-78.0,2700
2024-06-24,24.5,-77.5,90
2024-06-24,24.5,-76.5,1440
2024-06-24,24.5,-76.0,630
2024-06-24,24.5,-75.5,360
2024-06-24,24.5,-75.0,810
2024-06-24,24.5,-74.5,1170
2024-06-24,24.5,-74.0,3600
2024-06-24,24.5,-73.5,4590
2024-06-24,24.5,-73.0,1980
2024-06-24,24.5,-72.5,630
2024-06-24,24.5,-72.0,900
2024-06-24,24.5,-71.5,270
2024-06-24,24.5,-71.0,180
2024-06-24,24.5,-70.0,90
2024-06-24,24.5,-69.5,450
2024-06-24,24.5,-69.0,360
2024-06-24,24.5,-68.5,180
2024-06-24,24.5,-68.0,90
2024-06-24,25.0,-128.5,90
2024-06-24,25.0,-111.0,180
2024-06-24,25.0,-107.5,90
2024-06-24,25.0,-107.0,1170
2024-06-24,25.0,-106.5,2160
2024-06-24,25.0,-106.0,1170
2024-06-24,25.0,-105.5,2340
2024-06-24,25.0,-105.0,1440
2024-06-24,25.0,-104.5,270
2024-06-24,25.0,-104.0,270
2024-06-24,25.0,-103.5,180
2024-06-24,25.0,-103.0,540
2024-06-24,25.0,-102.5,540
2024-06-24,25.0,-102.0,630
2024-06-24,25.0,-101.5,1800
2024-06-24,25.0,-101.0,810
2024-06-24,25.0,-100.5,720
2024-06-24,25.0,-100.0,720
2024-06-24,25.0,-99.5,990
2024-06-24,25.0,-98.5,810
2024-06-24,25.0,-92.5,90
2024-06-24,25.0,-84.5,90
2024-06-24,25.0,-83.5,90
2024-06-24,25.0,-83.0,180
2024-06-24,25.0,-82.0,180
2024-06-24,25.0,-81.5,630
2024-06-24,25.0,-81.0,180
2024-06-24,25.0,-80.5,1350
2024-06-24,25.0,-80.0,630
2024-06-24,25.0,-79.5,450
2024-06-24,25.0,-79.0,180
2024-06-24,25.0,-78.5,360
2024-06-24,25.0,-78.0,720
2024-06-24,25.0,-77.5,360
2024-06-24,25.0,-77.0,270
2024-06-24,25.0,-76.5,810
2024-06-24,25.0,-76.0,90
2024-06-24,25.0,-75.5,360
2024-06-24,25.0,-75.0,1170
2024-06-24,25.0,-74.5,360
2024-06-24,25.0,-74.0,270
2024-06-24,25.0,-73.5,990
2024-06-24,25.0,-73.0,1800
2024-06-24,25.0,-72.5,2520
2024-06-24,25.0,-72.0,810
2024-06-24,25.0,-71.5,1080
2024-06-24,25.0,-71.0,1080
2024-06-24,25.0,-70.5,900
2024-06-24,25.0,-70.0,810
2024-06-24,25.0,-69.5,630
2024-06-24,25.0,-69.0,1350
2024-06-24,25.0,-68.5,450
2024-06-24,25.5,-127.5,1620
2024-06-24,25.5,-112.0,270
2024-06-24,25.5,-111.5,90
2024-06-24,25.5,-111.0,180
2024-06-24,25.5,-108.0,180
2024-06-24,25.5,-107.5,450
2024-06-24,25.5,-107.0,2070
2024-06-24,25.5,-106.5,3060
2024-06-24,25.5,-106.0,540
2024-06-24,25.5,-105.5,2970
2024-06-24,25.5,-105.0,1170
2024-06-24,25.5,-104.5,360
2024-06-24,25.5,-104.0,810
2024-06-24,25.5,-102.5,180
2024-06-24,25.5,-102.0,900
2024-06-24,25.5,-101.5,90
2024-06-24,25.5,-101.0,270
2024-06-24,25.5,-100.5,900
2024-06-24,25.5,-100.0,990
2024-06-24,25.5,-99.5,180
2024-06-24,25.5,-99.0,990
2024-06-24,25.5,-98.5,180
2024-06-24,25.5,-86.5,90
2024-06-24,25.5,-86.0,90
2024-06-24,25.5,-83.0,720
2024-06-24,25.5,-82.5,630
2024-06-24,25.5,-82.0,1260
2024-06-24,25.5,-81.5,2970
2024-06-24,25.5,-81.0,2250
2024-06-24,25.5,-80.5,5310
2024-06-24,25.5,-80.0,540
2024-06-24,25.5,-79.5,450
2024-06-24,25.5,-79.0,90
2024-06-24,25.5,-78.5,270
2024-06-24,25.5,-78.0,540
2024-06-24,25.5,-77.5,450
2024-06-24,25.5,-77.0,270
2024-06-24,25.5,-76.5,1170
2024-06-24,25.5,-75.5,90
2024-06-24,25.5,-75.0,360
2024-06-24,25.5,-74.5,540
2024-06-24,25.5,-74.0,270
2024-06-24,25.5,-73.5,360
2024-06-24,25.5,-73.0,270
2024-06-24,25.5,-72.5,1170
2024-06-24,25.5,-72.0,1440
2024-06-24,25.5,-71.5,1080
2024-06-24,25.5,-71.0,2160
2024-06-24,25.5,-70.5,1170
2024-06-24,25.5,-70.0,990
2024-06-24,25.5,-69.5,990
2024-06-24,25.5,-69.0,540
2024-06-24,25.5,-68.5,450
2024-06-24,25.5,-67.5,180
2024-06-24,26.0,-109.0,180
2024-06-24,26.0,-108.5,540
2024-06-24,26.0,-108.0,1800
2024-06-24,26.0,-107.5,5130
2024-06-24,26.0,-107.0,8910
2024-06-24,26.0,-106.5,1620
2024-06-24,26.0,-106.0,2700
2024-06-24,26.0,-105.5,810
2024-06-24,26.0,-105.0,450
2024-06-24,26.0,-104.5,540
2024-06-24,26.0,-104.0,630
2024-06-24,26.0,-103.5,270
2024-06-24,26.0,-103.0,180
2024-06-24,26.0,-102.5,720
2024-06-24,26.0,-102.0,720
2024-06-24,26.0,-101.5,270
2024-06-24,26.0,-100.5,90
2024-06-24,26.0,-100.0,630
2024-06-24,26.0,-99.5,180
2024-06-24,26.0,-99.0,180
2024-06-24,26.0,-95.0,90
2024-06-24,26.0,-83.5,360
2024-06-24,26.0,-83.0,180
2024-06-24,26.0,-82.5,1710
2024-06-24,26.0,-82.0,4950
2024-06-24,26.0,-81.5,2520
2024-06-24,26.0,-81.0,4320
2024-06-24,26.0,-80.5,4860
2024-06-24,26.0,-80.0,540
2024-06-24,26.0,-79.5,90
2024-06-24,26.0,-79.0,540
2024-06-24,26.0,-78.5,900
2024-06-24,26.0,-78.0,1350
2024-06-24,26.0,-77.5,900
2024-06-24,26.0,-77.0,630
2024-06-24,26.0,-76.5,90
2024-06-24,26.0,-76.0,90
2024-06-24,26.0,-74.5,900
2024-06-24,26.0,-74.0,630
2024-06-24,26.0,-73.5,450
2024-06-24,26.0,-73.0,270
2024-06-24,26.0,-72.5,270
2024-06-24,26.0,-72.0,990
2024-06-24,26.0,-71.5,1710
2024-06-24,26.0,-71.0,540
2024-06-24,26.0,-70.5,3420
2024-06-24,26.0,-70.0,3870
2024-06-24,26.0,-69.5,540
2024-06-24,26.0,-69.0,180
2024-06-24,26.0,-67.5,180
2024-06-24,26.0,-66.5,270
2024-06-24,26.5,-109.5,90
2024-06-24,26.5,-109.0,540
2024-06-24,26.5,-108.5,540
2024-06-24,26.5,-108.0,3510
2024-06-24,26.5,-107.5,4770
2024-06-24,26.5,-107.0,3510
2024-06-24,26.5,-106.5,3510
2024-06-24,26.5,-106.0,3690
2024-06-24,26.5,-105.5,720
2024-06-24,26.5,-105.0,1800
2024-06-24,26.5,-104.5,3060
2024-06-24,26.5,-104.0,360
2024-06-24,26.5,-103.5,90
2024-06-24,26.5,-103.0,180
2024-06-24,26.5,-102.0,720
2024-06-24,26.5,-101.5,450
2024-06-24,26.5,-101.0,180
2024-06-24,26.5,-100.5,180
2024-06-24,26.5,-100.0,1170
2024-06-24,26.5,-99.5,180
2024-06-24,26.5,-99.0,90
2024-06-24,26.5,-98.5,180
2024-06-24,26.5,-93.0,90
2024-06-24,26.5,-91.0,720
2024-06-24,26.5,-89.0,90
2024-06-24,26.5,-88.5,720
2024-06-24,26.5,-88.0,630
2024-06-24,26.5,-87.5,720
2024-06-24,26.5,-87.0,90
2024-06-24,26.5,-83.0,90
2024-06-24,26.5,-82.5,2340
2024-06-24,26.5,-82.0,3690
2024-06-24,26.5,-81.5,5310
2024-06-24,26.5,-81.0,4050
2024-06-24,26.5,-80.5,3960
2024-06-24,26.5,-80.0,450
2024-06-24,26.5,-79.5,900
2024-06-24,26.5,-79.0,990
2024-06-24,26.5,-78.5,2520
2024-06-24,26.5,-78.0,1260
2024-06-24,26.5,-77.5,1260
2024-06-24,26.5,-77.0,990
2024-06-24,26.5,-76.0,90
2024-06-24,26.5,-74.0,180
2024-06-24,26.5,-73.0,90
2024-06-24,26.5,-72.5,540
2024-06-24,26.5,-72.0,630
2024-06-24,26.5,-71.5,1350
2024-06-24,26.5,-71.0,900
2024-06-24,26.5,-70.5,360
2024-06-24,26.5,-70.0,900
2024-06-24,26.5,-69.5,450
2024-06-24,26.5,-69.0,270
2024-06-24,26.5,-68.5,630
2024-06-24,26.5,-68.0,90
2024-06-24,26.5,-67.5,90
2024-06-24,26.5,-67.0,450
2024-06-24,26.5,-66.5,180
2024-06-24,27.0,-109.0,1350
2024-06-24,27.0,-108.5,2790
2024-06-24,27.0,-108.0,5760
2024-06-24,27.0,-107.5,2880
2024-06-24,27.0,-107.0,2340
2024-06-24,27.0,-106.5,5220
2024-06-24,27.0,-106.0,990
2024-06-24,27.0,-105.5,720
2024-06-24,27.0,-105.0,2520
2024-06-24,27.0,-104.5,990
2024-06-24,27.0,-103.5,90
2024-06-24,27.0,-103.0,540
2024-06-24,27.0,-102.0,270
2024-06-24,27.0,-101.5,90
2024-06-24,27.0,-101.0,90
2024-06-24,27.0,-100.5,540
2024-06-24,27.0,-100.0,270
2024-06-24,27.0,-93.5,90
2024-06-24,27.0,-91.5,180
2024-06-24,27.0,-91.0,180
2024-06-24,27.0,-90.5,720
2024-06-24,27.0,-90.0,540
2024-06-24,27.0,-89.5,90
2024-06-24,27.0,-89.0,180
2024-06-24,27.0,-88.5,180
2024-06-24,27.0,-88.0,450
2024-06-24,27.0,-87.5,90
2024-06-24,27.0,-86.0,90
2024-06-24,27.0,-84.0,90
2024-06-24,27.0,-83.5,450
2024-06-24,27.0,-83.0,1170
2024-06-24,27.0,-82.5,4140
2024-06-24,27.0,-82.0,6120
2024-06-24,27.0,-81.5,2880
2024-06-24,27.0,-81.0,4140
2024-06-24,27.0,-80.5,1710
2024-06-24,27.0,-80.0,360
2024-06-24,27.0,-79.5,2250
2024-06-24,27.0,-79.0,1170
2024-06-24,27.0,-78.5,2070
2024-06-24,27.0,-78.0,1800
2024-06-24,27.0,-77.5,630
2024-06-24,27.0,-77.0,270
2024-06-24,27.0,-76.5,90
2024-06-24,27.0,-76.0,90
2024-06-24,27.0,-75.5,90
2024-06-24,27.0,-75.0,90
2024-06-24,27.0,-74.5,90
2024-06-24,27.0,-74.0,180
2024-06-24,27.0,-73.5,90
2024-06-24,27.0,-73.0,90
2024-06-24,27.0,-72.0,360
2024-06-24,27.0,-71.5,270
2024-06-24,27.0,-71.0,450
2024-06-24,27.0,-70.5,90
2024-06-24,27.0,-70.0,630
2024-06-24,27.0,-69.5,1350
2024-06-24,27.0,-69.0,720
2024-06-24,27.0,-68.5,990
2024-06-24,27.0,-68.0,540
2024-06-24,27.0,-67.5,90
2024-06-24,27.0,-67.0,720
2024-06-24,27.0,-66.5,360
2024-06-24,27.0,-66.0,90
2024-06-24,27.5,-110.0,180
2024-06-24,27.5,-109.5,1080
2024-06-24,27.5,-109.0,1260
2024-06-24,27.5,-108.5,3960
2024-06-24,27.5,-108.0,4050
2024-06-24,27.5,-107.5,1800
2024-06-24,27.5,-107.0,4230
2024-06-24,27.5,-106.5,2970
2024-06-24,27.5,-106.0,3060
2024-06-24,27.5,-105.5,720
2024-06-24,27.5,-105.0,1440
2024-06-24,27.5,-104.5,540
2024-06-24,27.5,-104.0,540
2024-06-24,27.5,-103.5,180
2024-06-24,27.5,-103.0,180
2024-06-24,27.5,-101.0,90
2024-06-24,27.5,-100.5,630
2024-06-24,27.5,-100.0,180
2024-06-24,27.5,-93.0,90
2024-06-24,27.5,-92.0,270
2024-06-24,27.5,-90.5,90
2024-06-24,27.5,-89.5,90
2024-06-24,27.5,-88.0,450
2024-06-24,27.5,-87.5,90
2024-06-24,27.5,-84.0,360
2024-06-24,27.5,-83.5,900
2024-06-24,27.5,-83.0,4860
2024-06-24,27.5,-82.5,4140
2024-06-24,27.5,-82.0,5940
2024-06-24,27.5,-81.5,6930
2024-06-24,27.5,-81.0,6210
2024-06-24,27.5,-80.5,1890
2024-06-24,27.5,-80.0,2520
2024-06-24,27.5,-79.5,810
2024-06-24,27.5,-79.0,540
2024-06-24,27.5,-78.5,270
2024-06-24,27.5,-78.0,90
2024-06-24,27.5,-77.5,450
2024-06-24,27.5,-77.0,450
2024-06-24,27.5,-75.0,270
2024-06-24,27.5,-74.5,90
2024-06-24,27.5,-74.0,900
2024-06-24,27.5,-73.5,360
2024-06-24,27.5,-72.0,180
2024-06-24,27.5,-71.5,360
2024-06-24,27.5,-71.0,90
2024-06-24,27.5,-69.5,180
2024-06-24,27.5,-69.0,270
2024-06-24,27.5,-68.5,540
2024-06-24,27.5,-68.0,1350
2024-06-24,27.5,-67.5,90
2024-06-24,27.5,-67.0,360
2024-06-24,27.5,-66.5,270
2024-06-24,27.5,-66.0,450
2024-06-24,28.0,-113.0,90
2024-06-24,28.0,-110.0,180
2024-06-24,28.0,-109.5,1710
2024-06-24,28.0,-109.0,1980
2024-06-24,28.0,-108.5,4500
2024-06-24,28.0,-108.0,2700
2024-06-24,28.0,-107.5,1890
2024-06-24,28.0,-107.0,4320
2024-06-24,28.0,-106.5,3420
2024-06-24,28.0,-106.0,900
2024-06-24,28.0,-105.5,1260
2024-06-24,28.0,-105.0,630
2024-06-24,28.0,-104.5,1080
2024-06-24,28.0,-103.0,270
2024-06-24,28.0,-100.0,360
2024-06-24,28.0,-94.0,180
2024-06-24,28.0,-91.5,180
2024-06-24,28.0,-89.0,270
2024-06-24,28.0,-87.5,180
2024-06-24,28.0,-83.0,990
2024-06-24,28.0,-82.5,3600
2024-06-24,28.0,-82.0,4230
2024-06-24,28.0,-81.5,9270
2024-06-24,28.0,-81.0,5850
2024-06-24,28.0,-80.5,630
2024-06-24,28.0,-80.0,4230
2024-06-24,28.0,-79.5,810
2024-06-24,28.0,-78.5,90
2024-06-24,28.0,-77.5,270
2024-06-24,28.0,-77.0,90
2024-06-24,28.0,-76.0,90
2024-06-24,28.0,-73.5,180
2024-06-24,28.0,-73.0,270
2024-06-24,28.0,-72.0,90
2024-06-24,28.0,-69.0,180
2024-06-24,28.0,-68.0,270
2024-06-24,28.0,-67.5,270
2024-06-24,28.0,-67.0,450
2024-06-24,28.0,-65.5,90
2024-06-24,28.5,-111.5,180
2024-06-24,28.5,-111.0,90
2024-06-24,28.5,-110.5,90
2024-06-24,28.5,-110.0,540
2024-06-24,28.5,-109.5,5130
2024-06-24,28.5,-109.0,4050
2024-06-24,28.5,-108.5,6480
2024-06-24,28.5,-108.0,2430
2024-06-24,28.5,-107.5,2520
2024-06-24,28.5,-107.0,4590
2024-06-24,28.5,-106.5,1350
2024-06-24,28.5,-106.0,810
2024-06-24,28.5,-105.5,1170
2024-06-24,28.5,-104.5,450
2024-06-24,28.5,-104.0,360
2024-06-24,28.5,-103.5,90
2024-06-24,28.5,-98.0,90
2024-06-24,28.5,-93.5,90
2024-06-24,28.5,-91.5,90
2024-06-24,28.5,-91.0,90
2024-06-24,28.5,-90.5,90
2024-06-24,28.5,-89.0,180
2024-06-24,28.5,-83.0,1530
2024-06-24,28.5,-82.5,2970
2024-06-24,28.5,-82.0,5670
2024-06-24,28.5,-81.5,10530
2024-06-24,28.5,-81.0,5310
2024-06-24,28.5,-80.5,90
2024-06-24,28.5,-79.5,90
2024-06-24,28.5,-78.5,90
2024-06-24,28.5,-77.5,90
2024-06-24,28.5,-77.0,90
2024-06-24,28.5,-76.5,180
2024-06-24,28.5,-76.0,90
2024-06-24,28.5,-75.0,180
2024-06-24,28.5,-74.5,90
2024-06-24,28.5,-74.0,180
2024-06-24,28.5,-73.5,360
2024-06-24,28.5,-73.0,180
2024-06-24,28.5,-72.5,270
2024-06-24,28.5,-72.0,90
2024-06-24,28.5,-68.0,90
2024-06-24,28.5,-67.5,180
2024-06-24,28.5,-67.0,180
2024-06-24,28.5,-66.5,90
2024-06-24,29.0,-111.0,270
2024-06-24,29.0,-110.5,540
2024-06-24,29.0,-110.0,1170
2024-06-24,29.0,-109.5,6660
2024-06-24,29.0,-109.0,3960
2024-06-24,29.0,-108.5,4680
2024-06-24,29.0,-108.0,2700
2024-06-24,29.0,-107.5,2520
2024-06-24,29.0,-107.0,1620
2024-06-24,29.0,-106.5,1620
2024-06-24,29.0,-106.0,1710
2024-06-24,29.0,-105.5,1530
2024-06-24,29.0,-104.5,360
2024-06-24,29.0,-104.0,90
2024-06-24,29.0,-95.5,270
2024-06-24,29.0,-94.0,180
2024-06-24,29.0,-93.5,360
2024-06-24,29.0,-93.0,450
2024-06-24,29.0,-92.5,450
2024-06-24,29.0,-92.0,540
2024-06-24,29.0,-91.5,630
2024-06-24,29.0,-91.0,900
2024-06-24,29.0,-90.5,720
2024-06-24,29.0,-90.0,90
2024-06-24,29.0,-89.5,2160
2024-06-24,29.0,-86.0,90
2024-06-24,29.0,-85.5,90
2024-06-24,29.0,-83.5,630
2024-06-24,29.0,-83.0,1980
2024-06-24,29.0,-82.5,2970
2024-06-24,29.0,-82.0,4860
2024-06-24,29.0,-81.5,2790
2024-06-24,29.0,-81.0,630
2024-06-24,29.0,-80.5,90
2024-06-24,29.0,-77.0,360
2024-06-24,29.0,-76.5,180
2024-06-24,29.0,-74.5,450
2024-06-24,29.0,-74.0,450
2024-06-24,29.0,-73.5,450
2024-06-24,29.0,-72.5,180
2024-06-24,29.0,-72.0,90
2024-06-24,29.0,-71.5,90
2024-06-24,29.0,-71.0,90
2024-06-24,29.0,-70.5,90
2024-06-24,29.0,-70.0,90
2024-06-24,29.0,-69.5,270
2024-06-24,29.0,-68.5,90
2024-06-24,29.0,-66.5,180
2024-06-24,29.0,-66.0,90
2024-06-24,29.5,-113.5,90
2024-06-24,29.5,-113.0,180
2024-06-24,29.5,-111.0,270
2024-06-24,29.5,-110.5,1710
2024-06-24,29.5,-110.0,4320
2024-06-24,29.5,-109.5,2610
2024-06-24,29.5,-109.0,3510
2024-06-24,29.5,-108.5,4140
2024-06-24,29.5,-108.0,3060
2024-06-24,29.5,-107.5,1980
2024-06-24,29.5,-107.0,2430
2024-06-24,29.5,-106.5,1710
2024-06-24,29.5,-106.0,1440
2024-06-24,29.5,-105.5,630
2024-06-24,29.5,-105.0,360
2024-06-24,29.5,-104.5,810
2024-06-24,29.5,-104.0,180
2024-06-24,29.5,-96.0,810
2024-06-24,29.5,-95.5,900
2024-06-24,29.5,-95.0,720
2024-06-24,29.5,-94.5,180
2024-06-24,29.5,-94.0,1980
2024-06-24,29.5,-93.5,1890
2024-06-24,29.5,-93.0,1080
2024-06-24,29.5,-92.5,900
2024-06-24,29.5,-92.0,540
2024-06-24,29.5,-91.5,1620
2024-06-24,29.5,-91.0,90
2024-06-24,29.5,-90.5,540
2024-06-24,29.5,-90.0,630
2024-06-24,29.5,-89.5,900
2024-06-24,29.5,-89.0,360
2024-06-24,29.5,-88.5,90
2024-06-24,29.5,-88.0,90
2024-06-24,29.5,-87.5,90
2024-06-24,29.5,-87.0,90
2024-06-24,29.5,-86.5,450
2024-06-24,29.5,-86.0,180
2024-06-24,29.5,-85.5,90
2024-06-24,29.5,-85.0,450
2024-06-24,29.5,-84.5,540
2024-06-24,29.5,-84.0,360
2024-06-24,29.5,-83.5,720
2024-06-24,29.5,-83.0,4050
2024-06-24,29.5,-82.5,3960
2024-06-24,29.5,-82.0,6570
2024-06-24,29.5,-81.5,2610
2024-06-24,29.5,-81.0,540
2024-06-24,29.5,-80.5,90
2024-06-24,29.5,-80.0,90
2024-06-24,29.5,-79.5,90
2024-06-24,29.5,-78.5,90
2024-06-24,29.5,-77.0,270
2024-06-24,29.5,-76.5,180
2024-06-24,29.5,-76.0,90
2024-06-24,29.5,-73.5,180
2024-06-24,29.5,-73.0,270
2024-06-24,29.5,-72.0,90
2024-06-24,29.5,-70.5,360
2024-06-24,29.5,-70.0,360
2024-06-24,29.5,-69.5,450
2024-06-24,29.5,-69.0,180
2024-06-24,29.5,-68.5,90
2024-06-24,29.5,-68.0,180
2024-06-24,29.5,-67.5,90
2024-06-24,29.5,-67.0,90
2024-06-24,29.5,-66.5,180
2024-06-24,30.0,-112.5,90
2024-06-24,30.0,-112.0,630
2024-06-24,30.0,-111.5,3240
2024-06-24,30.0,-111.0,2250
2024-06-24,30.0,-110.5,4950
2024-06-24,30.0,-110.0,3870
2024-06-24,30.0,-109.5,3690
2024-06-24,30.0,-109.0,3510
2024-06-24,30.0,-108.5,3870
2024-06-24,30.0,-108.0,2520
2024-06-24,30.0,-107.5,990
2024-06-24,30.0,-107.0,1080
2024-06-24,30.0,-106.5,630
2024-06-24,30.0,-106.0,1620
2024-06-24,30.0,-105.5,630
2024-06-24,30.0,-105.0,270
2024-06-24,30.0,-104.5,990
2024-06-24,30.0,-104.0,720
2024-06-24,30.0,-103.5,90
2024-06-24,30.0,-95.5,360
2024-06-24,30.0,-95.0,630
2024-06-24,30.0,-94.5,2520
2024-06-24,30.0,-94.0,2790
2024-06-24,30.0,-93.5,1980
2024-06-24,30.0,-93.0,1260
2024-06-24,30.0,-92.5,270
2024-06-24,30.0,-91.5,180
2024-06-24,30.0,-91.0,540
2024-06-24,30.0,-90.5,450
2024-06-24,30.0,-90.0,630
2024-06-24,30.0,-89.5,1530
2024-06-24,30.0,-89.0,1980
2024-06-24,30.0,-88.5,1620
2024-06-24,30.0,-88.0,1800
2024-06-24,30.0,-87.5,720
2024-06-24,30.0,-87.0,2610
2024-06-24,30.0,-86.5,1440
2024-06-24,30.0,-86.0,720
2024-06-24,30.0,-85.5,2880
2024-06-24,30.0,-85.0,3510
2024-06-24,30.0,-84.5,3240
2024-06-24,30.0,-84.0,2250
2024-06-24,30.0,-83.5,1620
2024-06-24,30.0,-83.0,3060
2024-06-24,30.0,-82.5,4500
2024-06-24,30.0,-82.0,9720
2024-06-24,30.0,-81.5,990
2024-06-24,30.0,-80.0,360
2024-06-24,30.0,-79.0,180
2024-06-24,30.0,-78.5,270
2024-06-24,30.0,-78.0,270
2024-06-24,30.0,-77.0,630
2024-06-24,30.0,-75.5,360
2024-06-24,30.0,-74.5,90
2024-06-24,30.0,-70.0,180
2024-06-24,30.0,-69.5,180
2024-06-24,30.0,-69.0,180
2024-06-24,30.0,-68.5,990
2024-06-24,30.0,-68.0,180
2024-06-24,30.0,-67.5,360
2024-06-24,30.0,-66.5,90
2024-06-24,30.0,-66.0,270
2024-06-24,30.5,-113.5,360
2024-06-24,30.5,-113.0,90
2024-06-24,30.5,-112.5,270
2024-06-24,30.5,-112.0,450
2024-06-24,30.5,-111.5,1800
2024-06-24,30.5,-111.0,2070
2024-06-24,30.5,-110.5,2070
2024-06-24,30.5,-110.0,2160
2024-06-24,30.5,-109.5,2070
2024-06-24,30.5,-109.0,2700
2024-06-24,30.5,-108.5,3240
2024-06-24,30.5,-108.0,2160
2024-06-24,30.5,-107.5,630
2024-06-24,30.5,-107.0,1080
2024-06-24,30.5,-106.5,900
2024-06-24,30.5,-106.0,720
2024-06-24,30.5,-105.5,1980
2024-06-24,30.5,-105.0,1530
2024-06-24,30.5,-104.5,1440
2024-06-24,30.5,-104.0,1260
2024-06-24,30.5,-103.5,270
2024-06-24,30.5,-96.5,1350
2024-06-24,30.5,-96.0,720
2024-06-24,30.5,-95.5,90
2024-06-24,30.5,-95.0,450
2024-06-24,30.5,-94.5,360
2024-06-24,30.5,-94.0,1170
2024-06-24,30.5,-93.5,1710
2024-06-24,30.5,-93.0,1170
2024-06-24,30.5,-92.5,2430
2024-06-24,30.5,-92.0,1890
2024-06-24,30.5,-91.5,900
2024-06-24,30.5,-91.0,2970
2024-06-24,30.5,-90.5,2520
2024-06-24,30.5,-90.0,1440
2024-06-24,30.5,-89.5,2250
2024-06-24,30.5,-89.0,2250
2024-06-24,30.5,-88.5,3420
2024-06-24,30.5,-88.0,1620
2024-06-24,30.5,-87.5,1260
2024-06-24,30.5,-87.0,3690
2024-06-24,30.5,-86.5,5490
2024-06-24,30.5,-86.0,2880
2024-06-24,30.5,-85.5,3150
2024-06-24,30.5,-85.0,1890
2024-06-24,30.5,-84.5,3150
2024-06-24,30.5,-84.0,4230
2024-06-24,30.5,-83.5,4320
2024-06-24,30.5,-83.0,2520
2024-06-24,30.5,-82.5,2700
2024-06-24,30.5,-82.0,11340
2024-06-24,30.5,-81.5,180
2024-06-24,30.5,-80.0,1890
2024-06-24,30.5,-79.5,1080
2024-06-24,30.5,-79.0,90
2024-06-24,30.5,-78.5,270
2024-06-24,30.5,-78.0,270
2024-06-24,30.5,-77.5,90
2024-06-24,30.5,-73.5,90
2024-06-24,30.5,-68.5,180
2024-06-24,30.5,-68.0,360
2024-06-24,30.5,-67.5,630
2024-06-24,30.5,-67.0,180
2024-06-24,30.5,-66.5,90
2024-06-24,30.5,-66.0,270
2024-06-24,30.5,-65.5,90
2024-06-24,31.0,-116.0,270
2024-06-24,31.0,-113.0,90
2024-06-24,31.0,-112.5,270
2024-06-24,31.0,-112.0,1530
2024-06-24,31.0,-111.5,1260
2024-06-24,31.0,-111.0,1800
2024-06-24,31.0,-110.5,1980
2024-06-24,31.0,-110.0,3600
2024-06-24,31.0,-109.5,1170
2024-06-24,31.0,-109.0,1440
2024-06-24,31.0,-108.5,2790
2024-06-24,31.0,-108.0,1800
2024-06-24,31.0,-107.5,1350
2024-06-24,31.0,-107.0,900
2024-06-24,31.0,-106.5,810
2024-06-24,31.0,-106.0,540
2024-06-24,31.0,-105.5,1350
2024-06-24,31.0,-105.0,180
2024-06-24,31.0,-104.5,2430
2024-06-24,31.0,-104.0,720
2024-06-24,31.0,-103.0,90
2024-06-24,31.0,-96.5,90
2024-06-24,31.0,-96.0,90
2024-06-24,31.0,-95.5,90
2024-06-24,31.0,-94.5,90
2024-06-24,31.0,-94.0,180
2024-06-24,31.0,-93.5,900
2024-06-24,31.0,-93.0,360
2024-06-24,31.0,-92.5,90
2024-06-24,31.0,-92.0,900
2024-06-24,31.0,-91.5,630
2024-06-24,31.0,-91.0,450
2024-06-24,31.0,-90.5,360
2024-06-24,31.0,-90.0,360
2024-06-24,31.0,-89.5,450
2024-06-24,31.0,-89.0,990
2024-06-24,31.0,-88.5,1350
2024-06-24,31.0,-88.0,2160
2024-06-24,31.0,-87.5,6390
2024-06-24,31.0,-87.0,4500
2024-06-24,31.0,-86.5,1350
2024-06-24,31.0,-86.0,270
2024-06-24,31.0,-85.5,1170
2024-06-24,31.0,-85.0,630
2024-06-24,31.0,-84.5,1260
2024-06-24,31.0,-84.0,1710
2024-06-24,31.0,-83.5,2790
2024-06-24,31.0,-83.0,1710
2024-06-24,31.0,-82.5,2160
2024-06-24,31.0,-82.0,10980
2024-06-24,31.0,-81.5,540
2024-06-24,31.0,-80.0,450
2024-06-24,31.0,-79.5,810
2024-06-24,31.0,-79.0,540
2024-06-24,31.0,-78.5,1440
2024-06-24,31.0,-78.0,180
2024-06-24,31.0,-77.5,180
2024-06-24,31.0,-76.5,90
2024-06-24,31.0,-74.5,90
2024-06-24,31.0,-67.0,90
2024-06-24,31.0,-66.5,90
2024-06-24,31.0,-66.0,90
2024-06-24,31.0,-65.5,360
2024-06-24,31.5,-113.0,90
2024-06-24,31.5,-112.5,720
2024-06-24,31.5,-112.0,1800
2024-06-24,31.5,-111.5,1170
2024-06-24,31.5,-111.0,990
2024-06-24,31.5,-110.5,540
2024-06-24,31.5,-110.0,1260
2024-06-24,31.5,-109.5,1530
2024-06-24,31.5,-109.0,1350
2024-06-24,31.5,-108.5,1350
2024-06-24,31.5,-108.0,3060
2024-06-24,31.5,-107.5,1530
2024-06-24,31.5,-107.0,990
2024-06-24,31.5,-106.5,1260
2024-06-24,31.5,-106.0,630
2024-06-24,31.5,-105.5,1170
2024-06-24,31.5,-105.0,270
2024-06-24,31.5,-104.5,360
2024-06-24,31.5,-94.5,90
2024-06-24,31.5,-93.0,90
2024-06-24,31.5,-92.5,90
2024-06-24,31.5,-92.0,90
2024-06-24,31.5,-91.5,90
2024-06-24,31.5,-91.0,900
2024-06-24,31.5,-90.5,90
2024-06-24,31.5,-90.0,630
2024-06-24,31.5,-89.5,1980
2024-06-24,31.5,-89.0,1800
2024-06-24,31.5,-88.5,1440
2024-06-24,31.5,-88.0,2250
2024-06-24,31.5,-87.5,2520
2024-06-24,31.5,-87.0,4410
2024-06-24,31.5,-86.5,990
2024-06-24,31.5,-86.0,90
2024-06-24,31.5,-85.5,990
2024-06-24,31.5,-85.0,360
2024-06-24,31.5,-84.5,270
2024-06-24,31.5,-84.0,270
2024-06-24,31.5,-83.5,540
2024-06-24,31.5,-83.0,810
2024-06-24,31.5,-82.5,990
2024-06-24,31.5,-82.0,2700
2024-06-24,31.5,-81.5,1890
2024-06-24,31.5,-80.5,90
2024-06-24,31.5,-79.5,270
2024-06-24,31.5,-78.5,450
2024-06-24,31.5,-78.0,90
2024-06-24,31.5,-77.5,360
2024-06-24,31.5,-75.5,720
2024-06-24,31.5,-75.0,180
2024-06-24,31.5,-74.5,90
2024-06-24,32.0,-113.5,90
2024-06-24,32.0,-113.0,360
2024-06-24,32.0,-112.5,900
2024-06-24,32.0,-112.0,360
2024-06-24,32.0,-111.5,810
2024-06-24,32.0,-111.0,990
2024-06-24,32.0,-110.5,900
2024-06-24,32.0,-110.0,1890
2024-06-24,32.0,-109.5,2880
2024-06-24,32.0,-109.0,1440
2024-06-24,32.0,-108.5,1080
2024-06-24,32.0,-108.0,1800
2024-06-24,32.0,-107.5,990
2024-06-24,32.0,-107.0,540
2024-06-24,32.0,-106.5,1350
2024-06-24,32.0,-106.0,1980
2024-06-24,32.0,-105.5,630
2024-06-24,32.0,-105.0,540
2024-06-24,32.0,-104.5,90
2024-06-24,32.0,-103.5,450
2024-06-24,32.0,-96.0,90
2024-06-24,32.0,-95.0,90
2024-06-24,32.0,-94.5,180
2024-06-24,32.0,-94.0,90
2024-06-24,32.0,-93.0,270
2024-06-24,32.0,-92.5,1350
2024-06-24,32.0,-92.0,1260
2024-06-24,32.0,-91.5,450
2024-06-24,32.0,-91.0,90
2024-06-24,32.0,-90.5,900
2024-06-24,32.0,-90.0,1530
2024-06-24,32.0,-89.5,1350
2024-06-24,32.0,-89.0,1530
2024-06-24,32.0,-88.5,3420
2024-06-24,32.0,-88.0,4140
2024-06-24,32.0,-87.5,270
2024-06-24,32.0,-87.0,450
2024-06-24,32.0,-86.5,1530
2024-06-24,32.0,-86.0,90
2024-06-24,32.0,-85.5,180
2024-06-24,32.0,-85.0,1080
2024-06-24,32.0,-84.5,360
2024-06-24,32.0,-84.0,270
2024-06-24,32.0,-83.5,90
2024-06-24,32.0,-83.0,630
2024-06-24,32.0,-82.5,990
2024-06-24,32.0,-82.0,1260
2024-06-24,32.0,-81.5,630
2024-06-24,32.0,-81.0,1170
2024-06-24,32.0,-80.5,90
2024-06-24,32.0,-79.5,180
2024-06-24,32.0,-79.0,180
2024-06-24,32.0,-78.5,360
2024-06-24,32.0,-78.0,1350
2024-06-24,32.0,-77.5,630
2024-06-24,32.0,-77.0,2520
2024-06-24,32.0,-76.5,2160
2024-06-24,32.0,-76.0,180
2024-06-24,32.0,-75.5,450
2024-06-24,32.0,-75.0,900
2024-06-24,32.0,-74.5,180
2024-06-24,32.5,-113.5,90
2024-06-24,32.5,-113.0,90
2024-06-24,32.5,-112.5,990
2024-06-24,32.5,-112.0,1800
2024-06-24,32.5,-111.5,630
2024-06-24,32.5,-111.0,630
2024-06-24,32.5,-110.5,810
2024-06-24,32.5,-110.0,630
2024-06-24,32.5,-109.5,810
2024-06-24,32.5,-109.0,1080
2024-06-24,32.5,-108.5,3060
2024-06-24,32.5,-108.0,1980
2024-06-24,32.5,-107.5,990
2024-06-24,32.5,-107.0,720
2024-06-24,32.5,-106.5,1170
2024-06-24,32.5,-106.0,810
2024-06-24,32.5,-105.5,990
2024-06-24,32.5,-105.0,180
2024-06-24,32.5,-104.5,540
2024-06-24,32.5,-104.0,90
2024-06-24,32.5,-103.5,1800
2024-06-24,32.5,-103.0,90
2024-06-24,32.5,-95.5,360
2024-06-24,32.5,-95.0,630
2024-06-24,32.5,-94.5,450
2024-06-24,32.5,-94.0,810
2024-06-24,32.5,-93.5,180
2024-06-24,32.5,-93.0,180
2024-06-24,32.5,-92.0,180
2024-06-24,32.5,-91.5,1980
2024-06-24,32.5,-91.0,1530
2024-06-24,32.5,-90.0,1530
2024-06-24,32.5,-89.5,1260
2024-06-24,32.5,-89.0,1170
2024-06-24,32.5,-88.5,2790
2024-06-24,32.5,-88.0,990
2024-06-24,32.5,-87.5,360
2024-06-24,32.5,-87.0,90
2024-06-24,32.5,-86.5,900
2024-06-24,32.5,-86.0,180
2024-06-24,32.5,-85.5,90
2024-06-24,32.5,-85.0,180
2024-06-24,32.5,-84.5,180
2024-06-24,32.5,-84.0,270
2024-06-24,32.5,-83.5,180
2024-06-24,32.5,-83.0,990
2024-06-24,32.5,-82.5,900
2024-06-24,32.5,-82.0,1170
2024-06-24,32.5,-81.5,3510
2024-06-24,32.5,-81.0,5760
2024-06-24,32.5,-80.5,3150
2024-06-24,32.5,-80.0,1440
2024-06-24,32.5,-79.5,630
2024-06-24,32.5,-79.0,1620
2024-06-24,32.5,-78.5,990
2024-06-24,32.5,-78.0,6030
2024-06-24,32.5,-77.5,6300
2024-06-24,32.5,-77.0,3060
2024-06-24,32.5,-76.5,3870
2024-06-24,32.5,-76.0,1890
2024-06-24,32.5,-75.5,2520
2024-06-24,32.5,-75.0,900
2024-06-24,32.5,-74.5,270
2024-06-24,32.5,-73.0,270
2024-06-24,32.5,-72.5,180
2024-06-24,32.5,-71.5,90
2024-06-24,33.0,-113.0,90
2024-06-24,33.0,-112.5,180
2024-06-24,33.0,-112.0,450
2024-06-24,33.0,-111.5,630
2024-06-24,33.0,-111.0,630
2024-06-24,33.0,-110.5,540
2024-06-24,33.0,-110.0,630
2024-06-24,33.0,-109.5,1170
2024-06-24,33.0,-109.0,1080
2024-06-24,33.0,-108.5,2610
2024-06-24,33.0,-108.0,1980
2024-06-24,33.0,-107.5,810
2024-06-24,33.0,-107.0,540
2024-06-24,33.0,-106.5,720
2024-06-24,33.0,-106.0,1980
2024-06-24,33.0,-105.5,270
2024-06-24,33.0,-105.0,180
2024-06-24,33.0,-104.5,810
2024-06-24,33.0,-104.0,270
2024-06-24,33.0,-103.5,270
2024-06-24,33.0,-96.0,720
2024-06-24,33.0,-95.5,1080
2024-06-24,33.0,-95.0,450
2024-06-24,33.0,-94.5,720
2024-06-24,33.0,-94.0,1350
2024-06-24,33.0,-93.5,1350
2024-06-24,33.0,-93.0,2160
2024-06-24,33.0,-92.5,1440
2024-06-24,33.0,-92.0,1350
2024-06-24,33.0,-91.5,810
2024-06-24,33.0,-91.0,1350
2024-06-24,33.0,-90.5,1710
2024-06-24,33.0,-90.0,630
2024-06-24,33.0,-89.5,1080
2024-06-24,33.0,-89.0,1530
2024-06-24,33.0,-88.5,1350
2024-06-24,33.0,-88.0,540
2024-06-24,33.0,-87.5,270
2024-06-24,33.0,-87.0,720
2024-06-24,33.0,-86.5,990
2024-06-24,33.0,-86.0,1170
2024-06-24,33.0,-85.5,270
2024-06-24,33.0,-85.0,360
2024-06-24,33.0,-84.5,540
2024-06-24,33.0,-83.5,900
2024-06-24,33.0,-83.0,990
2024-06-24,33.0,-82.5,1260
2024-06-24,33.0,-82.0,540
2024-06-24,33.0,-81.5,990
2024-06-24,33.0,-81.0,4500
2024-06-24,33.0,-80.5,8820
2024-06-24,33.0,-80.0,7740
2024-06-24,33.0,-79.5,5310
2024-06-24,33.0,-79.0,3510
2024-06-24,33.0,-78.5,990
2024-06-24,33.0,-78.0,6120
2024-06-24,33.0,-77.5,11160
2024-06-24,33.0,-77.0,5040
2024-06-24,33.0,-76.5,1170
2024-06-24,33.0,-76.0,1800
2024-06-24,33.0,-75.5,2070
2024-06-24,33.0,-75.0,1440
2024-06-24,33.0,-74.5,360
2024-06-24,33.0,-73.5,90
2024-06-24,33.0,-72.5,180
2024-06-24,33.0,-72.0,180
2024-06-24,33.0,-71.5,540
2024-06-24,33.5,-114.0,360
2024-06-24,33.5,-113.5,990
2024-06-24,33.5,-113.0,720
2024-06-24,33.5,-112.5,450
2024-06-24,33.5,-112.0,1080
2024-06-24,33.5,-111.5,360
2024-06-24,33.5,-111.0,900
2024-06-24,33.5,-110.5,900
2024-06-24,33.5,-110.0,1620
2024-06-24,33.5,-109.5,2070
2024-06-24,33.5,-109.0,2070
2024-06-24,33.5,-108.5,1800
2024-06-24,33.5,-108.0,630
2024-06-24,33.5,-107.5,990
2024-06-24,33.5,-107.0,630
2024-06-24,33.5,-106.5,450
2024-06-24,33.5,-106.0,990
2024-06-24,33.5,-105.5,360
2024-06-24,33.5,-105.0,450
2024-06-24,33.5,-104.5,270
2024-06-24,33.5,-104.0,720
2024-06-24,33.5,-103.5,810
2024-06-24,33.5,-103.0,90
2024-06-24,33.5,-101.5,90
2024-06-24,33.5,-100.5,180
2024-06-24,33.5,-97.5,360
2024-06-24,33.5,-97.0,630
2024-06-24,33.5,-96.5,90
2024-06-24,33.5,-96.0,1080
2024-06-24,33.5,-95.5,1530
2024-06-24,33.5,-95.0,900
2024-06-24,33.5,-94.5,450
2024-06-24,33.5,-94.0,270
2024-06-24,33.5,-93.5,270
2024-06-24,33.5,-93.0,1980
2024-06-24,33.5,-92.5,1080
2024-06-24,33.5,-92.0,2250
2024-06-24,33.5,-91.5,1350
2024-06-24,33.5,-91.0,900
2024-06-24,33.5,-90.5,2520
2024-06-24,33.5,-90.0,1710
2024-06-24,33.5,-89.5,2340
2024-06-24,33.5,-89.0,630
2024-06-24,33.5,-88.5,360
2024-06-24,33.5,-88.0,180
2024-06-24,33.5,-87.5,180
2024-06-24,33.5,-87.0,1980
2024-06-24,33.5,-86.5,630
2024-06-24,33.5,-86.0,630
2024-06-24,33.5,-84.5,810
2024-06-24,33.5,-84.0,90
2024-06-24,33.5,-83.5,720
2024-06-24,33.5,-83.0,1440
2024-06-24,33.5,-82.5,450
2024-06-24,33.5,-82.0,90
2024-06-24,33.5,-81.5,2880
2024-06-24,33.5,-81.0,2070
2024-06-24,33.5,-80.5,4680
2024-06-24,33.5,-80.0,8190
2024-06-24,33.5,-79.5,8370
2024-06-24,33.5,-79.0,10170
2024-06-24,33.5,-78.5,4860
2024-06-24,33.5,-78.0,3780
2024-06-24,33.5,-77.5,14940
2024-06-24,33.5,-77.0,1710
2024-06-24,33.5,-76.5,4860
2024-06-24,33.5,-76.0,4860
2024-06-24,33.5,-75.5,2520
2024-06-24,33.5,-75.0,2340
2024-06-24,33.5,-74.5,180
2024-06-24,33.5,-73.0,540
2024-06-24,33.5,-72.5,720
2024-06-24,33.5,-72.0,2430
2024-06-24,33.5,-71.5,810
2024-06-24,33.5,-71.0,270
2024-06-24,33.5,-70.0,270
2024-06-24,33.5,-69.5,360
2024-06-24,34.0,-114.0,270
2024-06-24,34.0,-113.5,2160
2024-06-24,34.0,-113.0,1260
2024-06-24,34.0,-112.5,1890
2024-06-24,34.0,-112.0,990
2024-06-24,34.0,-111.5,1800
2024-06-24,34.0,-111.0,1620
2024-06-24,34.0,-110.5,720
2024-06-24,34.0,-110.0,1800
2024-06-24,34.0,-109.5,1710
2024-06-24,34.0,-109.0,1530
2024-06-24,34.0,-108.5,2160
2024-06-24,34.0,-108.0,990
2024-06-24,34.0,-107.5,540
2024-06-24,34.0,-107.0,1350
2024-06-24,34.0,-106.5,1350
2024-06-24,34.0,-106.0,360
2024-06-24,34.0,-105.5,90
2024-06-24,34.0,-105.0,720
2024-06-24,34.0,-104.5,720
2024-06-24,34.0,-104.0,810
2024-06-24,34.0,-103.5,540
2024-06-24,34.0,-103.0,990
2024-06-24,34.0,-102.5,90
2024-06-24,34.0,-102.0,540
2024-06-24,34.0,-101.5,2160
2024-06-24,34.0,-101.0,90
2024-06-24,34.0,-100.5,1350
2024-06-24,34.0,-100.0,1620
2024-06-24,34.0,-99.0,180
2024-06-24,34.0,-97.5,90
2024-06-24,34.0,-97.0,180
2024-06-24,34.0,-96.5,180
2024-06-24,34.0,-96.0,2340
2024-06-24,34.0,-95.5,540
2024-06-24,34.0,-95.0,1440
2024-06-24,34.0,-94.5,1980
2024-06-24,34.0,-94.0,1710
2024-06-24,34.0,-93.5,1440
2024-06-24,34.0,-93.0,1890
2024-06-24,34.0,-92.5,90
2024-06-24,34.0,-92.0,630
2024-06-24,34.0,-91.5,270
2024-06-24,34.0,-91.0,180
2024-06-24,34.0,-90.5,990
2024-06-24,34.0,-90.0,630
2024-06-24,34.0,-89.5,1080
2024-06-24,34.0,-89.0,1080
2024-06-24,34.0,-88.5,1440
2024-06-24,34.0,-88.0,720
2024-06-24,34.0,-87.5,450
2024-06-24,34.0,-86.5,360
2024-06-24,34.0,-86.0,450
2024-06-24,34.0,-85.5,180
2024-06-24,34.0,-83.0,180
2024-06-24,34.0,-82.5,90
2024-06-24,34.0,-82.0,360
2024-06-24,34.0,-81.5,1800
2024-06-24,34.0,-81.0,4500
2024-06-24,34.0,-80.5,2160
2024-06-24,34.0,-80.0,3870
2024-06-24,34.0,-79.5,8550
2024-06-24,34.0,-79.0,3510
2024-06-24,34.0,-78.5,4680
2024-06-24,34.0,-78.0,4410
2024-06-24,34.0,-77.5,2880
2024-06-24,34.0,-77.0,5220
2024-06-24,34.0,-76.5,6840
2024-06-24,34.0,-76.0,2610
2024-06-24,34.0,-75.5,5130
2024-06-24,34.0,-75.0,1890
2024-06-24,34.0,-74.5,1170
2024-06-24,34.0,-74.0,1350
2024-06-24,34.0,-73.5,270
2024-06-24,34.0,-73.0,450
2024-06-24,34.0,-72.5,450
2024-06-24,34.0,-72.0,450
2024-06-24,34.0,-71.5,450
2024-06-24,34.0,-71.0,720
2024-06-24,34.0,-70.5,1440
2024-06-24,34.0,-70.0,630
2024-06-24,34.0,-69.5,90
2024-06-24,34.0,-69.0,360
2024-06-24,34.5,-128.0,90
2024-06-24,34.5,-127.5,90
2024-06-24,34.5,-117.0,180
2024-06-24,34.5,-114.0,630
2024-06-24,34.5,-113.5,1170
2024-06-24,34.5,-113.0,1710
2024-06-24,34.5,-112.5,1350
2024-06-24,34.5,-112.0,1980
2024-06-24,34.5,-111.5,990
2024-06-24,34.5,-111.0,1710
2024-06-24,34.5,-110.5,1260
2024-06-24,34.5,-110.0,540
2024-06-24,34.5,-109.5,1080
2024-06-24,34.5,-109.0,1890
2024-06-24,34.5,-108.5,2520
2024-06-24,34.5,-108.0,720
2024-06-24,34.5,-107.5,630
2024-06-24,34.5,-107.0,720
2024-06-24,34.5,-106.5,3960
2024-06-24,34.5,-106.0,900
2024-06-24,34.5,-105.5,720
2024-06-24,34.5,-105.0,720
2024-06-24,34.5,-104.5,990
2024-06-24,34.5,-104.0,1350
2024-06-24,34.5,-103.5,810
2024-06-24,34.5,-103.0,900
2024-06-24,34.5,-102.5,1260
2024-06-24,34.5,-102.0,1080
2024-06-24,34.5,-101.5,2340
2024-06-24,34.5,-101.0,1170
2024-06-24,34.5,-100.5,540
2024-06-24,34.5,-100.0,1890
2024-06-24,34.5,-99.5,990
2024-06-24,34.5,-99.0,90
2024-06-24,34.5,-96.5,180
2024-06-24,34.5,-96.0,3330
2024-06-24,34.5,-95.5,2340
2024-06-24,34.5,-95.0,1080
2024-06-24,34.5,-94.5,1530
2024-06-24,34.5,-94.0,2160
2024-06-24,34.5,-93.5,630
2024-06-24,34.5,-93.0,1350
2024-06-24,34.5,-92.5,1080
2024-06-24,34.5,-92.0,360
2024-06-24,34.5,-91.5,1530
2024-06-24,34.5,-91.0,1980
2024-06-24,34.5,-90.5,1530
2024-06-24,34.5,-90.0,2250
2024-06-24,34.5,-89.5,3060
2024-06-24,34.5,-89.0,1440
2024-06-24,34.5,-88.5,360
2024-06-24,34.5,-88.0,270
2024-06-24,34.5,-87.5,180
2024-06-24,34.5,-87.0,180
2024-06-24,34.5,-86.5,450
2024-06-24,34.5,-86.0,270
2024-06-24,34.5,-85.5,270
2024-06-24,34.5,-85.0,90
2024-06-24,34.5,-84.0,90
2024-06-24,34.5,-83.5,540
2024-06-24,34.5,-83.0,270
2024-06-24,34.5,-82.5,900
2024-06-24,34.5,-82.0,1170
2024-06-24,34.5,-81.5,2160
2024-06-24,34.5,-81.0,720
2024-06-24,34.5,-80.5,1440
2024-06-24,34.5,-80.0,1710
2024-06-24,34.5,-79.5,1170
2024-06-24,34.5,-79.0,540
2024-06-24,34.5,-78.5,630
2024-06-24,34.5,-78.0,2520
2024-06-24,34.5,-77.5,6120
2024-06-24,34.5,-77.0,7920
2024-06-24,34.5,-76.5,1260
2024-06-24,34.5,-76.0,630
2024-06-24,34.5,-75.5,360
2024-06-24,34.5,-75.0,3240
2024-06-24,34.5,-74.5,1890
2024-06-24,34.5,-74.0,1890
2024-06-24,34.5,-73.5,90
2024-06-24,34.5,-73.0,450
2024-06-24,34.5,-72.5,1800
2024-06-24,34.5,-72.0,1260
2024-06-24,34.5,-71.5,360
2024-06-24,34.5,-71.0,630
2024-06-24,34.5,-70.5,630
2024-06-24,34.5,-70.0,270
2024-06-24,35.0,-114.0,720
2024-06-24,35.0,-113.5,1080
2024-06-24,35.0,-113.0,990
2024-06-24,35.0,-112.5,630
2024-06-24,35.0,-112.0,1620
2024-06-24,35.0,-111.5,360
2024-06-24,35.0,-111.0,1350
2024-06-24,35.0,-110.5,1620
2024-06-24,35.0,-110.0,1620
2024-06-24,35.0,-109.5,1080
2024-06-24,35.0,-109.0,1170
2024-06-24,35.0,-108.5,1080
2024-06-24,35.0,-108.0,180
2024-06-24,35.0,-107.5,540
2024-06-24,35.0,-107.0,360
2024-06-24,35.0,-106.5,1530
2024-06-24,35.0,-106.0,810
2024-06-24,35.0,-105.5,630
2024-06-24,35.0,-105.0,810
2024-06-24,35.0,-104.5,810
2024-06-24,35.0,-104.0,1080
2024-06-24,35.0,-103.5,720
2024-06-24,35.0,-103.0,540
2024-06-24,35.0,-102.5,810
2024-06-24,35.0,-102.0,990
2024-06-24,35.0,-101.5,1350
2024-06-24,35.0,-101.0,1170
2024-06-24,35.0,-100.5,360
2024-06-24,35.0,-100.0,990
2024-06-24,35.0,-99.0,180
2024-06-24,35.0,-98.0,450
2024-06-24,35.0,-97.5,3870
2024-06-24,35.0,-97.0,180
2024-06-24,35.0,-96.5,540
2024-06-24,35.0,-96.0,2160
2024-06-24,35.0,-95.5,990
2024-06-24,35.0,-95.0,1170
2024-06-24,35.0,-94.5,720
2024-06-24,35.0,-94.0,1170
2024-06-24,35.0,-93.5,1800
2024-06-24,35.0,-93.0,2250
2024-06-24,35.0,-92.5,1350
2024-06-24,35.0,-92.0,720
2024-06-24,35.0,-91.5,90
2024-06-24,35.0,-91.0,990
2024-06-24,35.0,-90.5,630
2024-06-24,35.0,-90.0,540
2024-06-24,35.0,-89.5,630
2024-06-24,35.0,-89.0,2340
2024-06-24,35.0,-88.5,2070
2024-06-24,35.0,-88.0,360
2024-06-24,35.0,-87.5,540
2024-06-24,35.0,-86.0,90
2024-06-24,35.0,-85.5,90
2024-06-24,35.0,-85.0,90
2024-06-24,35.0,-84.5,270
2024-06-24,35.0,-83.5,180
2024-06-24,35.0,-83.0,990
2024-06-24,35.0,-82.5,1440
2024-06-24,35.0,-82.0,540
2024-06-24,35.0,-81.0,1350
2024-06-24,35.0,-80.5,450
2024-06-24,35.0,-80.0,720
2024-06-24,35.0,-79.5,3960
2024-06-24,35.0,-79.0,720
2024-06-24,35.0,-78.5,1260
2024-06-24,35.0,-78.0,4410
2024-06-24,35.0,-77.5,2880
2024-06-24,35.0,-77.0,4320
2024-06-24,35.0,-76.5,4950
2024-06-24,35.0,-76.0,2520
2024-06-24,35.0,-75.5,1890
2024-06-24,35.0,-75.0,1080
2024-06-24,35.0,-74.5,2430
2024-06-24,35.0,-74.0,2160
2024-06-24,35.0,-73.5,900
2024-06-24,35.0,-73.0,630
2024-06-24,35.0,-72.5,1800
2024-06-24,35.0,-72.0,1080
2024-06-24,35.0,-71.5,450
2024-06-24,35.0,-71.0,630
2024-06-24,35.0,-70.5,360
2024-06-24,35.0,-70.0,450
2024-06-24,35.0,-69.5,180
2024-06-24,35.5,-115.5,90
2024-06-24,35.5,-115.0,180
2024-06-24,35.5,-114.5,90
2024-06-24,35.5,-114.0,1260
2024-06-24,35.5,-113.5,1620
2024-06-24,35.5,-113.0,1170
2024-06-24,35.5,-112.5,1710
2024-06-24,35.5,-112.0,630
2024-06-24,35.5,-111.5,1350
2024-06-24,35.5,-111.0,810
2024-06-24,35.5,-110.5,2250
2024-06-24,35.5,-110.0,2250
2024-06-24,35.5,-109.5,1710
2024-06-24,35.5,-109.0,1260
2024-06-24,35.5,-108.5,1080
2024-06-24,35.5,-108.0,360
2024-06-24,35.5,-107.5,810
2024-06-24,35.5,-107.0,630
2024-06-24,35.5,-106.5,630
2024-06-24,35.5,-106.0,720
2024-06-24,35.5,-105.5,1260
2024-06-24,35.5,-105.0,1440
2024-06-24,35.5,-104.5,1440
2024-06-24,35.5,-104.0,900
2024-06-24,35.5,-103.5,270
2024-06-24,35.5,-103.0,180
2024-06-24,35.5,-102.5,360
2024-06-24,35.5,-102.0,450
2024-06-24,35.5,-101.5,1170
2024-06-24,35.5,-101.0,2160
2024-06-24,35.5,-100.5,180
2024-06-24,35.5,-100.0,540
2024-06-24,35.5,-99.5,90
2024-06-24,35.5,-98.5,990
2024-06-24,35.5,-98.0,810
2024-06-24,35.5,-97.5,5490
2024-06-24,35.5,-97.0,1710
2024-06-24,35.5,-96.5,900
2024-06-24,35.5,-96.0,2160
2024-06-24,35.5,-95.5,1980
2024-06-24,35.5,-95.0,450
2024-06-24,35.5,-94.5,270
2024-06-24,35.5,-94.0,1080
2024-06-24,35.5,-93.5,4050
2024-06-24,35.5,-93.0,720
2024-06-24,35.5,-92.5,1260
2024-06-24,35.5,-92.0,540
2024-06-24,35.5,-91.5,450
2024-06-24,35.5,-91.0,2790
2024-06-24,35.5,-90.5,2520
2024-06-24,35.5,-90.0,990
2024-06-24,35.5,-89.5,450
2024-06-24,35.5,-89.0,1170
2024-06-24,35.5,-88.5,2250
2024-06-24,35.5,-88.0,90
2024-06-24,35.5,-87.5,180
2024-06-24,35.5,-87.0,270
2024-06-24,35.5,-86.5,360
2024-06-24,35.5,-86.0,180
2024-06-24,35.5,-85.5,90
2024-06-24,35.5,-84.5,90
2024-06-24,35.5,-84.0,270
2024-06-24,35.5,-83.0,360
2024-06-24,35.5,-82.5,90
2024-06-24,35.5,-82.0,900
2024-06-24,35.5,-81.5,360
2024-06-24,35.5,-81.0,90
2024-06-24,35.5,-80.5,180
2024-06-24,35.5,-80.0,90
2024-06-24,35.5,-79.5,360
2024-06-24,35.5,-79.0,1170
2024-06-24,35.5,-78.5,180
2024-06-24,35.5,-78.0,270
2024-06-24,35.5,-77.5,2070
2024-06-24,35.5,-77.0,5130
2024-06-24,35.5,-76.5,7110
2024-06-24,35.5,-76.0,4950
2024-06-24,35.5,-75.5,3690
2024-06-24,35.5,-75.0,180
2024-06-24,35.5,-74.5,2970
2024-06-24,35.5,-74.0,2070
2024-06-24,35.5,-73.5,720
2024-06-24,35.5,-73.0,540
2024-06-24,35.5,-72.5,630
2024-06-24,35.5,-72.0,1350
2024-06-24,35.5,-71.5,270
2024-06-24,35.5,-71.0,180
2024-06-24,36.0,-118.5,270
2024-06-24,36.0,-118.0,90
2024-06-24,36.0,-114.5,180
2024-06-24,36.0,-114.0,450
2024-06-24,36.0,-113.5,810
2024-06-24,36.0,-113.0,900
2024-06-24,36.0,-112.5,630
2024-06-24,36.0,-112.0,630
2024-06-24,36.0,-111.5,810
2024-06-24,36.0,-111.0,630
2024-06-24,36.0,-110.5,1620
2024-06-24,36.0,-110.0,1800
2024-06-24,36.0,-109.5,1260
2024-06-24,36.0,-109.0,1350
2024-06-24,36.0,-108.5,450
2024-06-24,36.0,-108.0,450
2024-06-24,36.0,-107.5,180
2024-06-24,36.0,-107.0,630
2024-06-24,36.0,-106.5,630
2024-06-24,36.0,-106.0,180
2024-06-24,36.0,-105.5,360
2024-06-24,36.0,-105.0,360
2024-06-24,36.0,-104.5,1350
2024-06-24,36.0,-104.0,1800
2024-06-24,36.0,-103.5,1170
2024-06-24,36.0,-103.0,270
2024-06-24,36.0,-102.5,450
2024-06-24,36.0,-102.0,540
2024-06-24,36.0,-101.5,270
2024-06-24,36.0,-101.0,1080
2024-06-24,36.0,-100.5,1800
2024-06-24,36.0,-100.0,1260
2024-06-24,36.0,-99.5,810
2024-06-24,36.0,-99.0,90
2024-06-24,36.0,-98.5,720
2024-06-24,36.0,-98.0,3960
2024-06-24,36.0,-97.5,3330
2024-06-24,36.0,-97.0,7740
2024-06-24,36.0,-96.5,2970
2024-06-24,36.0,-96.0,2250
2024-06-24,36.0,-95.5,2250
2024-06-24,36.0,-95.0,360
2024-06-24,36.0,-94.5,360
2024-06-24,36.0,-94.0,90
2024-06-24,36.0,-93.0,810
2024-06-24,36.0,-92.5,3960
2024-06-24,36.0,-92.0,1170
2024-06-24,36.0,-91.5,1170
2024-06-24,36.0,-91.0,6750
2024-06-24,36.0,-90.5,1710
2024-06-24,36.0,-90.0,990
2024-06-24,36.0,-89.5,360
2024-06-24,36.0,-89.0,1260
2024-06-24,36.0,-88.5,7290
2024-06-24,36.0,-88.0,990
2024-06-24,36.0,-87.5,630
2024-06-24,36.0,-87.0,2250
2024-06-24,36.0,-86.5,900
2024-06-24,36.0,-86.0,1260
2024-06-24,36.0,-85.5,720
2024-06-24,36.0,-85.0,90
2024-06-24,36.0,-84.5,540
2024-06-24,36.0,-84.0,180
2024-06-24,36.0,-83.5,180
2024-06-24,36.0,-83.0,450
2024-06-24,36.0,-82.5,450
2024-06-24,36.0,-82.0,360
2024-06-24,36.0,-81.0,180
2024-06-24,36.0,-80.5,270
2024-06-24,36.0,-79.5,540
2024-06-24,36.0,-79.0,4140
2024-06-24,36.0,-78.5,2880
2024-06-24,36.0,-77.5,1890
2024-06-24,36.0,-77.0,990
2024-06-24,36.0,-76.5,6030
2024-06-24,36.0,-76.0,3960
2024-06-24,36.0,-75.5,3420
2024-06-24,36.0,-75.0,2070
2024-06-24,36.0,-74.5,3780
2024-06-24,36.0,-74.0,3150
2024-06-24,36.0,-73.5,6660
2024-06-24,36.0,-73.0,2700
2024-06-24,36.0,-72.5,2160
2024-06-24,36.0,-72.0,270
2024-06-24,36.0,-71.5,180
2024-06-24,36.0,-70.5,630
2024-06-24,36.5,-118.5,360
2024-06-24,36.5,-118.0,270
2024-06-24,36.5,-117.5,180
2024-06-24,36.5,-114.0,180
2024-06-24,36.5,-113.5,810
2024-06-24,36.5,-113.0,900
2024-06-24,36.5,-112.5,630
2024-06-24,36.5,-112.0,1620
2024-06-24,36.5,-111.5,540
2024-06-24,36.5,-111.0,990
2024-06-24,36.5,-110.5,2430
2024-06-24,36.5,-110.0,540
2024-06-24,36.5,-109.5,540
2024-06-24,36.5,-109.0,720
2024-06-24,36.5,-108.5,1080
2024-06-24,36.5,-108.0,540
2024-06-24,36.5,-107.5,900
2024-06-24,36.5,-107.0,360
2024-06-24,36.5,-106.5,180
2024-06-24,36.5,-106.0,90
2024-06-24,36.5,-105.5,90
2024-06-24,36.5,-105.0,180
2024-06-24,36.5,-104.5,540
2024-06-24,36.5,-104.0,990
2024-06-24,36.5,-103.5,360
2024-06-24,36.5,-103.0,540
2024-06-24,36.5,-102.5,720
2024-06-24,36.5,-102.0,1170
2024-06-24,36.5,-101.5,1170
2024-06-24,36.5,-101.0,2520
2024-06-24,36.5,-100.5,1440
2024-06-24,36.5,-100.0,1980
2024-06-24,36.5,-99.5,1620
2024-06-24,36.5,-99.0,2700
2024-06-24,36.5,-98.5,1170
2024-06-24,36.5,-98.0,2160
2024-06-24,36.5,-97.5,1800
2024-06-24,36.5,-97.0,3780
2024-06-24,36.5,-96.5,4860
2024-06-24,36.5,-96.0,10170
2024-06-24,36.5,-95.5,4140
2024-06-24,36.5,-95.0,90
2024-06-24,36.5,-94.5,90
2024-06-24,36.5,-94.0,270
2024-06-24,36.5,-93.5,180
2024-06-24,36.5,-93.0,2700
2024-06-24,36.5,-92.5,6390
2024-06-24,36.5,-92.0,2160
2024-06-24,36.5,-91.5,3510
2024-06-24,36.5,-91.0,6480
2024-06-24,36.5,-90.5,3060
2024-06-24,36.5,-90.0,990
2024-06-24,36.5,-89.5,810
2024-06-24,36.5,-89.0,3330
2024-06-24,36.5,-88.5,3600
2024-06-24,36.5,-88.0,1980
2024-06-24,36.5,-87.5,2160
2024-06-24,36.5,-87.0,3510
2024-06-24,36.5,-86.5,2250
2024-06-24,36.5,-86.0,2340
2024-06-24,36.5,-85.5,630
2024-06-24,36.5,-85.0,720
2024-06-24,36.5,-84.5,270
2024-06-24,36.5,-84.0,900
2024-06-24,36.5,-83.5,630
2024-06-24,36.5,-83.0,990
2024-06-24,36.5,-82.5,1980
2024-06-24,36.5,-82.0,540
2024-06-24,36.5,-81.5,360
2024-06-24,36.5,-81.0,270
2024-06-24,36.5,-80.5,270
2024-06-24,36.5,-80.0,1980
2024-06-24,36.5,-79.5,1170
2024-06-24,36.5,-79.0,360
2024-06-24,36.5,-78.5,2340
2024-06-24,36.5,-78.0,1530
2024-06-24,36.5,-77.5,3780
2024-06-24,36.5,-77.0,2430
2024-06-24,36.5,-76.5,7380
2024-06-24,36.5,-76.0,3690
2024-06-24,36.5,-75.5,1440
2024-06-24,36.5,-75.0,540
2024-06-24,36.5,-74.5,720
2024-06-24,36.5,-74.0,810
2024-06-24,36.5,-73.5,1350
2024-06-24,36.5,-73.0,2160
2024-06-24,36.5,-72.5,720
2024-06-24,36.5,-72.0,990
2024-06-24,36.5,-71.5,540
2024-06-24,36.5,-71.0,1710
2024-06-24,36.5,-70.5,450
2024-06-24,36.5,-70.0,180
2024-06-24,36.5,-69.5,540
2024-06-24,36.5,-69.0,270
2024-06-24,36.5,-68.5,90
2024-06-24,36.5,-68.0,90
2024-06-24,36.5,-67.5,90
2024-06-24,36.5,-66.0,90
2024-06-24,37.0,-120.0,90
2024-06-24,37.0,-119.5,90
2024-06-24,37.0,-119.0,90
2024-06-24,37.0,-118.5,180
2024-06-24,37.0,-118.0,180
2024-06-24,37.0,-116.0,90
2024-06-24,37.0,-115.5,90
2024-06-24,37.0,-113.5,90
2024-06-24,37.0,-113.0,90
2024-06-24,37.0,-112.5,540
2024-06-24,37.0,-112.0,990
2024-06-24,37.0,-111.5,1170
2024-06-24,37.0,-111.0,450
2024-06-24,37.0,-110.5,1080
2024-06-24,37.0,-110.0,450
2024-06-24,37.0,-109.5,900
2024-06-24,37.0,-109.0,990
2024-06-24,37.0,-108.5,1170
2024-06-24,37.0,-108.0,810
2024-06-24,37.0,-107.5,540
2024-06-24,37.0,-107.0,900
2024-06-24,37.0,-106.5,360
2024-06-24,37.0,-106.0,180
2024-06-24,37.0,-105.5,180
2024-06-24,37.0,-105.0,180
2024-06-24,37.0,-104.5,810
2024-06-24,37.0,-104.0,900
2024-06-24,37.0,-103.5,1350
2024-06-24,37.0,-103.0,2160
2024-06-24,37.0,-102.5,1980
2024-06-24,37.0,-102.0,630
2024-06-24,37.0,-101.5,630
2024-06-24,37.0,-101.0,2520
2024-06-24,37.0,-100.5,2160
2024-06-24,37.0,-100.0,1350
2024-06-24,37.0,-99.5,3870
2024-06-24,37.0,-99.0,7110
2024-06-24,37.0,-98.5,2160
2024-06-24,37.0,-98.0,1440
2024-06-24,37.0,-97.5,2430
2024-06-24,37.0,-97.0,2250
2024-06-24,37.0,-96.5,900
2024-06-24,37.0,-96.0,7830
2024-06-24,37.0,-95.5,6750
2024-06-24,37.0,-95.0,900
2024-06-24,37.0,-94.5,540
2024-06-24,37.0,-94.0,270
2024-06-24,37.0,-93.5,630
2024-06-24,37.0,-93.0,3150
2024-06-24,37.0,-92.5,3150
2024-06-24,37.0,-92.0,630
2024-06-24,37.0,-91.5,2610
2024-06-24,37.0,-91.0,11520
2024-06-24,37.0,-90.5,11340
2024-06-24,37.0,-90.0,5490
2024-06-24,37.0,-89.5,4680
2024-06-24,37.0,-89.0,3960
2024-06-24,37.0,-88.5,2700
2024-06-24,37.0,-88.0,4500
2024-06-24,37.0,-87.5,2250
2024-06-24,37.0,-87.0,1530
2024-06-24,37.0,-86.5,990
2024-06-24,37.0,-86.0,270
2024-06-24,37.0,-85.5,990
2024-06-24,37.0,-85.0,540
2024-06-24,37.0,-84.5,810
2024-06-24,37.0,-84.0,900
2024-06-24,37.0,-83.5,720
2024-06-24,37.0,-83.0,1620
2024-06-24,37.0,-82.5,900
2024-06-24,37.0,-82.0,540
2024-06-24,37.0,-81.5,360
2024-06-24,37.0,-81.0,540
2024-06-24,37.0,-80.5,450
2024-06-24,37.0,-80.0,180
2024-06-24,37.0,-79.0,450
2024-06-24,37.0,-78.5,1170
2024-06-24,37.0,-78.0,990
2024-06-24,37.0,-77.5,1440
2024-06-24,37.0,-77.0,3330
2024-06-24,37.0,-76.5,1620
2024-06-24,37.0,-76.0,3780
2024-06-24,37.0,-75.0,90
2024-06-24,37.0,-74.0,90
2024-06-24,37.0,-73.5,810
2024-06-24,37.0,-73.0,900
2024-06-24,37.0,-72.5,1350
2024-06-24,37.0,-72.0,990
2024-06-24,37.0,-71.5,540
2024-06-24,37.0,-71.0,360
2024-06-24,37.0,-70.5,180
2024-06-24,37.0,-70.0,360
2024-06-24,37.0,-69.5,900
2024-06-24,37.0,-69.0,180
2024-06-24,37.0,-68.0,270
2024-06-24,37.5,-120.0,90
2024-06-24,37.5,-119.5,90
2024-06-24,37.5,-119.0,90
2024-06-24,37.5,-118.5,270
2024-06-24,37.5,-118.0,450
2024-06-24,37.5,-117.5,270
2024-06-24,37.5,-115.5,90
2024-06-24,37.5,-115.0,90
2024-06-24,37.5,-114.5,180
2024-06-24,37.5,-114.0,90
2024-06-24,37.5,-113.5,450
2024-06-24,37.5,-113.0,720
2024-06-24,37.5,-112.5,900
2024-06-24,37.5,-112.0,1260
2024-06-24,37.5,-111.5,1350
2024-06-24,37.5,-111.0,1980
2024-06-24,37.5,-110.5,630
2024-06-24,37.5,-110.0,1080
2024-06-24,37.5,-109.5,540
2024-06-24,37.5,-109.0,360
2024-06-24,37.5,-108.5,450
2024-06-24,37.5,-108.0,180
2024-06-24,37.5,-107.5,720
2024-06-24,37.5,-107.0,270
2024-06-24,37.5,-106.5,990
2024-06-24,37.5,-106.0,270
2024-06-24,37.5,-104.0,180
2024-06-24,37.5,-103.5,90
2024-06-24,37.5,-103.0,270
2024-06-24,37.5,-102.5,450
2024-06-24,37.5,-102.0,360
2024-06-24,37.5,-101.5,270
2024-06-24,37.5,-101.0,180
2024-06-24,37.5,-100.5,450
2024-06-24,37.5,-100.0,1260
2024-06-24,37.5,-99.5,1260
2024-06-24,37.5,-99.0,3510
2024-06-24,37.5,-98.5,4770
2024-06-24,37.5,-98.0,1440
2024-06-24,37.5,-97.5,630
2024-06-24,37.5,-97.0,540
2024-06-24,37.5,-96.5,1620
2024-06-24,37.5,-96.0,1800
2024-06-24,37.5,-95.5,4860
2024-06-24,37.5,-95.0,1890
2024-06-24,37.5,-94.5,720
2024-06-24,37.5,-94.0,5760
2024-06-24,37.5,-93.5,2520
2024-06-24,37.5,-93.0,2250
2024-06-24,37.5,-92.5,990
2024-06-24,37.5,-92.0,1260
2024-06-24,37.5,-91.5,630
2024-06-24,37.5,-91.0,3150
2024-06-24,37.5,-90.5,3690
2024-06-24,37.5,-90.0,3780
2024-06-24,37.5,-89.5,1350
2024-06-24,37.5,-89.0,900
2024-06-24,37.5,-88.5,1170
2024-06-24,37.5,-88.0,1170
2024-06-24,37.5,-87.5,1080
2024-06-24,37.5,-87.0,630
2024-06-24,37.5,-86.5,990
2024-06-24,37.5,-86.0,810
2024-06-24,37.5,-85.5,540
2024-06-24,37.5,-85.0,90
2024-06-24,37.5,-84.5,900
2024-06-24,37.5,-84.0,1440
2024-06-24,37.5,-83.5,450
2024-06-24,37.5,-83.0,1530
2024-06-24,37.5,-82.5,1080
2024-06-24,37.5,-82.0,1440
2024-06-24,37.5,-81.5,810
2024-06-24,37.5,-81.0,990
2024-06-24,37.5,-80.5,360
2024-06-24,37.5,-79.5,360
2024-06-24,37.5,-78.5,630
2024-06-24,37.5,-78.0,990
2024-06-24,37.5,-77.5,3870
2024-06-24,37.5,-77.0,1620
2024-06-24,37.5,-76.5,3060
2024-06-24,37.5,-76.0,1350
2024-06-24,37.5,-75.5,1980
2024-06-24,37.5,-75.0,450
2024-06-24,37.5,-74.0,360
2024-06-24,37.5,-73.5,180
2024-06-24,37.5,-73.0,900
2024-06-24,37.5,-72.5,630
2024-06-24,37.5,-72.0,270
2024-06-24,37.5,-71.5,1170
2024-06-24,37.5,-71.0,540
2024-06-24,37.5,-70.5,450
2024-06-24,37.5,-70.0,270
2024-06-24,37.5,-69.5,180
2024-06-24,37.5,-69.0,180
2024-06-24,37.5,-68.5,180
2024-06-24,37.5,-68.0,90
2024-06-24,38.0,-120.0,90
2024-06-24,38.0,-119.5,90
2024-06-24,38.0,-119.0,360
2024-06-24,38.0,-118.5,180
2024-06-24,38.0,-118.0,90
2024-06-24,38.0,-117.5,450
2024-06-24,38.0,-117.0,270
2024-06-24,38.0,-116.5,450
2024-06-24,38.0,-116.0,270
2024-06-24,38.0,-115.5,810
2024-06-24,38.0,-115.0,630
2024-06-24,38.0,-114.5,1350
2024-06-24,38.0,-114.0,1440
2024-06-24,38.0,-113.5,810
2024-06-24,38.0,-113.0,630
2024-06-24,38.0,-112.5,810
2024-06-24,38.0,-112.0,1620
2024-06-24,38.0,-111.5,2160
2024-06-24,38.0,-111.0,2070
2024-06-24,38.0,-110.5,990
2024-06-24,38.0,-110.0,810
2024-06-24,38.0,-109.5,360
2024-06-24,38.0,-109.0,540
2024-06-24,38.0,-108.5,1080
2024-06-24,38.0,-108.0,540
2024-06-24,38.0,-107.5,360
2024-06-24,38.0,-107.0,180
2024-06-24,38.0,-106.5,630
2024-06-24,38.0,-106.0,450
2024-06-24,38.0,-105.5,180
2024-06-24,38.0,-105.0,270
2024-06-24,38.0,-104.5,1080
2024-06-24,38.0,-104.0,1080
2024-06-24,38.0,-101.5,180
2024-06-24,38.0,-101.0,360
2024-06-24,38.0,-100.5,810
2024-06-24,38.0,-100.0,1710
2024-06-24,38.0,-99.5,4050
2024-06-24,38.0,-99.0,2070
2024-06-24,38.0,-98.5,270
2024-06-24,38.0,-98.0,360
2024-06-24,38.0,-97.5,450
2024-06-24,38.0,-97.0,1620
2024-06-24,38.0,-96.5,90
2024-06-24,38.0,-96.0,1350
2024-06-24,38.0,-95.5,3600
2024-06-24,38.0,-95.0,3870
2024-06-24,38.0,-94.5,7650
2024-06-24,38.0,-94.0,5040
2024-06-24,38.0,-93.5,2340
2024-06-24,38.0,-93.0,3870
2024-06-24,38.0,-92.5,1080
2024-06-24,38.0,-92.0,1170
2024-06-24,38.0,-91.5,1800
2024-06-24,38.0,-91.0,2160
2024-06-24,38.0,-90.5,3330
2024-06-24,38.0,-90.0,630
2024-06-24,38.0,-89.5,2160
2024-06-24,38.0,-89.0,3060
2024-06-24,38.0,-88.5,2790
2024-06-24,38.0,-88.0,1440
2024-06-24,38.0,-87.5,990
2024-06-24,38.0,-87.0,990
2024-06-24,38.0,-86.5,180
2024-06-24,38.0,-86.0,810
2024-06-24,38.0,-85.5,90
2024-06-24,38.0,-85.0,720
2024-06-24,38.0,-84.5,270
2024-06-24,38.0,-84.0,4950
2024-06-24,38.0,-83.5,630
2024-06-24,38.0,-83.0,360
2024-06-24,38.0,-82.5,1260
2024-06-24,38.0,-82.0,540
2024-06-24,38.0,-81.5,3150
2024-06-24,38.0,-81.0,1080
2024-06-24,38.0,-80.5,540
2024-06-24,38.0,-80.0,270
2024-06-24,38.0,-79.5,270
2024-06-24,38.0,-79.0,630
2024-06-24,38.0,-78.5,810
2024-06-24,38.0,-78.0,1260
2024-06-24,38.0,-77.5,1710
2024-06-24,38.0,-77.0,2340
2024-06-24,38.0,-76.5,3510
2024-06-24,38.0,-76.0,2970
2024-06-24,38.0,-75.5,2970
2024-06-24,38.0,-75.0,1890
2024-06-24,38.0,-74.5,360
2024-06-24,38.0,-74.0,270
2024-06-24,38.0,-73.5,180
2024-06-24,38.0,-73.0,180
2024-06-24,38.0,-72.5,360
2024-06-24,38.0,-72.0,270
2024-06-24,38.0,-71.5,270
2024-06-24,38.0,-71.0,1710
2024-06-24,38.0,-70.5,450
2024-06-24,38.0,-70.0,540
2024-06-24,38.0,-69.5,90
2024-06-24,38.0,-69.0,180
2024-06-24,38.0,-68.5,180
2024-06-24,38.5,-119.5,540
2024-06-24,38.5,-119.0,720
2024-06-24,38.5,-118.0,360
2024-06-24,38.5,-117.5,270
2024-06-24,38.5,-117.0,180
2024-06-24,38.5,-116.5,360
2024-06-24,38.5,-116.0,90
2024-06-24,38.5,-115.5,180
2024-06-24,38.5,-115.0,270
2024-06-24,38.5,-114.0,360
2024-06-24,38.5,-113.5,540
2024-06-24,38.5,-113.0,1980
2024-06-24,38.5,-112.5,1440
2024-06-24,38.5,-112.0,1800
2024-06-24,38.5,-111.5,1080
2024-06-24,38.5,-111.0,810
2024-06-24,38.5,-110.5,630
2024-06-24,38.5,-110.0,630
2024-06-24,38.5,-109.5,720
2024-06-24,38.5,-109.0,1890
2024-06-24,38.5,-108.5,720
2024-06-24,38.5,-108.0,180
2024-06-24,38.5,-107.5,360
2024-06-24,38.5,-107.0,180
2024-06-24,38.5,-106.5,90
2024-06-24,38.5,-106.0,630
2024-06-24,38.5,-105.5,180
2024-06-24,38.5,-105.0,180
2024-06-24,38.5,-104.5,90
2024-06-24,38.5,-103.0,1080
2024-06-24,38.5,-102.5,630
2024-06-24,38.5,-102.0,1080
2024-06-24,38.5,-101.5,1710
2024-06-24,38.5,-101.0,4230
2024-06-24,38.5,-100.5,3600
2024-06-24,38.5,-100.0,2790
2024-06-24,38.5,-99.5,1440
2024-06-24,38.5,-99.0,90
2024-06-24,38.5,-98.5,90
2024-06-24,38.5,-97.5,2700
2024-06-24,38.5,-97.0,1350
2024-06-24,38.5,-96.5,990
2024-06-24,38.5,-96.0,2070
2024-06-24,38.5,-95.5,5130
2024-06-24,38.5,-95.0,6030
2024-06-24,38.5,-94.5,3960
2024-06-24,38.5,-94.0,2520
2024-06-24,38.5,-93.5,1530
2024-06-24,38.5,-93.0,1530
2024-06-24,38.5,-92.5,2070
2024-06-24,38.5,-92.0,900
2024-06-24,38.5,-91.5,2340
2024-06-24,38.5,-91.0,900
2024-06-24,38.5,-90.5,990
2024-06-24,38.5,-90.0,270
2024-06-24,38.5,-89.5,720
2024-06-24,38.5,-89.0,270
2024-06-24,38.5,-88.5,990
2024-06-24,38.5,-88.0,900
2024-06-24,38.5,-87.5,990
2024-06-24,38.5,-87.0,180
2024-06-24,38.5,-86.5,1080
2024-06-24,38.5,-86.0,630
2024-06-24,38.5,-85.5,1080
2024-06-24,38.5,-84.5,180
2024-06-24,38.5,-84.0,270
2024-06-24,38.5,-83.5,2970
2024-06-24,38.5,-83.0,1530
2024-06-24,38.5,-82.5,2340
2024-06-24,38.5,-82.0,900
2024-06-24,38.5,-81.5,1170
2024-06-24,38.5,-81.0,900
2024-06-24,38.5,-80.5,1260
2024-06-24,38.5,-80.0,360
2024-06-24,38.5,-79.5,450
2024-06-24,38.5,-79.0,180
2024-06-24,38.5,-78.5,270
2024-06-24,38.5,-77.5,720
2024-06-24,38.5,-77.0,990
2024-06-24,38.5,-76.5,1350
2024-06-24,38.5,-76.0,90
2024-06-24,38.5,-75.5,90
2024-06-24,38.5,-75.0,270
2024-06-24,38.5,-74.5,270
2024-06-24,38.5,-74.0,270
2024-06-24,38.5,-73.5,270
2024-06-24,38.5,-73.0,180
2024-06-24,38.5,-72.5,180
2024-06-24,38.5,-72.0,270
2024-06-24,38.5,-71.5,2250
2024-06-24,38.5,-71.0,1350
2024-06-24,38.5,-70.5,4050
2024-06-24,38.5,-70.0,1170
2024-06-24,38.5,-69.5,630
2024-06-24,38.5,-69.0,540
2024-06-24,38.5,-68.5,180
2024-06-24,39.0,-119.5,360
2024-06-24,39.0,-119.0,630
2024-06-24,39.0,-118.5,450
2024-06-24,39.0,-118.0,450
2024-06-24,39.0,-117.5,90
2024-06-24,39.0,-117.0,450
2024-06-24,39.0,-116.5,270
2024-06-24,39.0,-116.0,720
2024-06-24,39.0,-115.5,630
2024-06-24,39.0,-115.0,1440
2024-06-24,39.0,-114.5,450
2024-06-24,39.0,-114.0,360
2024-06-24,39.0,-113.5,1350
2024-06-24,39.0,-113.0,360
2024-06-24,39.0,-112.5,540
2024-06-24,39.0,-112.0,1890
2024-06-24,39.0,-111.5,900
2024-06-24,39.0,-111.0,2070
2024-06-24,39.0,-110.5,630
2024-06-24,39.0,-110.0,90
2024-06-24,39.0,-109.5,90
2024-06-24,39.0,-109.0,270
2024-06-24,39.0,-108.5,720
2024-06-24,39.0,-108.0,630
2024-06-24,39.0,-107.5,270
2024-06-24,39.0,-107.0,90
2024-06-24,39.0,-106.5,90
2024-06-24,39.0,-106.0,720
2024-06-24,39.0,-105.5,270
2024-06-24,39.0,-105.0,900
2024-06-24,39.0,-104.5,360
2024-06-24,39.0,-104.0,540
2024-06-24,39.0,-103.5,90
2024-06-24,39.0,-103.0,180
2024-06-24,39.0,-102.5,450
2024-06-24,39.0,-102.0,1440
2024-06-24,39.0,-101.5,1440
2024-06-24,39.0,-101.0,1530
2024-06-24,39.0,-100.5,1620
2024-06-24,39.0,-100.0,1170
2024-06-24,39.0,-99.5,810
2024-06-24,39.0,-99.0,90
2024-06-24,39.0,-98.0,1980
2024-06-24,39.0,-97.5,1890
2024-06-24,39.0,-97.0,2520
2024-06-24,39.0,-96.5,1440
2024-06-24,39.0,-96.0,360
2024-06-24,39.0,-95.5,2430
2024-06-24,39.0,-95.0,1440
2024-06-24,39.0,-94.5,1890
2024-06-24,39.0,-94.0,2520
2024-06-24,39.0,-93.5,2520
2024-06-24,39.0,-93.0,2160
2024-06-24,39.0,-92.5,720
2024-06-24,39.0,-92.0,1080
2024-06-24,39.0,-91.5,2610
2024-06-24,39.0,-91.0,270
2024-06-24,39.0,-90.5,450
2024-06-24,39.0,-90.0,90
2024-06-24,39.0,-89.0,630
2024-06-24,39.0,-88.5,1080
2024-06-24,39.0,-88.0,810
2024-06-24,39.0,-87.5,720
2024-06-24,39.0,-87.0,990
2024-06-24,39.0,-86.5,630
2024-06-24,39.0,-86.0,450
2024-06-24,39.0,-85.5,1170
2024-06-24,39.0,-85.0,540
2024-06-24,39.0,-84.5,2160
2024-06-24,39.0,-84.0,1260
2024-06-24,39.0,-83.5,360
2024-06-24,39.0,-83.0,540
2024-06-24,39.0,-82.5,630
2024-06-24,39.0,-82.0,990
2024-06-24,39.0,-81.5,630
2024-06-24,39.0,-81.0,2160
2024-06-24,39.0,-80.5,2070
2024-06-24,39.0,-80.0,900
2024-06-24,39.0,-79.5,630
2024-06-24,39.0,-79.0,270
2024-06-24,39.0,-78.5,270
2024-06-24,39.0,-78.0,810
2024-06-24,39.0,-77.5,1440
2024-06-24,39.0,-77.0,720
2024-06-24,39.0,-76.5,990
2024-06-24,39.0,-76.0,1080
2024-06-24,39.0,-75.5,1440
2024-06-24,39.0,-75.0,2070
2024-06-24,39.0,-74.5,270
2024-06-24,39.0,-74.0,720
2024-06-24,39.0,-73.5,630
2024-06-24,39.0,-73.0,180
2024-06-24,39.0,-72.5,270
2024-06-24,39.0,-72.0,90
2024-06-24,39.0,-71.5,360
2024-06-24,39.0,-71.0,990
2024-06-24,39.0,-70.5,810
2024-06-24,39.0,-70.0,2430
2024-06-24,39.0,-69.5,810
2024-06-24,39.0,-69.0,180
2024-06-24,39.0,-68.5,90
2024-06-24,39.0,-67.0,180
2024-06-24,39.0,-66.5,180
2024-06-24,39.5,-120.0,90
2024-06-24,39.5,-119.5,90
2024-06-24,39.5,-118.5,90
2024-06-24,39.5,-118.0,270
2024-06-24,39.5,-117.5,180
2024-06-24,39.5,-117.0,360
2024-06-24,39.5,-116.5,180
2024-06-24,39.5,-116.0,630
2024-06-24,39.5,-115.5,180
2024-06-24,39.5,-115.0,450
2024-06-24,39.5,-114.5,900
2024-06-24,39.5,-114.0,270
2024-06-24,39.5,-113.5,180
2024-06-24,39.5,-113.0,270
2024-06-24,39.5,-112.5,270
2024-06-24,39.5,-112.0,810
2024-06-24,39.5,-111.5,630
2024-06-24,39.5,-111.0,1440
2024-06-24,39.5,-110.5,450
2024-06-24,39.5,-110.0,180
2024-06-24,39.5,-109.5,900
2024-06-24,39.5,-109.0,630
2024-06-24,39.5,-108.5,1530
2024-06-24,39.5,-108.0,810
2024-06-24,39.5,-107.5,360
2024-06-24,39.5,-107.0,630
2024-06-24,39.5,-106.5,630
2024-06-24,39.5,-106.0,180
2024-06-24,39.5,-105.5,180
2024-06-24,39.5,-105.0,90
2024-06-24,39.5,-104.5,450
2024-06-24,39.5,-104.0,900
2024-06-24,39.5,-103.5,450
2024-06-24,39.5,-103.0,1170
2024-06-24,39.5,-102.5,450
2024-06-24,39.5,-102.0,900
2024-06-24,39.5,-101.5,270
2024-06-24,39.5,-101.0,1710
2024-06-24,39.5,-100.5,2340
2024-06-24,39.5,-100.0,1080
2024-06-24,39.5,-99.5,450
2024-06-24,39.5,-99.0,180
2024-06-24,39.5,-98.5,90
2024-06-24,39.5,-98.0,3420
2024-06-24,39.5,-97.5,1530
2024-06-24,39.5,-97.0,900
2024-06-24,39.5,-96.5,3240
2024-06-24,39.5,-96.0,1170
2024-06-24,39.5,-95.5,1530
2024-06-24,39.5,-95.0,1800
2024-06-24,39.5,-94.5,1260
2024-06-24,39.5,-94.0,2430
2024-06-24,39.5,-93.5,2250
2024-06-24,39.5,-93.0,3420
2024-06-24,39.5,-92.5,1620
2024-06-24,39.5,-92.0,1260
2024-06-24,39.5,-91.5,540
2024-06-24,39.5,-91.0,1890
2024-06-24,39.5,-90.5,2160
2024-06-24,39.5,-90.0,1800
2024-06-24,39.5,-89.5,1260
2024-06-24,39.5,-89.0,1620
2024-06-24,39.5,-88.5,4050
2024-06-24,39.5,-88.0,2160
2024-06-24,39.5,-87.5,2790
2024-06-24,39.5,-87.0,360
2024-06-24,39.5,-86.5,1710
2024-06-24,39.5,-86.0,3150
2024-06-24,39.5,-85.5,270
2024-06-24,39.5,-85.0,1170
2024-06-24,39.5,-84.5,720
2024-06-24,39.5,-83.5,180
2024-06-24,39.5,-83.0,90
2024-06-24,39.5,-82.5,360
2024-06-24,39.5,-82.0,180
2024-06-24,39.5,-81.5,1260
2024-06-24,39.5,-81.0,1620
2024-06-24,39.5,-80.5,900
2024-06-24,39.5,-80.0,1440
2024-06-24,39.5,-79.5,450
2024-06-24,39.5,-79.0,180
2024-06-24,39.5,-78.5,90
2024-06-24,39.5,-78.0,1350
2024-06-24,39.5,-77.5,1530
2024-06-24,39.5,-77.0,1080
2024-06-24,39.5,-76.5,990
2024-06-24,39.5,-76.0,2430
2024-06-24,39.5,-75.5,2160
2024-06-24,39.5,-75.0,5940
2024-06-24,39.5,-74.5,5130
2024-06-24,39.5,-74.0,1980
2024-06-24,39.5,-73.5,900
2024-06-24,39.5,-73.0,810
2024-06-24,39.5,-72.5,900
2024-06-24,39.5,-72.0,450
2024-06-24,39.5,-71.5,180
2024-06-24,39.5,-71.0,630
2024-06-24,39.5,-70.5,270
2024-06-24,39.5,-70.0,270
2024-06-24,39.5,-69.5,1170
2024-06-24,39.5,-69.0,450
2024-06-24,39.5,-68.5,180
2024-06-24,39.5,-68.0,270
2024-06-24,39.5,-67.5,90
2024-06-24,39.5,-67.0,90
2024-06-24,39.5,-66.5,90
2024-06-24,40.0,-119.0,90
2024-06-24,40.0,-117.0,180
2024-06-24,40.0,-116.5,540
2024-06-24,40.0,-116.0,630
2024-06-24,40.0,-115.5,90
2024-06-24,40.0,-115.0,270
2024-06-24,40.0,-114.5,180
2024-06-24,40.0,-114.0,180
2024-06-24,40.0,-113.0,90
2024-06-24,40.0,-111.5,90
2024-06-24,40.0,-111.0,360
2024-06-24,40.0,-110.5,540
2024-06-24,40.0,-110.0,450
2024-06-24,40.0,-109.5,720
2024-06-24,40.0,-109.0,450
2024-06-24,40.0,-108.5,450
2024-06-24,40.0,-108.0,1890
2024-06-24,40.0,-107.5,540
2024-06-24,40.0,-107.0,450
2024-06-24,40.0,-106.5,450
2024-06-24,40.0,-106.0,90
2024-06-24,40.0,-105.5,270
2024-06-24,40.0,-105.0,180
2024-06-24,40.0,-104.5,270
2024-06-24,40.0,-103.5,540
2024-06-24,40.0,-103.0,90
2024-06-24,40.0,-102.5,810
2024-06-24,40.0,-102.0,1260
2024-06-24,40.0,-101.5,720
2024-06-24,40.0,-101.0,360
2024-06-24,40.0,-100.5,450
2024-06-24,40.0,-100.0,270
2024-06-24,40.0,-98.5,90
2024-06-24,40.0,-98.0,450
2024-06-24,40.0,-97.5,1440
2024-06-24,40.0,-97.0,3420
2024-06-24,40.0,-96.5,1440
2024-06-24,40.0,-96.0,1260
2024-06-24,40.0,-95.5,3690
2024-06-24,40.0,-95.0,1170
2024-06-24,40.0,-94.5,180
2024-06-24,40.0,-94.0,540
2024-06-24,40.0,-93.5,2790
2024-06-24,40.0,-93.0,1890
2024-06-24,40.0,-92.5,720
2024-06-24,40.0,-92.0,2160
2024-06-24,40.0,-91.5,450
2024-06-24,40.0,-91.0,1980
2024-06-24,40.0,-90.5,2970
2024-06-24,40.0,-90.0,3150
2024-06-24,40.0,-89.5,1620
2024-06-24,40.0,-89.0,180
2024-06-24,40.0,-88.5,180
2024-06-24,40.0,-88.0,90
2024-06-24,40.0,-87.5,4950
2024-06-24,40.0,-87.0,990
2024-06-24,40.0,-86.5,360
2024-06-24,40.0,-86.0,720
2024-06-24,40.0,-85.5,360
2024-06-24,40.0,-85.0,180
2024-06-24,40.0,-84.5,90
2024-06-24,40.0,-84.0,540
2024-06-24,40.0,-83.5,90
2024-06-24,40.0,-83.0,180
2024-06-24,40.0,-81.0,360
2024-06-24,40.0,-80.5,180
2024-06-24,40.0,-80.0,450
2024-06-24,40.0,-79.5,90
2024-06-24,40.0,-79.0,1170
2024-06-24,40.0,-78.5,810
2024-06-24,40.0,-78.0,990
2024-06-24,40.0,-77.5,1080
2024-06-24,40.0,-77.0,1260
2024-06-24,40.0,-76.5,3060
2024-06-24,40.0,-76.0,990
2024-06-24,40.0,-75.5,990
2024-06-24,40.0,-75.0,180
2024-06-24,40.0,-74.5,2430
2024-06-24,40.0,-74.0,1620
2024-06-24,40.0,-73.5,1710
2024-06-24,40.0,-73.0,630
2024-06-24,40.0,-72.5,180
2024-06-24,40.0,-72.0,540
2024-06-24,40.0,-71.5,90
2024-06-24,40.0,-71.0,90
2024-06-24,40.0,-70.5,180
2024-06-24,40.0,-70.0,180
2024-06-24,40.0,-69.5,450
2024-06-24,40.0,-69.0,630
2024-06-24,40.0,-68.5,450
2024-06-24,40.0,-68.0,450
2024-06-24,40.0,-67.0,90
2024-06-24,40.0,-66.5,270
2024-06-24,40.5,-116.0,360
2024-06-24,40.5,-115.5,90
2024-06-24,40.5,-114.5,180
2024-06-24,40.5,-113.0,180
2024-06-24,40.5,-111.5,90
2024-06-24,40.5,-110.5,90
2024-06-24,40.5,-110.0,360
2024-06-24,40.5,-109.5,1170
2024-06-24,40.5,-109.0,1170
2024-06-24,40.5,-108.5,720
2024-06-24,40.5,-108.0,630
2024-06-24,40.5,-107.5,540
2024-06-24,40.5,-107.0,900
2024-06-24,40.5,-106.5,810
2024-06-24,40.5,-106.0,360
2024-06-24,40.5,-105.5,270
2024-06-24,40.5,-104.5,90
2024-06-24,40.5,-103.5,450
2024-06-24,40.5,-102.5,540
2024-06-24,40.5,-102.0,180
2024-06-24,40.5,-101.5,630
2024-06-24,40.5,-101.0,450
2024-06-24,40.5,-100.5,720
2024-06-24,40.5,-100.0,270
2024-06-24,40.5,-99.0,1890
2024-06-24,40.5,-98.5,1350
2024-06-24,40.5,-98.0,1080
2024-06-24,40.5,-97.5,180
2024-06-24,40.5,-97.0,1350
2024-06-24,40.5,-96.5,2700
2024-06-24,40.5,-96.0,2880
2024-06-24,40.5,-95.5,3330
2024-06-24,40.5,-95.0,5220
2024-06-24,40.5,-94.5,5130
2024-06-24,40.5,-94.0,5040
2024-06-24,40.5,-93.5,6480
2024-06-24,40.5,-93.0,2250
2024-06-24,40.5,-92.5,900
2024-06-24,40.5,-92.0,5310
2024-06-24,40.5,-91.5,2610
2024-06-24,40.5,-91.0,990
2024-06-24,40.5,-90.5,1980
2024-06-24,40.5,-90.0,2340
2024-06-24,40.5,-89.5,2070
2024-06-24,40.5,-89.0,810
2024-06-24,40.5,-88.5,720
2024-06-24,40.5,-88.0,1620
2024-06-24,40.5,-87.5,1350
2024-06-24,40.5,-87.0,1350
2024-06-24,40.5,-86.5,450
2024-06-24,40.5,-86.0,360
2024-06-24,40.5,-85.5,270
2024-06-24,40.5,-84.5,900
2024-06-24,40.5,-84.0,90
2024-06-24,40.5,-83.5,360
2024-06-24,40.5,-82.0,90
2024-06-24,40.5,-81.5,180
2024-06-24,40.5,-81.0,180
2024-06-24,40.5,-80.5,90
2024-06-24,40.5,-80.0,1080
2024-06-24,40.5,-79.0,360
2024-06-24,40.5,-78.5,1260
2024-06-24,40.5,-78.0,1350
2024-06-24,40.5,-77.5,1530
2024-06-24,40.5,-77.0,1620
2024-06-24,40.5,-76.5,450
2024-06-24,40.5,-76.0,1620
2024-06-24,40.5,-75.5,90
2024-06-24,40.5,-75.0,2250
2024-06-24,40.5,-74.5,1530
2024-06-24,40.5,-74.0,2700
2024-06-24,40.5,-73.5,1710
2024-06-24,40.5,-73.0,270
2024-06-24,40.5,-72.5,630
2024-06-24,40.5,-72.0,540
2024-06-24,40.5,-71.5,630
2024-06-24,40.5,-71.0,270
2024-06-24,40.5,-69.5,90
2024-06-24,40.5,-69.0,90
2024-06-24,40.5,-68.0,90
2024-06-24,40.5,-67.5,90
2024-06-24,40.5,-66.0,180
2024-06-24,40.5,-65.5,90
2024-06-24,41.0,-116.0,180
2024-06-24,41.0,-110.0,270
2024-06-24,41.0,-109.5,630
2024-06-24,41.0,-109.0,900
2024-06-24,41.0,-108.5,990
2024-06-24,41.0,-108.0,1710
2024-06-24,41.0,-107.5,540
2024-06-24,41.0,-107.0,450
2024-06-24,41.0,-106.5,360
2024-06-24,41.0,-106.0,360
2024-06-24,41.0,-105.5,630
2024-06-24,41.0,-105.0,270
2024-06-24,41.0,-104.5,360
2024-06-24,41.0,-104.0,180
2024-06-24,41.0,-103.5,90
2024-06-24,41.0,-101.5,720
2024-06-24,41.0,-101.0,270
2024-06-24,41.0,-100.5,540
2024-06-24,41.0,-100.0,540
2024-06-24,41.0,-99.5,360
2024-06-24,41.0,-99.0,1260
2024-06-24,41.0,-98.5,1260
2024-06-24,41.0,-98.0,540
2024-06-24,41.0,-97.5,1080
2024-06-24,41.0,-97.0,2340
2024-06-24,41.0,-96.5,3960
2024-06-24,41.0,-96.0,6660
2024-06-24,41.0,-95.5,1620
2024-06-24,41.0,-95.0,3600
2024-06-24,41.0,-94.5,7650
2024-06-24,41.0,-94.0,4500
2024-06-24,41.0,-93.5,5580
2024-06-24,41.0,-93.0,990
2024-06-24,41.0,-92.5,990
2024-06-24,41.0,-92.0,7110
2024-06-24,41.0,-91.5,4230
2024-06-24,41.0,-91.0,5490
2024-06-24,41.0,-90.5,3150
2024-06-24,41.0,-90.0,2700
2024-06-24,41.0,-89.5,900
2024-06-24,41.0,-89.0,810
2024-06-24,41.0,-88.5,4410
2024-06-24,41.0,-88.0,1170
2024-06-24,41.0,-87.5,450
2024-06-24,41.0,-87.0,810
2024-06-24,41.0,-86.5,540
2024-06-24,41.0,-86.0,360
2024-06-24,41.0,-85.5,180
2024-06-24,41.0,-85.0,270
2024-06-24,41.0,-84.5,720
2024-06-24,41.0,-84.0,630
2024-06-24,41.0,-83.0,180
2024-06-24,41.0,-82.5,90
2024-06-24,41.0,-81.5,450
2024-06-24,41.0,-81.0,90
2024-06-24,41.0,-80.5,90
2024-06-24,41.0,-80.0,540
2024-06-24,41.0,-79.5,180
2024-06-24,41.0,-79.0,990
2024-06-24,41.0,-78.5,90
2024-06-24,41.0,-78.0,360
2024-06-24,41.0,-77.5,810
2024-06-24,41.0,-77.0,2160
2024-06-24,41.0,-76.5,1350
2024-06-24,41.0,-76.0,360
2024-06-24,41.0,-75.5,1800
2024-06-24,41.0,-75.0,1170
2024-06-24,41.0,-74.5,720
2024-06-24,41.0,-74.0,1440
2024-06-24,41.0,-73.5,720
2024-06-24,41.0,-73.0,1350
2024-06-24,41.0,-72.5,270
2024-06-24,41.0,-72.0,360
2024-06-24,41.0,-71.5,360
2024-06-24,41.0,-71.0,180
2024-06-24,41.0,-70.5,180
2024-06-24,41.0,-70.0,450
2024-06-24,41.0,-69.5,180
2024-06-24,41.0,-69.0,90
2024-06-24,41.0,-68.0,630
2024-06-24,41.0,-67.5,90
2024-06-24,41.0,-65.5,90
2024-06-24,41.5,-120.0,90
2024-06-24,41.5,-119.0,90
2024-06-24,41.5,-117.5,90
2024-06-24,41.5,-116.0,180
2024-06-24,41.5,-115.5,720
2024-06-24,41.5,-115.0,450
2024-06-24,41.5,-114.5,90
2024-06-24,41.5,-114.0,180
2024-06-24,41.5,-113.5,540
2024-06-24,41.5,-112.5,90
2024-06-24,41.5,-110.0,90
2024-06-24,41.5,-109.5,450
2024-06-24,41.5,-109.0,360
2024-06-24,41.5,-108.5,270
2024-06-24,41.5,-108.0,540
2024-06-24,41.5,-107.5,360
2024-06-24,41.5,-107.0,540
2024-06-24,41.5,-106.5,270
2024-06-24,41.5,-106.0,450
2024-06-24,41.5,-105.5,450
2024-06-24,41.5,-105.0,90
2024-06-24,41.5,-104.5,180
2024-06-24,41.5,-103.0,180
2024-06-24,41.5,-102.0,180
2024-06-24,41.5,-101.0,1080
2024-06-24,41.5,-100.5,1440
2024-06-24,41.5,-100.0,450
2024-06-24,41.5,-99.5,1170
2024-06-24,41.5,-99.0,720
2024-06-24,41.5,-98.5,2700
2024-06-24,41.5,-98.0,1890
2024-06-24,41.5,-97.5,1080
2024-06-24,41.5,-97.0,990
2024-06-24,41.5,-96.5,1170
2024-06-24,41.5,-96.0,3060
2024-06-24,41.5,-95.5,1800
2024-06-24,41.5,-95.0,3420
2024-06-24,41.5,-94.5,2250
2024-06-24,41.5,-94.0,1260
2024-06-24,41.5,-93.5,4590
2024-06-24,41.5,-93.0,4500
2024-06-24,41.5,-92.5,2700
2024-06-24,41.5,-92.0,2790
2024-06-24,41.5,-91.5,6750
2024-06-24,41.5,-91.0,2700
2024-06-24,41.5,-90.5,3240
2024-06-24,41.5,-90.0,1170
2024-06-24,41.5,-89.5,1080
2024-06-24,41.5,-89.0,1710
2024-06-24,41.5,-88.5,1800
2024-06-24,41.5,-88.0,810
2024-06-24,41.5,-87.5,270
2024-06-24,41.5,-87.0,360
2024-06-24,41.5,-86.5,990
2024-06-24,41.5,-86.0,360
2024-06-24,41.5,-85.5,270
2024-06-24,41.5,-85.0,1980
2024-06-24,41.5,-84.5,270
2024-06-24,41.5,-84.0,720
2024-06-24,41.5,-83.5,900
2024-06-24,41.5,-83.0,360
2024-06-24,41.5,-82.5,450
2024-06-24,41.5,-82.0,540
2024-06-24,41.5,-81.5,630
2024-06-24,41.5,-81.0,630
2024-06-24,41.5,-80.5,90
2024-06-24,41.5,-80.0,90
2024-06-24,41.5,-79.5,270
2024-06-24,41.5,-79.0,900
2024-06-24,41.5,-78.5,630
2024-06-24,41.5,-78.0,540
2024-06-24,41.5,-77.5,900
2024-06-24,41.5,-77.0,180
2024-06-24,41.5,-76.5,180
2024-06-24,41.5,-76.0,90
2024-06-24,41.5,-75.5,630
2024-06-24,41.5,-75.0,630
2024-06-24,41.5,-74.5,540
2024-06-24,41.5,-74.0,1620
2024-06-24,41.5,-73.5,2160
2024-06-24,41.5,-73.0,3150
2024-06-24,41.5,-72.5,900
2024-06-24,41.5,-72.0,1980
2024-06-24,41.5,-71.5,90
2024-06-24,41.5,-71.0,810
2024-06-24,41.5,-70.5,990
2024-06-24,41.5,-69.5,630
2024-06-24,41.5,-69.0,90
2024-06-24,41.5,-68.0,270
2024-06-24,41.5,-67.5,180
2024-06-24,41.5,-67.0,90
2024-06-24,41.5,-66.5,90
2024-06-24,42.0,-117.0,90
2024-06-24,42.0,-116.0,90
2024-06-24,42.0,-115.5,360
2024-06-24,42.0,-115.0,720
2024-06-24,42.0,-114.5,630
2024-06-24,42.0,-114.0,540
2024-06-24,42.0,-113.5,810
2024-06-24,42.0,-113.0,630
2024-06-24,42.0,-112.5,540
2024-06-24,42.0,-112.0,270
2024-06-24,42.0,-111.5,90
2024-06-24,42.0,-109.0,360
2024-06-24,42.0,-108.5,540
2024-06-24,42.0,-108.0,360
2024-06-24,42.0,-107.5,540
2024-06-24,42.0,-107.0,630
2024-06-24,42.0,-106.5,180
2024-06-24,42.0,-106.0,630
2024-06-24,42.0,-105.5,450
2024-06-24,42.0,-105.0,810
2024-06-24,42.0,-104.5,90
2024-06-24,42.0,-104.0,180
2024-06-24,42.0,-103.0,180
2024-06-24,42.0,-102.5,90
2024-06-24,42.0,-102.0,720
2024-06-24,42.0,-101.5,810
2024-06-24,42.0,-101.0,2880
2024-06-24,42.0,-100.5,2430
2024-06-24,42.0,-100.0,1710
2024-06-24,42.0,-99.5,900
2024-06-24,42.0,-99.0,360
2024-06-24,42.0,-98.5,630
2024-06-24,42.0,-98.0,630
2024-06-24,42.0,-97.5,900
2024-06-24,42.0,-97.0,630
2024-06-24,42.0,-96.5,360
2024-06-24,42.0,-96.0,540
2024-06-24,42.0,-95.5,360
2024-06-24,42.0,-95.0,1080
2024-06-24,42.0,-94.5,720
2024-06-24,42.0,-94.0,270
2024-06-24,42.0,-93.5,90
2024-06-24,42.0,-91.5,450
2024-06-24,42.0,-91.0,900
2024-06-24,42.0,-90.5,5220
2024-06-24,42.0,-90.0,1440
2024-06-24,42.0,-89.5,1440
2024-06-24,42.0,-89.0,3330
2024-06-24,42.0,-88.5,1170
2024-06-24,42.0,-88.0,1620
2024-06-24,42.0,-87.5,450
2024-06-24,42.0,-87.0,90
2024-06-24,42.0,-86.5,630
2024-06-24,42.0,-86.0,540
2024-06-24,42.0,-85.5,180
2024-06-24,42.0,-85.0,180
2024-06-24,42.0,-84.5,540
2024-06-24,42.0,-84.0,180
2024-06-24,42.0,-83.5,90
2024-06-24,42.0,-83.0,90
2024-06-24,42.0,-82.0,180
2024-06-24,42.0,-81.5,180
2024-06-24,42.0,-81.0,180
2024-06-24,42.0,-80.5,90
2024-06-24,42.0,-80.0,90
2024-06-24,42.0,-79.5,360
2024-06-24,42.0,-79.0,90
2024-06-24,42.0,-78.5,270
2024-06-24,42.0,-78.0,270
2024-06-24,42.0,-77.5,180
2024-06-24,42.0,-76.5,90
2024-06-24,42.0,-75.5,180
2024-06-24,42.0,-75.0,90
2024-06-24,42.0,-74.5,180
2024-06-24,42.0,-74.0,1080
2024-06-24,42.0,-73.5,810
2024-06-24,42.0,-73.0,180
2024-06-24,42.0,-72.5,990
2024-06-24,42.0,-72.0,720
2024-06-24,42.0,-71.5,1260
2024-06-24,42.0,-71.0,1350
2024-06-24,42.0,-69.0,360
2024-06-24,42.0,-68.5,90
2024-06-24,42.0,-67.5,180
2024-06-24,42.0,-67.0,180
2024-06-24,42.0,-66.5,270
2024-06-24,42.0,-66.0,180
2024-06-24,42.5,-122.0,90
2024-06-24,42.5,-116.5,630
2024-06-24,42.5,-115.5,180
2024-06-24,42.5,-114.5,180
2024-06-24,42.5,-114.0,180
2024-06-24,42.5,-113.5,360
2024-06-24,42.5,-113.0,90
2024-06-24,42.5,-112.5,360
2024-06-24,42.5,-112.0,90
2024-06-24,42.5,-111.5,270
2024-06-24,42.5,-111.0,270
2024-06-24,42.5,-110.5,90
2024-06-24,42.5,-110.0,180
2024-06-24,42.5,-109.5,90
2024-06-24,42.5,-107.0,90
2024-06-24,42.5,-106.5,90
2024-06-24,42.5,-106.0,90
2024-06-24,42.5,-105.5,180
2024-06-24,42.5,-105.0,180
2024-06-24,42.5,-104.5,270
2024-06-24,42.5,-103.5,90
2024-06-24,42.5,-102.5,540
2024-06-24,42.5,-102.0,900
2024-06-24,42.5,-101.5,2970
2024-06-24,42.5,-101.0,270
2024-06-24,42.5,-100.5,630
2024-06-24,42.5,-100.0,3150
2024-06-24,42.5,-99.5,720
2024-06-24,42.5,-99.0,1170
2024-06-24,42.5,-98.5,990
2024-06-24,42.5,-98.0,1170
2024-06-24,42.5,-97.5,450
2024-06-24,42.5,-97.0,180
2024-06-24,42.5,-96.5,90
2024-06-24,42.5,-96.0,90
2024-06-24,42.5,-95.0,900
2024-06-24,42.5,-94.5,450
2024-06-24,42.5,-94.0,180
2024-06-24,42.5,-93.5,450
2024-06-24,42.5,-92.5,180
2024-06-24,42.5,-91.0,450
2024-06-24,42.5,-90.5,990
2024-06-24,42.5,-90.0,1350
2024-06-24,42.5,-89.5,5490
2024-06-24,42.5,-89.0,3150
2024-06-24,42.5,-88.5,1620
2024-06-24,42.5,-88.0,450
2024-06-24,42.5,-87.5,270
2024-06-24,42.5,-87.0,810
2024-06-24,42.5,-86.5,990
2024-06-24,42.5,-86.0,900
2024-06-24,42.5,-85.5,630
2024-06-24,42.5,-84.5,90
2024-06-24,42.5,-83.5,270
2024-06-24,42.5,-83.0,180
2024-06-24,42.5,-82.5,450
2024-06-24,42.5,-82.0,270
2024-06-24,42.5,-81.5,90
2024-06-24,42.5,-81.0,180
2024-06-24,42.5,-79.5,90
2024-06-24,42.5,-78.5,360
2024-06-24,42.5,-78.0,900
2024-06-24,42.5,-75.5,90
2024-06-24,42.5,-75.0,90
2024-06-24,42.5,-73.5,180
2024-06-24,42.5,-73.0,180
2024-06-24,42.5,-72.5,180
2024-06-24,42.5,-71.0,180
2024-06-24,42.5,-70.0,360
2024-06-24,42.5,-69.0,90
2024-06-24,42.5,-68.5,90
2024-06-24,42.5,-68.0,450
2024-06-24,42.5,-67.5,90
2024-06-24,42.5,-67.0,180
2024-06-24,42.5,-66.5,90
2024-06-24,42.5,-66.0,270
2024-06-24,42.5,-65.5,180
2024-06-24,43.0,-107.5,360
2024-06-24,43.0,-105.0,270
2024-06-24,43.0,-104.5,180
2024-06-24,43.0,-104.0,180
2024-06-24,43.0,-103.5,180
2024-06-24,43.0,-102.5,540
2024-06-24,43.0,-102.0,540
2024-06-24,43.0,-101.5,2970
2024-06-24,43.0,-101.0,1440
2024-06-24,43.0,-100.5,3510
2024-06-24,43.0,-100.0,180
2024-06-24,43.0,-99.5,360
2024-06-24,43.0,-99.0,270
2024-06-24,43.0,-98.5,90
2024-06-24,43.0,-97.5,450
2024-06-24,43.0,-97.0,1080
2024-06-24,43.0,-96.5,630
2024-06-24,43.0,-96.0,180
2024-06-24,43.0,-95.5,810
2024-06-24,43.0,-95.0,270
2024-06-24,43.0,-94.5,270
2024-06-24,43.0,-94.0,270
2024-06-24,43.0,-93.5,90
2024-06-24,43.0,-93.0,90
2024-06-24,43.0,-92.5,180
2024-06-24,43.0,-92.0,90
2024-06-24,43.0,-91.5,180
2024-06-24,43.0,-91.0,810
2024-06-24,43.0,-90.5,1890
2024-06-24,43.0,-90.0,1710
2024-06-24,43.0,-89.5,2070
2024-06-24,43.0,-89.0,1710
2024-06-24,43.0,-88.5,1170
2024-06-24,43.0,-88.0,1890
2024-06-24,43.0,-87.5,1620
2024-06-24,43.0,-87.0,1620
2024-06-24,43.0,-86.5,720
2024-06-24,43.0,-86.0,720
2024-06-24,43.0,-85.5,270
2024-06-24,43.0,-84.0,270
2024-06-24,43.0,-82.5,270
2024-06-24,43.0,-82.0,540
2024-06-24,43.0,-81.5,180
2024-06-24,43.0,-81.0,450
2024-06-24,43.0,-78.0,90
2024-06-24,43.0,-77.5,180
2024-06-24,43.0,-77.0,360
2024-06-24,43.0,-76.5,270
2024-06-24,43.0,-76.0,90
2024-06-24,43.0,-75.5,270
2024-06-24,43.0,-74.0,270
2024-06-24,43.0,-73.0,90
2024-06-24,43.0,-72.5,360
2024-06-24,43.0,-72.0,180
2024-06-24,43.0,-71.5,360
2024-06-24,43.0,-70.5,90
2024-06-24,43.0,-68.0,90
2024-06-24,43.0,-67.5,90
2024-06-24,43.0,-67.0,90
2024-06-24,43.0,-66.5,90
2024-06-24,43.0,-65.5,270
2024-06-24,43.5,-121.5,90
2024-06-24,43.5,-117.5,180
2024-06-24,43.5,-117.0,180
2024-06-24,43.5,-116.0,90
2024-06-24,43.5,-115.5,360
2024-06-24,43.5,-114.5,90
2024-06-24,43.5,-113.0,90
2024-06-24,43.5,-109.5,90
2024-06-24,43.5,-105.0,270
2024-06-24,43.5,-104.5,90
2024-06-24,43.5,-104.0,180
2024-06-24,43.5,-103.5,90
2024-06-24,43.5,-103.0,270
2024-06-24,43.5,-102.5,990
2024-06-24,43.5,-102.0,1440
2024-06-24,43.5,-101.5,360
2024-06-24,43.5,-101.0,360
2024-06-24,43.5,-100.5,1350
2024-06-24,43.5,-100.0,1080
2024-06-24,43.5,-99.0,450
2024-06-24,43.5,-98.5,180
2024-06-24,43.5,-98.0,1080
2024-06-24,43.5,-97.5,360
2024-06-24,43.5,-97.0,630
2024-06-24,43.5,-96.5,450
2024-06-24,43.5,-96.0,180
2024-06-24,43.5,-95.5,270
2024-06-24,43.5,-95.0,810
2024-06-24,43.5,-94.5,180
2024-06-24,43.5,-94.0,90
2024-06-24,43.5,-93.5,180
2024-06-24,43.5,-93.0,360
2024-06-24,43.5,-92.5,180
2024-06-24,43.5,-92.0,180
2024-06-24,43.5,-91.5,810
2024-06-24,43.5,-91.0,270
2024-06-24,43.5,-90.5,630
2024-06-24,43.5,-90.0,180
2024-06-24,43.5,-89.5,810
2024-06-24,43.5,-89.0,1440
2024-06-24,43.5,-88.5,2430
2024-06-24,43.5,-88.0,2700
2024-06-24,43.5,-87.5,1530
2024-06-24,43.5,-87.0,1620
2024-06-24,43.5,-86.5,1350
2024-06-24,43.5,-86.0,900
2024-06-24,43.5,-85.0,360
2024-06-24,43.5,-84.0,180
2024-06-24,43.5,-83.5,90
2024-06-24,43.5,-81.0,90
2024-06-24,43.5,-80.5,90
2024-06-24,43.5,-76.5,270
2024-06-24,43.5,-71.5,270
2024-06-24,43.5,-71.0,360
2024-06-24,43.5,-70.5,360
2024-06-24,43.5,-70.0,180
2024-06-24,43.5,-66.5,270
2024-06-24,43.5,-66.0,90
2024-06-24,43.5,-65.5,90
2024-06-24,44.0,-117.0,90
2024-06-24,44.0,-116.5,90
2024-06-24,44.0,-116.0,90
2024-06-24,44.0,-115.5,270
2024-06-24,44.0,-115.0,180
2024-06-24,44.0,-114.5,450
2024-06-24,44.0,-114.0,360
2024-06-24,44.0,-113.5,270
2024-06-24,44.0,-113.0,90
2024-06-24,44.0,-112.5,180
2024-06-24,44.0,-111.5,270
2024-06-24,44.0,-106.0,180
2024-06-24,44.0,-105.5,90
2024-06-24,44.0,-104.0,180
2024-06-24,44.0,-103.5,630
2024-06-24,44.0,-103.0,450
2024-06-24,44.0,-102.5,1170
2024-06-24,44.0,-102.0,1620
2024-06-24,44.0,-101.5,2340
2024-06-24,44.0,-101.0,1890
2024-06-24,44.0,-100.5,2250
2024-06-24,44.0,-100.0,3600
2024-06-24,44.0,-99.5,1440
2024-06-24,44.0,-99.0,1530
2024-06-24,44.0,-98.5,1080
2024-06-24,44.0,-98.0,1080
2024-06-24,44.0,-97.5,540
2024-06-24,44.0,-97.0,1080
2024-06-24,44.0,-96.5,270
2024-06-24,44.0,-96.0,270
2024-06-24,44.0,-95.0,90
2024-06-24,44.0,-94.5,270
2024-06-24,44.0,-94.0,900
2024-06-24,44.0,-93.5,270
2024-06-24,44.0,-93.0,900
2024-06-24,44.0,-92.5,90
2024-06-24,44.0,-91.5,90
2024-06-24,44.0,-90.0,270
2024-06-24,44.0,-89.5,720
2024-06-24,44.0,-89.0,1620
2024-06-24,44.0,-88.5,3420
2024-06-24,44.0,-88.0,1890
2024-06-24,44.0,-87.5,2520
2024-06-24,44.0,-87.0,1530
2024-06-24,44.0,-86.5,2340
2024-06-24,44.0,-86.0,450
2024-06-24,44.0,-85.5,450
2024-06-24,44.0,-84.5,540
2024-06-24,44.0,-81.0,90
2024-06-24,44.0,-80.5,450
2024-06-24,44.0,-80.0,360
2024-06-24,44.0,-79.5,180
2024-06-24,44.0,-78.5,90
2024-06-24,44.0,-77.5,90
2024-06-24,44.0,-74.5,90
2024-06-24,44.0,-70.5,1530
2024-06-24,44.0,-70.0,810
2024-06-24,44.0,-69.5,720
2024-06-24,44.0,-68.0,90
2024-06-24,44.0,-67.5,360
2024-06-24,44.0,-66.0,90
2024-06-24,44.0,-65.5,270
2024-06-24,44.5,-117.0,90
2024-06-24,44.5,-116.5,90
2024-06-24,44.5,-114.0,450
2024-06-24,44.5,-113.0,270
2024-06-24,44.5,-112.5,900
2024-06-24,44.5,-112.0,180
2024-06-24,44.5,-111.5,450
2024-06-24,44.5,-110.5,180
2024-06-24,44.5,-110.0,90
2024-06-24,44.5,-109.5,270
2024-06-24,44.5,-107.0,1080
2024-06-24,44.5,-106.5,180
2024-06-24,44.5,-106.0,180
2024-06-24,44.5,-105.5,90
2024-06-24,44.5,-105.0,360
2024-06-24,44.5,-104.0,720
2024-06-24,44.5,-103.5,540
2024-06-24,44.5,-103.0,1530
2024-06-24,44.5,-102.5,2070
2024-06-24,44.5,-102.0,2250
2024-06-24,44.5,-101.5,360
2024-06-24,44.5,-101.0,1980
2024-06-24,44.5,-100.5,1530
2024-06-24,44.5,-100.0,1440
2024-06-24,44.5,-99.5,1890
2024-06-24,44.5,-99.0,270
2024-06-24,44.5,-98.5,1710
2024-06-24,44.5,-98.0,540
2024-06-24,44.5,-97.5,540
2024-06-24,44.5,-97.0,180
2024-06-24,44.5,-95.5,90
2024-06-24,44.5,-94.5,90
2024-06-24,44.5,-94.0,450
2024-06-24,44.5,-93.5,540
2024-06-24,44.5,-91.5,90
2024-06-24,44.5,-91.0,450
2024-06-24,44.5,-90.5,2610
2024-06-24,44.5,-90.0,1620
2024-06-24,44.5,-89.5,2340
2024-06-24,44.5,-89.0,3060
2024-06-24,44.5,-88.5,2880
2024-06-24,44.5,-88.0,2340
2024-06-24,44.5,-87.5,2340
2024-06-24,44.5,-87.0,720
2024-06-24,44.5,-86.5,630
2024-06-24,44.5,-86.0,1620
2024-06-24,44.5,-85.0,360
2024-06-24,44.5,-84.5,180
2024-06-24,44.5,-84.0,90
2024-06-24,44.5,-83.5,90
2024-06-24,44.5,-83.0,90
2024-06-24,44.5,-78.0,90
2024-06-24,44.5,-75.5,90
2024-06-24,44.5,-73.0,90
2024-06-24,44.5,-70.5,90
2024-06-24,44.5,-69.5,1080
2024-06-24,44.5,-69.0,900
2024-06-24,44.5,-68.5,360
2024-06-24,44.5,-68.0,540
2024-06-24,44.5,-67.0,90
2024-06-24,44.5,-66.5,630
2024-06-24,44.5,-66.0,90
2024-06-24,44.5,-65.5,90
2024-06-24,45.0,-116.5,180
2024-06-24,45.0,-116.0,90
2024-06-24,45.0,-115.5,90
2024-06-24,45.0,-114.5,180
2024-06-24,45.0,-114.0,90
2024-06-24,45.0,-113.5,180
2024-06-24,45.0,-113.0,630
2024-06-24,45.0,-112.5,180
2024-06-24,45.0,-112.0,270
2024-06-24,45.0,-111.5,990
2024-06-24,45.0,-111.0,90
2024-06-24,45.0,-110.5,90
2024-06-24,45.0,-110.0,90
2024-06-24,45.0,-107.5,90
2024-06-24,45.0,-107.0,90
2024-06-24,45.0,-105.5,540
2024-06-24,45.0,-104.0,180
2024-06-24,45.0,-103.5,1080
2024-06-24,45.0,-103.0,90
2024-06-24,45.0,-102.5,2160
2024-06-24,45.0,-102.0,1530
2024-06-24,45.0,-101.5,270
2024-06-24,45.0,-101.0,810
2024-06-24,45.0,-100.5,1980
2024-06-24,45.0,-100.0,630
2024-06-24,45.0,-99.5,630
2024-06-24,45.0,-99.0,1080
2024-06-24,45.0,-98.5,720
2024-06-24,45.0,-97.5,360
2024-06-24,45.0,-97.0,90
2024-06-24,45.0,-94.5,90
2024-06-24,45.0,-93.5,1080
2024-06-24,45.0,-93.0,2340
2024-06-24,45.0,-92.5,2070
2024-06-24,45.0,-92.0,2880
2024-06-24,45.0,-91.5,1080
2024-06-24,45.0,-91.0,3060
2024-06-24,45.0,-90.5,2070
2024-06-24,45.0,-90.0,2250
2024-06-24,45.0,-89.5,2610
2024-06-24,45.0,-89.0,3510
2024-06-24,45.0,-88.5,1170
2024-06-24,45.0,-88.0,360
2024-06-24,45.0,-87.5,810
2024-06-24,45.0,-87.0,630
2024-06-24,45.0,-86.5,180
2024-06-24,45.0,-86.0,270
2024-06-24,45.0,-85.0,90
2024-06-24,45.0,-83.0,180
2024-06-24,45.0,-81.0,90
2024-06-24,45.0,-80.5,90
2024-06-24,45.0,-79.5,540
2024-06-24,45.0,-79.0,90
2024-06-24,45.0,-78.5,360
2024-06-24,45.0,-77.0,90
2024-06-24,45.0,-73.0,270
2024-06-24,45.0,-71.0,90
2024-06-24,45.0,-69.5,900
2024-06-24,45.0,-69.0,270
2024-06-24,45.0,-68.5,360
2024-06-24,45.0,-68.0,90
2024-06-24,45.0,-67.5,180
2024-06-24,45.0,-67.0,270
2024-06-24,45.0,-66.5,90
2024-06-24,45.0,-66.0,270
2024-06-24,45.0,-65.5,270
2024-06-24,45.5,-116.5,90
2024-06-24,45.5,-116.0,540
2024-06-24,45.5,-115.5,270
2024-06-24,45.5,-115.0,180
2024-06-24,45.5,-114.5,540
2024-06-24,45.5,-114.0,90
2024-06-24,45.5,-113.5,270
2024-06-24,45.5,-113.0,90
2024-06-24,45.5,-112.5,180
2024-06-24,45.5,-112.0,180
2024-06-24,45.5,-111.0,180
2024-06-24,45.5,-110.0,180
2024-06-24,45.5,-109.5,180
2024-06-24,45.5,-109.0,180
2024-06-24,45.5,-108.5,270
2024-06-24,45.5,-107.0,90
2024-06-24,45.5,-106.5,180
2024-06-24,45.5,-106.0,270
2024-06-24,45.5,-105.5,180
2024-06-24,45.5,-105.0,180
2024-06-24,45.5,-104.5,90
2024-06-24,45.5,-104.0,180
2024-06-24,45.5,-103.5,630
2024-06-24,45.5,-103.0,270
2024-06-24,45.5,-102.5,90
2024-06-24,45.5,-102.0,270
2024-06-24,45.5,-101.5,1440
2024-06-24,45.5,-101.0,810
2024-06-24,45.5,-100.5,1170
2024-06-24,45.5,-100.0,1170
2024-06-24,45.5,-99.5,720
2024-06-24,45.5,-99.0,270
2024-06-24,45.5,-98.5,810
2024-06-24,45.5,-98.0,90
2024-06-24,45.5,-97.0,90
2024-06-24,45.5,-96.0,90
2024-06-24,45.5,-95.0,90
2024-06-24,45.5,-93.5,900
2024-06-24,45.5,-93.0,4680
2024-06-24,45.5,-92.5,3780
2024-06-24,45.5,-92.0,2430
2024-06-24,45.5,-91.5,1530
2024-06-24,45.5,-91.0,4230
2024-06-24,45.5,-90.5,2700
2024-06-24,45.5,-90.0,1980
2024-06-24,45.5,-89.5,900
2024-06-24,45.5,-89.0,1440
2024-06-24,45.5,-88.5,180
2024-06-24,45.5,-88.0,450
2024-06-24,45.5,-87.5,90
2024-06-24,45.5,-79.0,90
2024-06-24,45.5,-71.5,90
2024-06-24,45.5,-70.5,90
2024-06-24,45.5,-69.5,270
2024-06-24,45.5,-69.0,360
2024-06-24,45.5,-68.5,90
2024-06-24,45.5,-68.0,270
2024-06-24,45.5,-67.5,90
2024-06-24,45.5,-65.5,180
2024-06-24,46.0,-115.5,540
2024-06-24,46.0,-115.0,180
2024-06-24,46.0,-114.5,90
2024-06-24,46.0,-114.0,90
2024-06-24,46.0,-113.5,450
2024-06-24,46.0,-113.0,90
2024-06-24,46.0,-111.5,180
2024-06-24,46.0,-111.0,90
2024-06-24,46.0,-110.5,270
2024-06-24,46.0,-109.5,90
2024-06-24,46.0,-109.0,90
2024-06-24,46.0,-108.5,180
2024-06-24,46.0,-108.0,360
2024-06-24,46.0,-107.5,360
2024-06-24,46.0,-107.0,270
2024-06-24,46.0,-106.5,360
2024-06-24,46.0,-106.0,630
2024-06-24,46.0,-105.5,180
2024-06-24,46.0,-105.0,540
2024-06-24,46.0,-104.0,720
2024-06-24,46.0,-103.5,360
2024-06-24,46.0,-103.0,180
2024-06-24,46.0,-102.5,180
2024-06-24,46.0,-102.0,90
2024-06-24,46.0,-101.5,450
2024-06-24,46.0,-101.0,360
2024-06-24,46.0,-100.5,540
2024-06-24,46.0,-100.0,990
2024-06-24,46.0,-99.5,540
2024-06-24,46.0,-99.0,990
2024-06-24,46.0,-98.5,720
2024-06-24,46.0,-97.5,1350
2024-06-24,46.0,-97.0,450
2024-06-24,46.0,-96.5,180
2024-06-24,46.0,-96.0,270
2024-06-24,46.0,-95.5,180
2024-06-24,46.0,-95.0,180
2024-06-24,46.0,-94.5,90
2024-06-24,46.0,-93.5,90
2024-06-24,46.0,-93.0,270
2024-06-24,46.0,-92.5,1170
2024-06-24,46.0,-92.0,4770
2024-06-24,46.0,-91.5,3600
2024-06-24,46.0,-91.0,3420
2024-06-24,46.0,-90.5,1350
2024-06-24,46.0,-90.0,1800
2024-06-24,46.0,-89.5,270
2024-06-24,46.0,-89.0,270
2024-06-24,46.0,-87.5,180
2024-06-24,46.0,-87.0,450
2024-06-24,46.0,-86.5,90
2024-06-24,46.0,-86.0,630
2024-06-24,46.0,-85.5,90
2024-06-24,46.0,-85.0,90
2024-06-24,46.0,-84.5,1170
2024-06-24,46.0,-83.5,270
2024-06-24,46.0,-82.5,90
2024-06-24,46.0,-74.0,90
2024-06-24,46.0,-72.0,90
2024-06-24,46.0,-71.5,90
2024-06-24,46.0,-68.5,270
2024-06-24,46.0,-68.0,720
2024-06-24,46.0,-67.0,90
2024-06-24,46.0,-66.5,180
2024-06-24,46.0,-66.0,90
2024-06-24,46.0,-65.5,90
2024-06-24,46.5,-121.5,90
2024-06-24,46.5,-112.0,90
2024-06-24,46.5,-111.0,180
2024-06-24,46.5,-110.0,90
2024-06-24,46.5,-109.0,90
2024-06-24,46.5,-108.0,270
2024-06-24,46.5,-107.0,270
2024-06-24,46.5,-106.5,180
2024-06-24,46.5,-106.0,270
2024-06-24,46.5,-105.0,720
2024-06-24,46.5,-104.5,180
2024-06-24,46.5,-104.0,540
2024-06-24,46.5,-103.5,540
2024-06-24,46.5,-103.0,810
2024-06-24,46.5,-102.5,450
2024-06-24,46.5,-102.0,810
2024-06-24,46.5,-101.5,270
2024-06-24,46.5,-101.0,720
2024-06-24,46.5,-100.5,540
2024-06-24,46.5,-100.0,270
2024-06-24,46.5,-99.5,270
2024-06-24,46.5,-98.5,1170
2024-06-24,46.5,-98.0,810
2024-06-24,46.5,-97.5,1080
2024-06-24,46.5,-97.0,270
2024-06-24,46.5,-96.5,360
2024-06-24,46.5,-96.0,270
2024-06-24,46.5,-91.5,450
2024-06-24,46.5,-91.0,360
2024-06-24,46.5,-90.5,270
2024-06-24,46.5,-90.0,630
2024-06-24,46.5,-89.0,90
2024-06-24,46.5,-87.5,90
2024-06-24,46.5,-87.0,270
2024-06-24,46.5,-86.5,270
2024-06-24,46.5,-86.0,180
2024-06-24,46.5,-85.5,90
2024-06-24,46.5,-85.0,90
2024-06-24,46.5,-84.5,180
2024-06-24,46.5,-84.0,90
2024-06-24,46.5,-83.0,90
2024-06-24,46.5,-80.0,90
2024-06-24,46.5,-72.5,90
2024-06-24,46.5,-71.5,270
2024-06-24,46.5,-71.0,90
2024-06-24,46.5,-70.5,90
2024-06-24,46.5,-68.5,180
2024-06-24,46.5,-68.0,540
2024-06-24,46.5,-67.5,90
2024-06-24,46.5,-67.0,270
2024-06-24,46.5,-66.5,270
2024-06-24,46.5,-66.0,180
2024-06-24,46.5,-65.5,540
2024-06-24,47.0,-114.5,90
2024-06-24,47.0,-114.0,180
2024-06-24,47.0,-112.0,90
2024-06-24,47.0,-111.5,90
2024-06-24,47.0,-109.5,90
2024-06-24,47.0,-109.0,90
2024-06-24,47.0,-107.5,90
2024-06-24,47.0,-107.0,90
2024-06-24,47.0,-106.0,270
2024-06-24,47.0,-105.5,360
2024-06-24,47.0,-104.5,810
2024-06-24,47.0,-104.0,1170
2024-06-24,47.0,-103.5,450
2024-06-24,47.0,-103.0,180
2024-06-24,47.0,-102.0,720
2024-06-24,47.0,-101.5,630
2024-06-24,47.0,-101.0,360
2024-06-24,47.0,-100.5,540
2024-06-24,47.0,-100.0,180
2024-06-24,47.0,-99.0,180
2024-06-24,47.0,-98.5,720
2024-06-24,47.0,-98.0,1170
2024-06-24,47.0,-97.5,180
2024-06-24,47.0,-97.0,180
2024-06-24,47.0,-96.5,180
2024-06-24,47.0,-96.0,360
2024-06-24,47.0,-95.5,1980
2024-06-24,47.0,-95.0,360
2024-06-24,47.0,-94.5,360
2024-06-24,47.0,-93.5,270
2024-06-24,47.0,-93.0,270
2024-06-24,47.0,-91.5,900
2024-06-24,47.0,-91.0,1530
2024-06-24,47.0,-90.0,360
2024-06-24,47.0,-89.5,90
2024-06-24,47.0,-89.0,90
2024-06-24,47.0,-88.0,90
2024-06-24,47.0,-87.5,180
2024-06-24,47.0,-86.5,180
2024-06-24,47.0,-82.5,90
2024-06-24,47.0,-82.0,450
2024-06-24,47.0,-81.0,180
2024-06-24,47.0,-80.5,90
2024-06-24,47.0,-71.0,360
2024-06-24,47.0,-70.5,90
2024-06-24,47.0,-70.0,180
2024-06-24,47.0,-68.5,180
2024-06-24,47.0,-68.0,270
2024-06-24,47.0,-67.5,180
2024-06-24,47.0,-67.0,180
2024-06-24,47.0,-66.5,90
2024-06-24,47.5,-120.0,90
2024-06-24,47.5,-119.5,90
2024-06-24,47.5,-117.5,90
2024-06-24,47.5,-114.5,180
2024-06-24,47.5,-111.5,90
2024-06-24,47.5,-110.5,90
2024-06-24,47.5,-110.0,90
2024-06-24,47.5,-108.0,180
2024-06-24,47.5,-107.5,180
2024-06-24,47.5,-107.0,450
2024-06-24,47.5,-106.5,360
2024-06-24,47.5,-106.0,540
2024-06-24,47.5,-105.5,540
2024-06-24,47.5,-105.0,270
2024-06-24,47.5,-104.5,270
2024-06-24,47.5,-103.5,1710
2024-06-24,47.5,-103.0,180
2024-06-24,47.5,-102.5,450
2024-06-24,47.5,-102.0,360
2024-06-24,47.5,-101.0,90
2024-06-24,47.5,-100.5,180
2024-06-24,47.5,-100.0,270
2024-06-24,47.5,-99.5,360
2024-06-24,47.5,-99.0,1620
2024-06-24,47.5,-98.5,90
2024-06-24,47.5,-98.0,1170
2024-06-24,47.5,-97.5,90
2024-06-24,47.5,-97.0,540
2024-06-24,47.5,-96.5,360
2024-06-24,47.5,-96.0,720
2024-06-24,47.5,-95.5,1800
2024-06-24,47.5,-95.0,1980
2024-06-24,47.5,-94.5,900
2024-06-24,47.5,-94.0,1260
2024-06-24,47.5,-93.5,630
2024-06-24,47.5,-93.0,630
2024-06-24,47.5,-92.5,810
2024-06-24,47.5,-92.0,270
2024-06-24,47.5,-91.0,630
2024-06-24,47.5,-90.5,180
2024-06-24,47.5,-90.0,270
2024-06-24,47.5,-89.5,810
2024-06-24,47.5,-89.0,180
2024-06-24,47.5,-88.5,90
2024-06-24,47.5,-88.0,540
2024-06-24,47.5,-87.5,180
2024-06-24,47.5,-86.5,90
2024-06-24,47.5,-86.0,90
2024-06-24,47.5,-82.5,270
2024-06-24,47.5,-82.0,180
2024-06-24,47.5,-81.5,360
2024-06-24,47.5,-78.5,180
2024-06-24,47.5,-72.5,90
2024-06-24,47.5,-68.5,90
2024-06-24,47.5,-67.5,180
2024-06-24,48.0,-118.5,180
2024-06-24,48.0,-118.0,90
2024-06-24,48.0,-117.5,360
2024-06-24,48.0,-116.5,90
2024-06-24,48.0,-113.0,180
2024-06-24,48.0,-112.0,90
2024-06-24,48.0,-111.0,90
2024-06-24,48.0,-108.5,90
2024-06-24,48.0,-107.0,270
2024-06-24,48.0,-106.5,90
2024-06-24,48.0,-106.0,90
2024-06-24,48.0,-105.5,450
2024-06-24,48.0,-105.0,180
2024-06-24,48.0,-104.5,540
2024-06-24,48.0,-104.0,720
2024-06-24,48.0,-103.5,90
2024-06-24,48.0,-103.0,90
2024-06-24,48.0,-102.5,360
2024-06-24,48.0,-102.0,180
2024-06-24,48.0,-101.5,720
2024-06-24,48.0,-101.0,360
2024-06-24,48.0,-100.5,360
2024-06-24,48.0,-100.0,810
2024-06-24,48.0,-99.5,450
2024-06-24,48.0,-99.0,270
2024-06-24,48.0,-98.5,180
2024-06-24,48.0,-96.5,1800
2024-06-24,48.0,-96.0,2430
2024-06-24,48.0,-95.5,990
2024-06-24,48.0,-95.0,1350
2024-06-24,48.0,-94.5,2880
2024-06-24,48.0,-94.0,1170
2024-06-24,48.0,-93.5,1260
2024-06-24,48.0,-93.0,180
2024-06-24,48.0,-92.5,720
2024-06-24,48.0,-92.0,180
2024-06-24,48.0,-91.5,720
2024-06-24,48.0,-90.5,90
2024-06-24,48.0,-89.5,90
2024-06-24,48.0,-89.0,90
2024-06-24,48.0,-87.5,90
2024-06-24,48.0,-86.5,90
2024-06-24,48.0,-86.0,90
2024-06-24,48.0,-85.0,270
2024-06-24,48.0,-84.5,90
2024-06-24,48.0,-84.0,90
2024-06-24,48.0,-83.5,540
2024-06-24,48.0,-82.5,540
2024-06-24,48.0,-81.5,270
2024-06-24,48.0,-81.0,540
2024-06-24,48.0,-80.5,450
2024-06-24,48.0,-80.0,270
2024-06-24,48.0,-79.5,90
2024-06-24,48.0,-79.0,90
2024-06-24,48.0,-78.0,90
2024-06-24,48.0,-70.5,90
2024-06-24,48.5,-120.5,180
2024-06-24,48.5,-119.5,90
2024-06-24,48.5,-118.0,90
2024-06-24,48.5,-112.0,90
2024-06-24,48.5,-111.0,90
2024-06-24,48.5,-105.0,90
2024-06-24,48.5,-104.0,180
2024-06-24,48.5,-103.5,90
2024-06-24,48.5,-103.0,630
2024-06-24,48.5,-102.5,360
2024-06-24,48.5,-102.0,1440
2024-06-24,48.5,-101.5,1440
2024-06-24,48.5,-101.0,1350
2024-06-24,48.5,-100.5,630
2024-06-24,48.5,-100.0,630
2024-06-24,48.5,-99.5,270
2024-06-24,48.5,-96.5,90
2024-06-24,48.5,-96.0,180
2024-06-24,48.5,-95.5,1260
2024-06-24,48.5,-95.0,540
2024-06-24,48.5,-94.5,450
2024-06-24,48.5,-94.0,90
2024-06-24,48.5,-93.0,90
2024-06-24,48.5,-86.5,90
2024-06-24,48.5,-86.0,90
2024-06-24,48.5,-85.5,540
2024-06-24,48.5,-85.0,90
2024-06-24,48.5,-84.0,90
2024-06-24,48.5,-82.0,180
2024-06-24,48.5,-81.0,180
2024-06-24,48.5,-80.5,360
2024-06-24,48.5,-80.0,900
2024-06-24,48.5,-79.5,450
2024-06-24,48.5,-79.0,180
2024-06-24,48.5,-78.5,90
2024-06-24,48.5,-77.5,180
2024-06-24,48.5,-76.5,90
2024-06-24,49.0,-119.5,90
2024-06-24,49.0,-118.0,90
2024-06-24,49.0,-117.5,180
2024-06-24,49.0,-117.0,90
2024-06-24,49.0,-109.5,90
2024-06-24,49.0,-104.0,180
2024-06-24,49.0,-103.5,720
2024-06-24,49.0,-103.0,1170
2024-06-24,49.0,-102.5,900
2024-06-24,49.0,-102.0,1080
2024-06-24,49.0,-101.5,540
2024-06-24,49.0,-101.0,360
2024-06-24,49.0,-100.5,180
2024-06-24,49.0,-95.5,270
2024-06-24,49.0,-94.5,540
2024-06-24,49.0,-94.0,180
2024-06-24,49.0,-93.5,720
2024-06-24,49.0,-85.0,360
2024-06-24,49.0,-84.5,450
2024-06-24,49.0,-84.0,450
2024-06-24,49.0,-82.0,90
2024-06-24,49.0,-81.0,450
2024-06-24,49.0,-80.5,180
2024-06-24,49.0,-80.0,450
2024-06-24,49.0,-79.5,360
2024-06-24,49.0,-79.0,900
2024-06-24,49.0,-78.5,180
2024-06-24,49.0,-78.0,540
2024-06-24,49.0,-68.0,90
2024-06-24,49.5,-120.5,90
2024-06-24,49.5,-119.0,90
2024-06-24,49.5,-118.5,180
2024-06-24,49.5,-118.0,90
2024-06-24,49.5,-117.0,90
2024-06-24,49.5,-116.0,90
2024-06-24,49.5,-112.5,90
2024-06-24,49.5,-111.5,360
2024-06-24,49.5,-111.0,180
2024-06-24,49.5,-108.0,90
2024-06-24,49.5,-107.5,90
2024-06-24,49.5,-107.0,90
2024-06-24,49.5,-105.5,360
2024-06-24,49.5,-105.0,810
2024-06-24,49.5,-104.5,810
2024-06-24,49.5,-104.0,360
2024-06-24,49.5,-103.5,540
2024-06-24,49.5,-103.0,270
2024-06-24,49.5,-101.5,90
2024-06-24,49.5,-101.0,90
2024-06-24,49.5,-100.5,90
2024-06-24,49.5,-95.5,90
2024-06-24,49.5,-94.0,360
2024-06-24,49.5,-93.0,180
2024-06-24,49.5,-92.0,270
2024-06-24,49.5,-91.5,90
2024-06-24,49.5,-91.0,180
2024-06-24,49.5,-85.5,90
2024-06-24,49.5,-84.5,90
2024-06-24,49.5,-84.0,270
2024-06-24,49.5,-82.5,450
2024-06-24,49.5,-82.0,270
2024-06-24,49.5,-81.5,450
2024-06-24,49.5,-81.0,90
2024-06-24,49.5,-80.5,540
2024-06-24,49.5,-80.0,450
2024-06-24,49.5,-79.5,270
2024-06-24,49.5,-79.0,360
2024-06-24,49.5,-78.5,540
2024-06-24,49.5,-78.0,1260
2024-06-24,49.5,-77.5,630
2024-06-24,49.5,-77.0,360
2024-06-24,49.5,-76.5,360
2024-06-24,50.0,-120.0,90
2024-06-24,50.0,-116.0,90
2024-06-24,50.0,-115.5,90
2024-06-24,50.0,-113.5,180
2024-06-24,50.0,-111.5,90
2024-06-24,50.0,-111.0,90
2024-06-24,50.0,-106.5,90
2024-06-24,50.0,-106.0,90
2024-06-24,50.0,-105.5,270
2024-06-24,50.0,-105.0,270
2024-06-24,50.0,-94.0,180
2024-06-24,50.0,-93.5,90
2024-06-24,50.0,-93.0,270
2024-06-24,50.0,-92.5,90
2024-06-24,50.0,-91.5,90
2024-06-24,50.0,-85.0,180
2024-06-24,50.0,-83.0,180
2024-06-24,50.0,-82.5,90
2024-06-24,50.0,-82.0,540
2024-06-24,50.0,-81.0,180
2024-06-24,50.0,-80.5,360
2024-06-24,50.0,-80.0,270
2024-06-24,50.0,-79.5,360
2024-06-24,50.0,-79.0,450
2024-06-24,50.0,-78.0,90
2024-06-24,50.0,-77.0,360
2024-06-24,50.0,-76.5,360
2024-06-24,50.0,-76.0,90
2024-06-24,50.5,-119.5,90
2024-06-24,50.5,-119.0,180
2024-06-24,50.5,-109.0,180
2024-06-24,50.5,-108.0,90
2024-06-24,50.5,-107.0,90
2024-06-24,50.5,-106.0,90
2024-06-24,50.5,-92.5,270
2024-06-24,50.5,-92.0,180
2024-06-24,50.5,-91.0,90
2024-06-24,50.5,-86.0,90
2024-06-24,50.5,-85.5,90
2024-06-24,50.5,-85.0,90
2024-06-24,50.5,-83.5,90
2024-06-24,50.5,-83.0,270
2024-06-24,50.5,-82.5,900
2024-06-24,50.5,-82.0,630
2024-06-24,50.5,-80.5,90
2024-06-24,50.5,-80.0,540
2024-06-24,50.5,-79.5,180
2024-06-24,50.5,-78.5,360
2024-06-24,50.5,-77.5,90
2024-06-24,50.5,-75.5,90
2024-06-24,50.5,-74.5,90
2024-06-24,50.5,-74.0,180
2024-06-24,51.0,-120.5,90
2024-06-24,51.0,-114.5,90
2024-06-24,51.0,-114.0,90
2024-06-24,51.0,-113.5,90
2024-06-24,51.0,-108.5,90
2024-06-24,51.0,-95.5,90
2024-06-24,51.0,-93.5,270
2024-06-24,51.0,-92.5,90
2024-06-24,51.0,-87.0,90
2024-06-24,51.0,-86.5,90
2024-06-24,51.0,-86.0,180
2024-06-24,51.0,-83.5,90
2024-06-24,51.0,-83.0,90
2024-06-24,51.0,-82.5,360
2024-06-24,51.0,-82.0,270
2024-06-24,51.0,-81.5,90
2024-06-24,51.0,-81.0,900
2024-06-24,51.0,-79.5,1080
2024-06-24,51.0,-78.5,90
2024-06-24,51.0,-77.5,540
2024-06-24,51.0,-77.0,90
2024-06-24,51.0,-76.5,630
2024-06-24,51.0,-75.0,90
2024-06-24,51.5,-116.0,90
2024-06-24,51.5,-113.0,180
2024-06-24,51.5,-111.0,270
2024-06-24,51.5,-110.5,90
2024-06-24,51.5,-109.5,90
2024-06-24,51.5,-100.5,90
2024-06-24,51.5,-99.5,180
2024-06-24,51.5,-99.0,90
2024-06-24,51.5,-92.5,450
2024-06-24,51.5,-92.0,450
2024-06-24,51.5,-91.0,1170
2024-06-24,51.5,-90.0,540
2024-06-24,51.5,-89.0,900
2024-06-24,51.5,-88.5,180
2024-06-24,51.5,-88.0,90
2024-06-24,51.5,-87.5,90
2024-06-24,51.5,-85.0,90
2024-06-24,51.5,-82.5,270
2024-06-24,51.5,-82.0,180
2024-06-24,51.5,-81.5,90
2024-06-24,51.5,-80.5,180
2024-06-24,51.5,-80.0,90
2024-06-24,51.5,-79.5,90
2024-06-24,51.5,-78.5,90
2024-06-24,51.5,-77.5,90
2024-06-24,51.5,-76.5,90
2024-06-24,51.5,-74.5,90
2024-06-24,51.5,-74.0,90
2024-06-24,51.5,-73.5,90
2024-06-24,52.0,-116.5,90
2024-06-24,52.0,-115.5,90
2024-06-24,52.0,-114.5,90
2024-06-24,52.0,-111.0,90
2024-06-24,52.0,-110.0,90
2024-06-24,52.0,-105.5,270
2024-06-24,52.0,-105.0,180
2024-06-24,52.0,-104.5,90
2024-06-24,52.0,-103.5,180
2024-06-24,52.0,-102.5,270
2024-06-24,52.0,-101.0,90
2024-06-24,52.0,-100.0,90
2024-06-24,52.0,-99.0,90
2024-06-24,52.0,-98.5,90
2024-06-24,52.0,-97.5,180
2024-06-24,52.0,-97.0,180
2024-06-24,52.0,-96.5,90
2024-06-24,52.0,-96.0,90
2024-06-24,52.0,-95.5,180
2024-06-24,52.0,-94.5,270
2024-06-24,52.0,-93.5,180
2024-06-24,52.0,-93.0,1080
2024-06-24,52.0,-92.5,180
2024-06-24,52.0,-92.0,360
2024-06-24,52.0,-91.5,2250
2024-06-24,52.0,-91.0,450
2024-06-24,52.0,-90.5,360
2024-06-24,52.0,-90.0,1170
2024-06-24,52.0,-89.5,180
2024-06-24,52.0,-89.0,630
2024-06-24,52.0,-88.5,360
2024-06-24,52.0,-87.5,180
2024-06-24,52.0,-87.0,90
2024-06-24,52.0,-86.5,90
2024-06-24,52.0,-86.0,90
2024-06-24,52.0,-85.5,180
2024-06-24,52.0,-84.5,90
2024-06-24,52.0,-84.0,90
2024-06-24,52.0,-83.5,180
2024-06-24,52.0,-82.5,360
2024-06-24,52.0,-81.0,180
2024-06-24,52.0,-80.5,180
2024-06-24,52.0,-80.0,450
2024-06-24,52.0,-79.5,90
2024-06-24,52.0,-78.5,180
2024-06-24,52.0,-78.0,450
2024-06-24,52.0,-77.5,270
2024-06-24,52.0,-77.0,90
2024-06-24,52.5,-117.0,90
2024-06-24,52.5,-116.5,90
2024-06-24,52.5,-116.0,90
2024-06-24,52.5,-113.5,90
2024-06-24,52.5,-109.5,270
2024-06-24,52.5,-109.0,90
2024-06-24,52.5,-108.5,90
2024-06-24,52.5,-106.0,180
2024-06-24,52.5,-105.5,450
2024-06-24,52.5,-105.0,180
2024-06-24,52.5,-104.5,90
2024-06-24,52.5,-104.0,180
2024-06-24,52.5,-103.0,180
2024-06-24,52.5,-102.5,180
2024-06-24,52.5,-102.0,90
2024-06-24,52.5,-101.5,270
2024-06-24,52.5,-101.0,90
2024-06-24,52.5,-100.5,90
2024-06-24,52.5,-99.5,360
2024-06-24,52.5,-98.5,270
2024-06-24,52.5,-97.0,180
2024-06-24,52.5,-96.0,180
2024-06-24,52.5,-95.0,180
2024-06-24,52.5,-94.5,450
2024-06-24,52.5,-94.0,450
2024-06-24,52.5,-93.5,180
2024-06-24,52.5,-93.0,270
2024-06-24,52.5,-92.5,630
2024-06-24,52.5,-92.0,90
2024-06-24,52.5,-91.5,90
2024-06-24,52.5,-91.0,90
2024-06-24,52.5,-90.5,90
2024-06-24,52.5,-90.0,450
2024-06-24,52.5,-89.5,360
2024-06-24,52.5,-89.0,360
2024-06-24,52.5,-88.5,180
2024-06-24,52.5,-88.0,270
2024-06-24,52.5,-86.0,90
2024-06-24,52.5,-85.5,90
2024-06-24,52.5,-84.0,90
2024-06-24,52.5,-78.0,90
2024-06-24,52.5,-76.5,90
2024-06-24,52.5,-76.0,180
2024-06-24,53.0,-117.0,90
2024-06-24,53.0,-116.0,180
2024-06-24,53.0,-115.5,90
2024-06-24,53.0,-114.0,90
2024-06-24,53.0,-111.0,90
2024-06-24,53.0,-108.5,270
2024-06-24,53.0,-108.0,90
2024-06-24,53.0,-107.5,180
2024-06-24,53.0,-107.0,180
2024-06-24,53.0,-106.5,180
2024-06-24,53.0,-106.0,630
2024-06-24,53.0,-105.5,180
2024-06-24,53.0,-105.0,90
2024-06-24,53.0,-104.0,270
2024-06-24,53.0,-103.5,360
2024-06-24,53.0,-103.0,90
2024-06-24,53.0,-102.5,90
2024-06-24,53.0,-102.0,90
2024-06-24,53.0,-101.5,90
2024-06-24,53.0,-100.5,180
2024-06-24,53.0,-100.0,360
2024-06-24,53.0,-99.5,180
2024-06-24,53.0,-98.5,90
2024-06-24,53.0,-98.0,180
2024-06-24,53.0,-97.0,90
2024-06-24,53.0,-95.5,90
2024-06-24,53.0,-93.5,180
2024-06-24,53.0,-90.5,180
2024-06-24,53.0,-89.5,90
2024-06-24,53.0,-88.5,90
2024-06-24,53.0,-88.0,90
2024-06-24,53.0,-87.5,90
2024-06-24,53.0,-85.0,90
2024-06-24,53.0,-77.5,180
2024-06-24,53.0,-76.5,90
2024-06-24,53.0,-74.5,90
2024-06-24,53.5,-116.5,90
2024-06-24,53.5,-116.0,270
2024-06-24,53.5,-115.5,90
2024-06-24,53.5,-109.5,180
2024-06-24,53.5,-109.0,90
2024-06-24,53.5,-107.5,270
2024-06-24,53.5,-107.0,90
2024-06-24,53.5,-106.5,90
2024-06-24,53.5,-106.0,90
2024-06-24,53.5,-105.5,90
2024-06-24,53.5,-105.0,180
2024-06-24,53.5,-104.5,90
2024-06-24,53.5,-102.5,180
2024-06-24,53.5,-102.0,90
2024-06-24,53.5,-99.5,180
2024-06-24,53.5,-99.0,360
2024-06-24,53.5,-98.5,180
2024-06-24,53.5,-98.0,270
2024-06-24,53.5,-97.5,90
2024-06-24,53.5,-96.5,90
2024-06-24,53.5,-94.5,270
2024-06-24,53.5,-94.0,180
2024-06-24,53.5,-93.0,90
2024-06-24,53.5,-91.0,90
2024-06-24,53.5,-86.0,90
2024-06-24,53.5,-85.0,90
2024-06-24,53.5,-84.5,270
2024-06-24,53.5,-84.0,540
2024-06-24,53.5,-83.5,360
2024-06-24,53.5,-83.0,270
2024-06-24,53.5,-82.5,90
2024-06-24,53.5,-81.5,270
2024-06-24,53.5,-81.0,90
2024-06-24,53.5,-80.5,180
2024-06-24,53.5,-80.0,270
2024-06-24,53.5,-77.5,180
2024-06-24,53.5,-77.0,90
2024-06-24,53.5,-76.5,90
2024-06-24,53.5,-75.0,90
2024-06-24,53.5,-74.5,90
2024-06-24,53.5,-74.0,90
2024-06-24,54.0,-116.0,90
2024-06-24,54.0,-113.0,180
2024-06-24,54.0,-112.5,90
2024-06-24,54.0,-112.0,180
2024-06-24,54.0,-111.5,90
2024-06-24,54.0,-109.0,90
2024-06-24,54.0,-108.5,270
2024-06-24,54.0,-108.0,90
2024-06-24,54.0,-105.5,90
2024-06-24,54.0,-105.0,90
2024-06-24,54.0,-102.0,90
2024-06-24,54.0,-101.0,90
2024-06-24,54.0,-99.5,270
2024-06-24,54.0,-99.0,450
2024-06-24,54.0,-98.5,630
2024-06-24,54.0,-98.0,180
2024-06-24,54.0,-97.5,180
2024-06-24,54.0,-97.0,90
2024-06-24,54.0,-96.5,90
2024-06-24,54.0,-95.5,180
2024-06-24,54.0,-95.0,270
2024-06-24,54.0,-94.5,90
2024-06-24,54.0,-94.0,270
2024-06-24,54.0,-93.5,90
2024-06-24,54.0,-93.0,90
2024-06-24,54.0,-92.0,360
2024-06-24,54.0,-91.5,270
2024-06-24,54.0,-91.0,180
2024-06-24,54.0,-90.5,180
2024-06-24,54.0,-87.0,90
2024-06-24,54.0,-85.0,90
2024-06-24,54.0,-84.0,90
2024-06-24,54.0,-83.5,270
2024-06-24,54.0,-82.0,180
2024-06-24,54.0,-81.5,270
2024-06-24,54.0,-81.0,90
2024-06-24,54.0,-79.5,90
2024-06-24,54.0,-76.0,90
2024-06-24,54.0,-75.5,180
2024-06-24,54.0,-75.0,450
2024-06-24,54.0,-74.5,90
2024-06-24,54.0,-74.0,180
2024-06-24,54.5,-115.0,90
2024-06-24,54.5,-113.5,90
2024-06-24,54.5,-111.5,90
2024-06-24,54.5,-110.5,90
2024-06-24,54.5,-108.5,450
2024-06-24,54.5,-102.0,90
2024-06-24,54.5,-101.0,180
2024-06-24,54.5,-100.5,360
2024-06-24,54.5,-100.0,180
2024-06-24,54.5,-99.5,180
2024-06-24,54.5,-99.0,90
2024-06-24,54.5,-98.0,90
2024-06-24,54.5,-97.5,90
2024-06-24,54.5,-97.0,180
2024-06-24,54.5,-96.5,90
2024-06-24,54.5,-96.0,270
2024-06-24,54.5,-95.5,90
2024-06-24,54.5,-95.0,90
2024-06-24,54.5,-94.5,180
2024-06-24,54.5,-94.0,180
2024-06-24,54.5,-93.5,180
2024-06-24,54.5,-93.0,90
2024-06-24,54.5,-92.0,90
2024-06-24,54.5,-91.5,90
2024-06-24,54.5,-89.0,270
2024-06-24,54.5,-88.5,90
2024-06-24,54.5,-87.5,180
2024-06-24,54.5,-87.0,180
2024-06-24,54.5,-86.0,90
2024-06-24,54.5,-85.5,90
2024-06-24,54.5,-85.0,90
2024-06-24,54.5,-84.0,180
2024-06-24,54.5,-83.5,90
2024-06-24,54.5,-75.0,90
2024-06-24,54.5,-74.5,180
2024-07-01,20.0,-105.5,1890
2024-07-01,20.0,-105.0,2160
2024-07-01,20.0,-104.5,1620
2024-07-01,20.0,-104.0,1260
2024-07-01,20.0,-103.5,1980
2024-07-01,20.0,-103.0,1530
2024-07-01,20.0,-102.5,2790
2024-07-01,20.0,-102.0,1710
2024-07-01,20.0,-101.5,1260
2024-07-01,20.0,-101.0,3330
2024-07-01,20.0,-100.5,1440
2024-07-01,20.0,-100.0,1440
2024-07-01,20.0,-99.5,720
2024-07-01,20.0,-99.0,360
2024-07-01,20.0,-98.5,180
2024-07-01,20.0,-98.0,450
2024-07-01,20.0,-97.5,90
2024-07-01,20.0,-95.5,540
2024-07-01,20.0,-95.0,360
2024-07-01,20.0,-94.5,90
2024-07-01,20.0,-93.5,180
2024-07-01,20.0,-92.0,180
2024-07-01,20.0,-91.5,810
2024-07-01,20.0,-91.0,3330
2024-07-01,20.0,-90.5,3960
2024-07-01,20.0,-90.0,2430
2024-07-01,20.0,-89.5,2070
2024-07-01,20.0,-89.0,3510
2024-07-01,20.0,-88.5,1530
2024-07-01,20.0,-87.5,90
2024-07-01,20.0,-87.0,180
2024-07-01,20.0,-86.5,90
2024-07-01,20.0,-85.5,90
2024-07-01,20.0,-85.0,180
2024-07-01,20.0,-84.5,90
2024-07-01,20.0,-84.0,180
2024-07-01,20.0,-83.5,180
2024-07-01,20.0,-83.0,360
2024-07-01,20.0,-82.5,720
2024-07-01,20.0,-82.0,1890
2024-07-01,20.0,-81.5,2430
2024-07-01,20.0,-81.0,990
2024-07-01,20.0,-80.5,180
2024-07-01,20.0,-80.0,540
2024-07-01,20.0,-79.5,270
2024-07-01,20.0,-79.0,90
2024-07-01,20.0,-78.5,450
2024-07-01,20.0,-78.0,900
2024-07-01,20.0,-77.5,1170
2024-07-01,20.0,-77.0,2520
2024-07-01,20.0,-76.5,1080
2024-07-01,20.0,-76.0,1080
2024-07-01,20.0,-75.5,360
2024-07-01,20.0,-75.0,90
2024-07-01,20.0,-74.5,90
2024-07-01,20.0,-73.0,90
2024-07-01,20.0,-72.5,450
2024-07-01,20.0,-71.5,270
2024-07-01,20.0,-71.0,90
2024-07-01,20.0,-68.5,180
2024-07-01,20.0,-68.0,90
2024-07-01,20.0,-66.5,90
2024-07-01,20.0,-66.0,360
2024-07-01,20.0,-65.5,900
2024-07-01,20.5,-105.5,990
2024-07-01,20.5,-105.0,1980
2024-07-01,20.5,-104.5,4230
2024-07-01,20.5,-104.0,3960
2024-07-01,20.5,-103.5,4050
2024-07-01,20.5,-103.0,1890
2024-07-01,20.5,-102.5,1350
2024-07-01,20.5,-102.0,1170
2024-07-01,20.5,-101.5,2970
2024-07-01,20.5,-101.0,2520
2024-07-01,20.5,-100.5,270
2024-07-01,20.5,-98.5,1080
2024-07-01,20.5,-98.0,180
2024-07-01,20.5,-97.0,90
2024-07-01,20.5,-96.5,90
2024-07-01,20.5,-96.0,90
2024-07-01,20.5,-95.5,450
2024-07-01,20.5,-94.5,360
2024-07-01,20.5,-93.5,90
2024-07-01,20.5,-91.5,270
2024-07-01,20.5,-91.0,1350
2024-07-01,20.5,-90.5,1530
2024-07-01,20.5,-90.0,450
2024-07-01,20.5,-89.5,5040
2024-07-01,20.5,-89.0,3060
2024-07-01,20.5,-88.5,2610
2024-07-01,20.5,-88.0,2340
2024-07-01,20.5,-87.5,90
2024-07-01,20.5,-87.0,90
2024-07-01,20.5,-86.5,270
2024-07-01,20.5,-85.5,180
2024-07-01,20.5,-84.0,90
2024-07-01,20.5,-83.5,180
2024-07-01,20.5,-83.0,1890
2024-07-01,20.5,-82.5,2970
2024-07-01,20.5,-82.0,1890
2024-07-01,20.5,-81.5,540
2024-07-01,20.5,-81.0,360
2024-07-01,20.5,-80.5,540
2024-07-01,20.5,-80.0,990
2024-07-01,20.5,-79.5,630
2024-07-01,20.5,-79.0,180
2024-07-01,20.5,-78.5,180
2024-07-01,20.5,-78.0,1980
2024-07-01,20.5,-77.5,4410
2024-07-01,20.5,-77.0,1890
2024-07-01,20.5,-76.5,2880
2024-07-01,20.5,-75.5,180
2024-07-01,20.5,-73.0,180
2024-07-01,20.5,-72.0,180
2024-07-01,20.5,-71.5,180
2024-07-01,20.5,-69.0,90
2024-07-01,20.5,-68.5,270
2024-07-01,20.5,-68.0,180
2024-07-01,20.5,-67.0,90
2024-07-01,21.0,-106.0,90
2024-07-01,21.0,-105.5,720
2024-07-01,21.0,-105.0,3150
2024-07-01,21.0,-104.5,3420
2024-07-01,21.0,-104.0,3150
2024-07-01,21.0,-103.5,1260
2024-07-01,21.0,-103.0,3240
2024-07-01,21.0,-102.5,3150
2024-07-01,21.0,-102.0,810
2024-07-01,21.0,-101.5,1260
2024-07-01,21.0,-101.0,360
2024-07-01,21.0,-100.0,360
2024-07-01,21.0,-99.0,630
2024-07-01,21.0,-98.5,900
2024-07-01,21.0,-98.0,90
2024-07-01,21.0,-97.0,90
2024-07-01,21.0,-96.5,90
2024-07-01,21.0,-96.0,90
2024-07-01,21.0,-95.5,180
2024-07-01,21.0,-94.5,180
2024-07-01,21.0,-90.5,90
2024-07-01,21.0,-90.0,1170
2024-07-01,21.0,-89.5,3060
2024-07-01,21.0,-89.0,1800
2024-07-01,21.0,-88.5,2250
2024-07-01,21.0,-88.0,2880
2024-07-01,21.0,-87.5,90
2024-07-01,21.0,-86.5,180
2024-07-01,21.0,-86.0,180
2024-07-01,21.0,-85.5,720
2024-07-01,21.0,-83.5,1170
2024-07-01,21.0,-83.0,360
2024-07-01,21.0,-82.5,2070
2024-07-01,21.0,-82.0,540
2024-07-01,21.0,-81.5,180
2024-07-01,21.0,-81.0,540
2024-07-01,21.0,-80.5,270
2024-07-01,21.0,-80.0,720
2024-07-01,21.0,-79.5,630
2024-07-01,21.0,-79.0,540
2024-07-01,21.0,-78.5,1620
2024-07-01,21.0,-78.0,1440
2024-07-01,21.0,-77.5,90
2024-07-01,21.0,-77.0,540
2024-07-01,21.0,-76.5,180
2024-07-01,21.0,-76.0,270
2024-07-01,21.0,-75.5,270
2024-07-01,21.0,-75.0,270
2024-07-01,21.0,-74.5,90
2024-07-01,21.0,-74.0,90
2024-07-01,21.0,-71.5,90
2024-07-01,21.0,-70.0,90
2024-07-01,21.0,-69.5,90
2024-07-01,21.0,-69.0,1800
2024-07-01,21.0,-68.5,2520
2024-07-01,21.0,-68.0,2790
2024-07-01,21.0,-67.5,90
2024-07-01,21.0,-67.0,180
2024-07-01,21.5,-106.5,90
2024-07-01,21.5,-106.0,90
2024-07-01,21.5,-105.5,810
2024-07-01,21.5,-105.0,2250
2024-07-01,21.5,-104.5,4950
2024-07-01,21.5,-104.0,990
2024-07-01,21.5,-103.5,1080
2024-07-01,21.5,-103.0,1890
2024-07-01,21.5,-102.5,810
2024-07-01,21.5,-102.0,720
2024-07-01,21.5,-101.5,180
2024-07-01,21.5,-101.0,90
2024-07-01,21.5,-99.5,90
2024-07-01,21.5,-99.0,180
2024-07-01,21.5,-98.0,270
2024-07-01,21.5,-97.0,180
2024-07-01,21.5,-96.0,90
2024-07-01,21.5,-88.5,270
2024-07-01,21.5,-87.5,90
2024-07-01,21.5,-86.5,180
2024-07-01,21.5,-86.0,1260
2024-07-01,21.5,-85.5,1530
2024-07-01,21.5,-85.0,270
2024-07-01,21.5,-84.0,90
2024-07-01,21.5,-83.5,1260
2024-07-01,21.5,-83.0,720
2024-07-01,21.5,-82.5,1260
2024-07-01,21.5,-82.0,1170
2024-07-01,21.5,-81.5,1080
2024-07-01,21.5,-81.0,450
2024-07-01,21.5,-80.5,1440
2024-07-01,21.5,-80.0,540
2024-07-01,21.5,-79.5,810
2024-07-01,21.5,-78.5,1170
2024-07-01,21.5,-78.0,2250
2024-07-01,21.5,-77.5,90
2024-07-01,21.5,-77.0,540
2024-07-01,21.5,-75.5,90
2024-07-01,21.5,-73.5,90
2024-07-01,21.5,-73.0,90
2024-07-01,21.5,-72.5,180
2024-07-01,21.5,-69.5,90
2024-07-01,21.5,-68.5,90
2024-07-01,21.5,-68.0,270
2024-07-01,21.5,-67.5,90
2024-07-01,22.0,-105.5,180
2024-07-01,22.0,-105.0,4680
2024-07-01,22.0,-104.5,4230
2024-07-01,22.0,-104.0,2430
2024-07-01,22.0,-103.5,540
2024-07-01,22.0,-103.0,540
2024-07-01,22.0,-102.5,180
2024-07-01,22.0,-102.0,450
2024-07-01,22.0,-101.5,360
2024-07-01,22.0,-101.0,90
2024-07-01,22.0,-99.5,180
2024-07-01,22.0,-99.0,540
2024-07-01,22.0,-98.0,90
2024-07-01,22.0,-97.5,540
2024-07-01,22.0,-91.5,180
2024-07-01,22.0,-91.0,90
2024-07-01,22.0,-87.5,90
2024-07-01,22.0,-87.0,720
2024-07-01,22.0,-86.5,720
2024-07-01,22.0,-86.0,180
2024-07-01,22.0,-85.5,630
2024-07-01,22.0,-85.0,360
2024-07-01,22.0,-84.5,3600
2024-07-01,22.0,-84.0,990
2024-07-01,22.0,-83.5,1890
2024-07-01,22.0,-83.0,90
2024-07-01,22.0,-82.5,270
2024-07-01,22.0,-82.0,1980
2024-07-01,22.0,-81.5,4590
2024-07-01,22.0,-81.0,900
2024-07-01,22.0,-80.5,2520
2024-07-01,22.0,-80.0,1800
2024-07-01,22.0,-79.5,5400
2024-07-01,22.0,-79.0,5040
2024-07-01,22.0,-78.5,2520
2024-07-01,22.0,-78.0,450
2024-07-01,22.0,-77.5,990
2024-07-01,22.0,-77.0,270
2024-07-01,22.0,-76.0,90
2024-07-01,22.0,-73.5,90
2024-07-01,22.0,-72.5,270
2024-07-01,22.0,-72.0,360
2024-07-01,22.0,-71.5,1080
2024-07-01,22.0,-70.0,90
2024-07-01,22.0,-67.0,450
2024-07-01,22.0,-66.5,90
2024-07-01,22.0,-66.0,90
2024-07-01,22.5,-106.0,900
2024-07-01,22.5,-105.5,3150
2024-07-01,22.5,-105.0,7020
2024-07-01,22.5,-104.5,2430
2024-07-01,22.5,-104.0,1530
2024-07-01,22.5,-103.5,810
2024-07-01,22.5,-103.0,90
2024-07-01,22.5,-102.5,90
2024-07-01,22.5,-102.0,90
2024-07-01,22.5,-101.5,90
2024-07-01,22.5,-101.0,90
2024-07-01,22.5,-98.0,90
2024-07-01,22.5,-96.5,90
2024-07-01,22.5,-92.5,90
2024-07-01,22.5,-88.0,90
2024-07-01,22.5,-87.5,270
2024-07-01,22.5,-87.0,180
2024-07-01,22.5,-86.5,180
2024-07-01,22.5,-86.0,540
2024-07-01,22.5,-85.0,540
2024-07-01,22.5,-84.5,1620
2024-07-01,22.5,-84.0,1350
2024-07-01,22.5,-83.5,1800
2024-07-01,22.5,-83.0,450
2024-07-01,22.5,-82.5,630
2024-07-01,22.5,-82.0,1710
2024-07-01,22.5,-81.5,1980
2024-07-01,22.5,-81.0,1440
2024-07-01,22.5,-80.5,1800
2024-07-01,22.5,-80.0,1080
2024-07-01,22.5,-79.5,2700
2024-07-01,22.5,-79.0,720
2024-07-01,22.5,-78.5,180
2024-07-01,22.5,-78.0,180
2024-07-01,22.5,-77.5,630
2024-07-01,22.5,-77.0,180
2024-07-01,22.5,-71.5,270
2024-07-01,22.5,-68.0,180
2024-07-01,22.5,-67.5,360
2024-07-01,22.5,-67.0,450
2024-07-01,22.5,-66.5,360
2024-07-01,23.0,-128.5,3060
2024-07-01,23.0,-107.0,360
2024-07-01,23.0,-106.5,540
2024-07-01,23.0,-106.0,5040
2024-07-01,23.0,-105.5,2970
2024-07-01,23.0,-105.0,2160
2024-07-01,23.0,-104.5,1890
2024-07-01,23.0,-104.0,630
2024-07-01,23.0,-103.5,270
2024-07-01,23.0,-103.0,540
2024-07-01,23.0,-101.5,90
2024-07-01,23.0,-101.0,90
2024-07-01,23.0,-100.0,360
2024-07-01,23.0,-99.5,270
2024-07-01,23.0,-99.0,360
2024-07-01,23.0,-98.0,270
2024-07-01,23.0,-97.0,180
2024-07-01,23.0,-96.0,90
2024-07-01,23.0,-93.0,90
2024-07-01,23.0,-90.0,90
2024-07-01,23.0,-89.5,180
2024-07-01,23.0,-88.0,270
2024-07-01,23.0,-87.5,270
2024-07-01,23.0,-87.0,180
2024-07-01,23.0,-86.5,90
2024-07-01,23.0,-86.0,180
2024-07-01,23.0,-85.0,90
2024-07-01,23.0,-83.5,90
2024-07-01,23.0,-83.0,360
2024-07-01,23.0,-82.5,540
2024-07-01,23.0,-82.0,270
2024-07-01,23.0,-81.5,450
2024-07-01,23.0,-80.5,180
2024-07-01,23.0,-80.0,90
2024-07-01,23.0,-79.5,1170
2024-07-01,23.0,-79.0,1710
2024-07-01,23.0,-78.5,2340
2024-07-01,23.0,-78.0,450
2024-07-01,23.0,-77.5,180
2024-07-01,23.0,-77.0,450
2024-07-01,23.0,-76.5,180
2024-07-01,23.0,-67.0,180
2024-07-01,23.0,-66.5,270
2024-07-01,23.0,-66.0,360
2024-07-01,23.5,-128.5,2790
2024-07-01,23.5,-106.5,3060
2024-07-01,23.5,-106.0,4140
2024-07-01,23.5,-105.5,1620
2024-07-01,23.5,-105.0,810
2024-07-01,23.5,-104.5,1080
2024-07-01,23.5,-104.0,540
2024-07-01,23.5,-103.5,630
2024-07-01,23.5,-103.0,270
2024-07-01,23.5,-102.5,90
2024-07-01,23.5,-101.5,90
2024-07-01,23.5,-101.0,90
2024-07-01,23.5,-100.5,90
2024-07-01,23.5,-99.5,90
2024-07-01,23.5,-99.0,270
2024-07-01,23.5,-98.5,90
2024-07-01,23.5,-98.0,90
2024-07-01,23.5,-97.5,180
2024-07-01,23.5,-96.5,90
2024-07-01,23.5,-90.5,180
2024-07-01,23.5,-90.0,450
2024-07-01,23.5,-89.5,180
2024-07-01,23.5,-88.5,2160
2024-07-01,23.5,-88.0,1170
2024-07-01,23.5,-87.5,720
2024-07-01,23.5,-83.0,90
2024-07-01,23.5,-82.5,180
2024-07-01,23.5,-81.0,270
2024-07-01,23.5,-80.0,450
2024-07-01,23.5,-79.5,90
2024-07-01,23.5,-79.0,810
2024-07-01,23.5,-78.5,810
2024-07-01,23.5,-78.0,540
2024-07-01,23.5,-77.5,180
2024-07-01,23.5,-77.0,360
2024-07-01,23.5,-76.5,90
2024-07-01,23.5,-74.5,90
2024-07-01,23.5,-71.5,180
2024-07-01,23.5,-67.0,90
2024-07-01,23.5,-66.5,90
2024-07-01,23.5,-66.0,90
2024-07-01,23.5,-65.5,180
2024-07-01,24.0,-107.5,90
2024-07-01,24.0,-107.0,1710
2024-07-01,24.0,-106.5,3510
2024-07-01,24.0,-106.0,2970
2024-07-01,24.0,-105.5,1350
2024-07-01,24.0,-105.0,900
2024-07-01,24.0,-104.5,1170
2024-07-01,24.0,-104.0,1170
2024-07-01,24.0,-103.5,1080
2024-07-01,24.0,-103.0,270
2024-07-01,24.0,-102.5,90
2024-07-01,24.0,-102.0,180
2024-07-01,24.0,-100.5,90
2024-07-01,24.0,-97.0,90
2024-07-01,24.0,-94.0,90
2024-07-01,24.0,-91.0,90
2024-07-01,24.0,-90.0,180
2024-07-01,24.0,-89.0,1350
2024-07-01,24.0,-88.5,810
2024-07-01,24.0,-88.0,990
2024-07-01,24.0,-86.5,90
2024-07-01,24.0,-85.5,90
2024-07-01,24.0,-83.5,90
2024-07-01,24.0,-80.5,90
2024-07-01,24.0,-79.5,270
2024-07-01,24.0,-79.0,270
2024-07-01,24.0,-78.5,720
2024-07-01,24.0,-78.0,720
2024-07-01,24.0,-77.5,360
2024-07-01,24.0,-77.0,270
2024-07-01,24.0,-71.5,360
2024-07-01,24.0,-71.0,270
2024-07-01,24.0,-70.5,3960
2024-07-01,24.0,-70.0,2250
2024-07-01,24.0,-69.5,3330
2024-07-01,24.0,-69.0,450
2024-07-01,24.0,-68.0,810
2024-07-01,24.0,-66.5,180
2024-07-01,24.0,-66.0,360
2024-07-01,24.5,-109.0,180
2024-07-01,24.5,-108.0,90
2024-07-01,24.5,-107.5,990
2024-07-01,24.5,-107.0,4410
2024-07-01,24.5,-106.5,2160
2024-07-01,24.5,-106.0,1710
2024-07-01,24.5,-105.5,450
2024-07-01,24.5,-105.0,990
2024-07-01,24.5,-104.5,990
2024-07-01,24.5,-104.0,1260
2024-07-01,24.5,-103.5,990
2024-07-01,24.5,-103.0,450
2024-07-01,24.5,-102.5,270
2024-07-01,24.5,-102.0,90
2024-07-01,24.5,-101.0,270
2024-07-01,24.5,-100.5,180
2024-07-01,24.5,-100.0,90
2024-07-01,24.5,-99.0,180
2024-07-01,24.5,-96.5,180
2024-07-01,24.5,-92.5,90
2024-07-01,24.5,-90.5,360
2024-07-01,24.5,-90.0,360
2024-07-01,24.5,-89.5,90
2024-07-01,24.5,-89.0,90
2024-07-01,24.5,-88.0,90
2024-07-01,24.5,-84.0,180
2024-07-01,24.5,-81.5,90
2024-07-01,24.5,-80.5,450
2024-07-01,24.5,-80.0,270
2024-07-01,24.5,-79.5,540
2024-07-01,24.5,-79.0,540
2024-07-01,24.5,-78.5,1890
2024-07-01,24.5,-78.0,270
2024-07-01,24.5,-77.5,810
2024-07-01,24.5,-77.0,180
2024-07-01,24.5,-76.5,180
2024-07-01,24.5,-75.5,90
2024-07-01,24.5,-72.0,90
2024-07-01,24.5,-70.5,990
2024-07-01,24.5,-70.0,5310
2024-07-01,24.5,-69.5,3060
2024-07-01,24.5,-69.0,3690
2024-07-01,24.5,-68.5,2160
2024-07-01,24.5,-68.0,1440
2024-07-01,24.5,-67.5,90
2024-07-01,24.5,-66.0,1170
2024-07-01,24.5,-65.5,180
2024-07-01,25.0,-109.5,90
2024-07-01,25.0,-109.0,360
2024-07-01,25.0,-108.0,810
2024-07-01,25.0,-107.5,3870
2024-07-01,25.0,-107.0,3240
2024-07-01,25.0,-106.5,2520
2024-07-01,25.0,-106.0,450
2024-07-01,25.0,-105.5,720
2024-07-01,25.0,-105.0,720
2024-07-01,25.0,-104.5,900
2024-07-01,25.0,-104.0,1080
2024-07-01,25.0,-103.5,630
2024-07-01,25.0,-103.0,540
2024-07-01,25.0,-102.5,360
2024-07-01,25.0,-102.0,180
2024-07-01,25.0,-101.5,450
2024-07-01,25.0,-101.0,450
2024-07-01,25.0,-100.0,90
2024-07-01,25.0,-99.5,270
2024-07-01,25.0,-97.5,90
2024-07-01,25.0,-97.0,360
2024-07-01,25.0,-93.5,180
2024-07-01,25.0,-91.0,180
2024-07-01,25.0,-90.5,990
2024-07-01,25.0,-90.0,360
2024-07-01,25.0,-84.5,90
2024-07-01,25.0,-83.5,90
2024-07-01,25.0,-83.0,360
2024-07-01,25.0,-82.5,450
2024-07-01,25.0,-82.0,360
2024-07-01,25.0,-81.5,2250
2024-07-01,25.0,-81.0,270
2024-07-01,25.0,-80.5,360
2024-07-01,25.0,-80.0,180
2024-07-01,25.0,-79.0,90
2024-07-01,25.0,-78.5,90
2024-07-01,25.0,-78.0,810
2024-07-01,25.0,-77.5,630
2024-07-01,25.0,-77.0,720
2024-07-01,25.0,-76.5,450
2024-07-01,25.0,-74.5,90
2024-07-01,25.0,-73.5,90
2024-07-01,25.0,-73.0,90
2024-07-01,25.0,-72.5,360
2024-07-01,25.0,-72.0,90
2024-07-01,25.0,-71.0,90
2024-07-01,25.0,-70.5,180
2024-07-01,25.0,-70.0,1440
2024-07-01,25.0,-69.5,2610
2024-07-01,25.0,-69.0,3870
2024-07-01,25.0,-68.5,5040
2024-07-01,25.0,-68.0,540
2024-07-01,25.0,-67.5,810
2024-07-01,25.0,-67.0,540
2024-07-01,25.0,-66.5,90
2024-07-01,25.0,-66.0,360
2024-07-01,25.0,-65.5,1530
2024-07-01,25.5,-110.0,90
2024-07-01,25.5,-109.5,180
2024-07-01,25.5,-109.0,720
2024-07-01,25.5,-108.5,270
2024-07-01,25.5,-108.0,1980
2024-07-01,25.5,-107.5,3600
2024-07-01,25.5,-107.0,3510
2024-07-01,25.5,-106.5,2160
2024-07-01,25.5,-106.0,180
2024-07-01,25.5,-105.5,360
2024-07-01,25.5,-105.0,810
2024-07-01,25.5,-104.5,990
2024-07-01,25.5,-104.0,2250
2024-07-01,25.5,-103.5,270
2024-07-01,25.5,-103.0,270
2024-07-01,25.5,-102.5,450
2024-07-01,25.5,-102.0,990
2024-07-01,25.5,-101.5,900
2024-07-01,25.5,-100.0,90
2024-07-01,25.5,-99.5,90
2024-07-01,25.5,-99.0,180
2024-07-01,25.5,-98.5,180
2024-07-01,25.5,-98.0,180
2024-07-01,25.5,-97.5,180
2024-07-01,25.5,-94.0,180
2024-07-01,25.5,-92.0,90
2024-07-01,25.5,-91.0,450
2024-07-01,25.5,-90.5,900
2024-07-01,25.5,-90.0,180
2024-07-01,25.5,-83.0,90
2024-07-01,25.5,-82.5,990
2024-07-01,25.5,-82.0,1350
2024-07-01,25.5,-81.5,1620
2024-07-01,25.5,-81.0,2340
2024-07-01,25.5,-80.5,180
2024-07-01,25.5,-80.0,180
2024-07-01,25.5,-79.5,270
2024-07-01,25.5,-79.0,360
2024-07-01,25.5,-78.5,90
2024-07-01,25.5,-78.0,630
2024-07-01,25.5,-77.5,450
2024-07-01,25.5,-77.0,90
2024-07-01,25.5,-76.5,90
2024-07-01,25.5,-75.0,270
2024-07-01,25.5,-74.5,180
2024-07-01,25.5,-74.0,270
2024-07-01,25.5,-72.5,90
2024-07-01,25.5,-72.0,450
2024-07-01,25.5,-71.5,90
2024-07-01,25.5,-70.5,180
2024-07-01,25.5,-70.0,90
2024-07-01,25.5,-69.5,180
2024-07-01,25.5,-69.0,180
2024-07-01,25.5,-68.5,270
2024-07-01,25.5,-68.0,360
2024-07-01,25.5,-67.5,540
2024-07-01,25.5,-67.0,810
2024-07-01,25.5,-66.5,1710
2024-07-01,25.5,-66.0,1800
2024-07-01,25.5,-65.5,630
2024-07-01,26.0,-111.0,180
2024-07-01,26.0,-110.5,90
2024-07-01,26.0,-110.0,270
2024-07-01,26.0,-109.5,180
2024-07-01,26.0,-109.0,900
2024-07-01,26.0,-108.5,2340
2024-07-01,26.0,-108.0,3870
2024-07-01,26.0,-107.5,3060
2024-07-01,26.0,-107.0,1620
2024-07-01,26.0,-106.5,450
2024-07-01,26.0,-106.0,450
2024-07-01,26.0,-105.5,540
2024-07-01,26.0,-105.0,180
2024-07-01,26.0,-104.5,450
2024-07-01,26.0,-104.0,1530
2024-07-01,26.0,-103.5,1080
2024-07-01,26.0,-103.0,990
2024-07-01,26.0,-102.5,810
2024-07-01,26.0,-102.0,900
2024-07-01,26.0,-101.5,1440
2024-07-01,26.0,-101.0,540
2024-07-01,26.0,-100.0,180
2024-07-01,26.0,-99.5,360
2024-07-01,26.0,-98.5,180
2024-07-01,26.0,-98.0,90
2024-07-01,26.0,-97.5,90
2024-07-01,26.0,-96.5,270
2024-07-01,26.0,-95.0,180
2024-07-01,26.0,-94.5,90
2024-07-01,26.0,-94.0,180
2024-07-01,26.0,-93.5,90
2024-07-01,26.0,-91.5,630
2024-07-01,26.0,-91.0,540
2024-07-01,26.0,-90.5,540
2024-07-01,26.0,-90.0,90
2024-07-01,26.0,-85.0,90
2024-07-01,26.0,-83.0,90
2024-07-01,26.0,-82.5,630
2024-07-01,26.0,-82.0,5850
2024-07-01,26.0,-81.5,810
2024-07-01,26.0,-81.0,2970
2024-07-01,26.0,-80.5,720
2024-07-01,26.0,-80.0,630
2024-07-01,26.0,-79.5,540
2024-07-01,26.0,-79.0,180
2024-07-01,26.0,-78.0,180
2024-07-01,26.0,-77.5,720
2024-07-01,26.0,-77.0,90
2024-07-01,26.0,-75.5,180
2024-07-01,26.0,-75.0,90
2024-07-01,26.0,-74.5,270
2024-07-01,26.0,-74.0,270
2024-07-01,26.0,-73.5,90
2024-07-01,26.0,-72.5,90
2024-07-01,26.0,-72.0,270
2024-07-01,26.0,-71.5,270
2024-07-01,26.0,-71.0,1350
2024-07-01,26.0,-70.5,180
2024-07-01,26.0,-70.0,270
2024-07-01,26.0,-69.5,270
2024-07-01,26.0,-69.0,450
2024-07-01,26.0,-68.5,180
2024-07-01,26.0,-68.0,90
2024-07-01,26.0,-67.5,180
2024-07-01,26.0,-67.0,90
2024-07-01,26.0,-66.5,270
2024-07-01,26.0,-66.0,180
2024-07-01,26.0,-65.5,90
2024-07-01,26.5,-111.0,90
2024-07-01,26.5,-110.5,180
2024-07-01,26.5,-110.0,450
2024-07-01,26.5,-109.5,540
2024-07-01,26.5,-109.0,2070
2024-07-01,26.5,-108.5,1620
2024-07-01,26.5,-108.0,2340
2024-07-01,26.5,-107.5,2520
2024-07-01,26.5,-107.0,1890
2024-07-01,26.5,-106.5,1890
2024-07-01,26.5,-106.0,810
2024-07-01,26.5,-105.5,540
2024-07-01,26.5,-104.5,360
2024-07-01,26.5,-104.0,1440
2024-07-01,26.5,-103.5,1170
2024-07-01,26.5,-103.0,2160
2024-07-01,26.5,-102.5,270
2024-07-01,26.5,-102.0,720
2024-07-01,26.5,-101.5,1440
2024-07-01,26.5,-101.0,90
2024-07-01,26.5,-100.5,90
2024-07-01,26.5,-100.0,360
2024-07-01,26.5,-99.5,90
2024-07-01,26.5,-98.5,90
2024-07-01,26.5,-98.0,180
2024-07-01,26.5,-97.5,180
2024-07-01,26.5,-97.0,270
2024-07-01,26.5,-96.5,270
2024-07-01,26.5,-96.0,990
2024-07-01,26.5,-95.5,180
2024-07-01,26.5,-95.0,360
2024-07-01,26.5,-94.5,720
2024-07-01,26.5,-94.0,90
2024-07-01,26.5,-93.5,360
2024-07-01,26.5,-93.0,90
2024-07-01,26.5,-92.5,180
2024-07-01,26.5,-92.0,990
2024-07-01,26.5,-91.5,1440
2024-07-01,26.5,-91.0,450
2024-07-01,26.5,-90.5,270
2024-07-01,26.5,-90.0,360
2024-07-01,26.5,-84.0,360
2024-07-01,26.5,-83.5,90
2024-07-01,26.5,-82.5,2160
2024-07-01,26.5,-82.0,2880
2024-07-01,26.5,-81.5,1620
2024-07-01,26.5,-81.0,450
2024-07-01,26.5,-80.5,180
2024-07-01,26.5,-80.0,90
2024-07-01,26.5,-79.0,1980
2024-07-01,26.5,-78.5,450
2024-07-01,26.5,-78.0,270
2024-07-01,26.5,-77.5,810
2024-07-01,26.5,-77.0,270
2024-07-01,26.5,-76.5,450
2024-07-01,26.5,-75.5,90
2024-07-01,26.5,-74.5,1530
2024-07-01,26.5,-74.0,630
2024-07-01,26.5,-73.5,360
2024-07-01,26.5,-73.0,270
2024-07-01,26.5,-72.5,90
2024-07-01,26.5,-72.0,270
2024-07-01,26.5,-71.5,1530
2024-07-01,26.5,-71.0,2880
2024-07-01,26.5,-70.5,1170
2024-07-01,26.5,-70.0,90
2024-07-01,26.5,-69.5,270
2024-07-01,26.5,-69.0,90
2024-07-01,26.5,-68.5,270
2024-07-01,26.5,-67.0,360
2024-07-01,26.5,-66.0,180
2024-07-01,26.5,-65.5,450
2024-07-01,27.0,-112.0,90
2024-07-01,27.0,-111.5,90
2024-07-01,27.0,-110.5,90
2024-07-01,27.0,-110.0,630
2024-07-01,27.0,-109.5,1530
2024-07-01,27.0,-109.0,2880
2024-07-01,27.0,-108.5,5670
2024-07-01,27.0,-108.0,3420
2024-07-01,27.0,-107.5,1350
2024-07-01,27.0,-107.0,990
2024-07-01,27.0,-106.5,1350
2024-07-01,27.0,-106.0,1080
2024-07-01,27.0,-105.5,270
2024-07-01,27.0,-105.0,1350
2024-07-01,27.0,-104.5,1350
2024-07-01,27.0,-104.0,1170
2024-07-01,27.0,-103.5,540
2024-07-01,27.0,-103.0,540
2024-07-01,27.0,-102.5,1350
2024-07-01,27.0,-102.0,1980
2024-07-01,27.0,-97.5,90
2024-07-01,27.0,-97.0,90
2024-07-01,27.0,-96.5,90
2024-07-01,27.0,-96.0,180
2024-07-01,27.0,-95.5,180
2024-07-01,27.0,-94.5,270
2024-07-01,27.0,-94.0,630
2024-07-01,27.0,-93.5,270
2024-07-01,27.0,-93.0,810
2024-07-01,27.0,-92.5,810
2024-07-01,27.0,-92.0,990
2024-07-01,27.0,-91.5,360
2024-07-01,27.0,-91.0,90
2024-07-01,27.0,-90.5,90
2024-07-01,27.0,-89.0,360
2024-07-01,27.0,-88.5,90
2024-07-01,27.0,-88.0,90
2024-07-01,27.0,-86.5,540
2024-07-01,27.0,-85.5,90
2024-07-01,27.0,-83.0,360
2024-07-01,27.0,-82.5,8460
2024-07-01,27.0,-82.0,1440
2024-07-01,27.0,-81.5,1260
2024-07-01,27.0,-81.0,540
2024-07-01,27.0,-80.5,90
2024-07-01,27.0,-79.0,270
2024-07-01,27.0,-78.0,90
2024-07-01,27.0,-77.5,90
2024-07-01,27.0,-77.0,90
2024-07-01,27.0,-76.5,180
2024-07-01,27.0,-76.0,90
2024-07-01,27.0,-75.5,90
2024-07-01,27.0,-75.0,270
2024-07-01,27.0,-74.5,450
2024-07-01,27.0,-74.0,180
2024-07-01,27.0,-73.5,180
2024-07-01,27.0,-73.0,630
2024-07-01,27.0,-72.5,450
2024-07-01,27.0,-72.0,900
2024-07-01,27.0,-71.5,360
2024-07-01,27.0,-71.0,720
2024-07-01,27.0,-70.5,540
2024-07-01,27.0,-70.0,1350
2024-07-01,27.0,-69.5,900
2024-07-01,27.0,-69.0,90
2024-07-01,27.0,-68.5,180
2024-07-01,27.0,-68.0,90
2024-07-01,27.0,-67.0,90
2024-07-01,27.0,-66.5,90
2024-07-01,27.0,-66.0,90
2024-07-01,27.0,-65.5,720
2024-07-01,27.5,-112.0,270
2024-07-01,27.5,-111.5,180
2024-07-01,27.5,-111.0,180
2024-07-01,27.5,-110.5,1170
2024-07-01,27.5,-110.0,1260
2024-07-01,27.5,-109.5,3060
2024-07-01,27.5,-109.0,2520
2024-07-01,27.5,-108.5,2160
2024-07-01,27.5,-108.0,1890
2024-07-01,27.5,-107.5,990
2024-07-01,27.5,-107.0,1080
2024-07-01,27.5,-106.5,3060
2024-07-01,27.5,-106.0,990
2024-07-01,27.5,-105.5,630
2024-07-01,27.5,-105.0,270
2024-07-01,27.5,-104.5,1260
2024-07-01,27.5,-104.0,2790
2024-07-01,27.5,-103.5,990
2024-07-01,27.5,-103.0,1080
2024-07-01,27.5,-102.5,1980
2024-07-01,27.5,-102.0,810
2024-07-01,27.5,-100.5,90
2024-07-01,27.5,-98.0,450
2024-07-01,27.5,-97.0,180
2024-07-01,27.5,-96.0,90
2024-07-01,27.5,-95.5,270
2024-07-01,27.5,-94.5,180
2024-07-01,27.5,-94.0,270
2024-07-01,27.5,-93.5,450
2024-07-01,27.5,-93.0,1170
2024-07-01,27.5,-92.5,270
2024-07-01,27.5,-92.0,450
2024-07-01,27.5,-91.5,90
2024-07-01,27.5,-91.0,90
2024-07-01,27.5,-90.5,180
2024-07-01,27.5,-90.0,450
2024-07-01,27.5,-89.5,90
2024-07-01,27.5,-89.0,270
2024-07-01,27.5,-88.5,450
2024-07-01,27.5,-88.0,360
2024-07-01,27.5,-86.5,90
2024-07-01,27.5,-86.0,90
2024-07-01,27.5,-85.5,180
2024-07-01,27.5,-83.5,180
2024-07-01,27.5,-83.0,630
2024-07-01,27.5,-82.5,4500
2024-07-01,27.5,-82.0,1440
2024-07-01,27.5,-81.5,450
2024-07-01,27.5,-79.0,90
2024-07-01,27.5,-76.5,90
2024-07-01,27.5,-75.5,90
2024-07-01,27.5,-75.0,90
2024-07-01,27.5,-74.5,180
2024-07-01,27.5,-74.0,270
2024-07-01,27.5,-73.5,180
2024-07-01,27.5,-72.5,360
2024-07-01,27.5,-72.0,270
2024-07-01,27.5,-71.5,450
2024-07-01,27.5,-71.0,990
2024-07-01,27.5,-70.0,90
2024-07-01,27.5,-69.5,630
2024-07-01,27.5,-69.0,180
2024-07-01,28.0,-112.0,180
2024-07-01,28.0,-111.5,810
2024-07-01,28.0,-111.0,1170
2024-07-01,28.0,-110.5,630
2024-07-01,28.0,-110.0,810
2024-07-01,28.0,-109.5,1440
2024-07-01,28.0,-109.0,3420
2024-07-01,28.0,-108.5,2160
2024-07-01,28.0,-108.0,1980
2024-07-01,28.0,-107.5,1440
2024-07-01,28.0,-107.0,2070
2024-07-01,28.0,-106.5,2880
2024-07-01,28.0,-106.0,360
2024-07-01,28.0,-105.5,540
2024-07-01,28.0,-105.0,1080
2024-07-01,28.0,-104.5,1080
2024-07-01,28.0,-104.0,270
2024-07-01,28.0,-103.5,1260
2024-07-01,28.0,-103.0,630
2024-07-01,28.0,-102.5,360
2024-07-01,28.0,-97.5,540
2024-07-01,28.0,-95.5,90
2024-07-01,28.0,-95.0,270
2024-07-01,28.0,-94.5,180
2024-07-01,28.0,-94.0,720
2024-07-01,28.0,-93.5,900
2024-07-01,28.0,-93.0,540
2024-07-01,28.0,-92.5,90
2024-07-01,28.0,-91.5,360
2024-07-01,28.0,-91.0,90
2024-07-01,28.0,-90.5,270
2024-07-01,28.0,-90.0,990
2024-07-01,28.0,-89.0,90
2024-07-01,28.0,-88.5,450
2024-07-01,28.0,-88.0,450
2024-07-01,28.0,-87.5,90
2024-07-01,28.0,-87.0,180
2024-07-01,28.0,-86.5,90
2024-07-01,28.0,-86.0,90
2024-07-01,28.0,-85.5,90
2024-07-01,28.0,-85.0,270
2024-07-01,28.0,-84.0,90
2024-07-01,28.0,-83.0,1440
2024-07-01,28.0,-82.5,1980
2024-07-01,28.0,-82.0,540
2024-07-01,28.0,-81.5,450
2024-07-01,28.0,-73.5,180
2024-07-01,28.0,-73.0,360
2024-07-01,28.0,-72.5,450
2024-07-01,28.0,-72.0,180
2024-07-01,28.0,-71.0,360
2024-07-01,28.0,-70.5,90
2024-07-01,28.0,-70.0,540
2024-07-01,28.0,-69.0,180
2024-07-01,28.0,-68.5,90
2024-07-01,28.0,-65.5,180
2024-07-01,28.5,-112.0,90
2024-07-01,28.5,-111.0,450
2024-07-01,28.5,-110.5,3330
2024-07-01,28.5,-110.0,3330
2024-07-01,28.5,-109.5,1530
2024-07-01,28.5,-109.0,3870
2024-07-01,28.5,-108.5,2610
2024-07-01,28.5,-108.0,1440
2024-07-01,28.5,-107.5,1710
2024-07-01,28.5,-107.0,2340
2024-07-01,28.5,-106.5,900
2024-07-01,28.5,-106.0,1620
2024-07-01,28.5,-105.5,1260
2024-07-01,28.5,-105.0,810
2024-07-01,28.5,-104.5,1260
2024-07-01,28.5,-104.0,720
2024-07-01,28.5,-103.5,1440
2024-07-01,28.5,-103.0,1260
2024-07-01,28.5,-102.5,270
2024-07-01,28.5,-99.0,90
2024-07-01,28.5,-98.5,1260
2024-07-01,28.5,-98.0,90
2024-07-01,28.5,-97.5,360
2024-07-01,28.5,-97.0,450
2024-07-01,28.5,-96.5,540
2024-07-01,28.5,-95.0,180
2024-07-01,28.5,-94.5,360
2024-07-01,28.5,-94.0,450
2024-07-01,28.5,-93.5,180
2024-07-01,28.5,-92.5,90
2024-07-01,28.5,-92.0,450
2024-07-01,28.5,-91.5,1890
2024-07-01,28.5,-90.5,180
2024-07-01,28.5,-90.0,270
2024-07-01,28.5,-89.5,90
2024-07-01,28.5,-89.0,90
2024-07-01,28.5,-88.5,270
2024-07-01,28.5,-86.0,90
2024-07-01,28.5,-85.5,90
2024-07-01,28.5,-85.0,180
2024-07-01,28.5,-84.5,90
2024-07-01,28.5,-84.0,90
2024-07-01,28.5,-83.5,270
2024-07-01,28.5,-83.0,540
2024-07-01,28.5,-82.5,900
2024-07-01,28.5,-82.0,900
2024-07-01,28.5,-81.5,450
2024-07-01,28.5,-77.5,360
2024-07-01,28.5,-75.5,90
2024-07-01,28.5,-73.0,270
2024-07-01,28.5,-72.0,180
2024-07-01,28.5,-71.5,180
2024-07-01,28.5,-71.0,270
2024-07-01,28.5,-69.5,90
2024-07-01,28.5,-69.0,720
2024-07-01,28.5,-68.5,90
2024-07-01,29.0,-112.0,270
2024-07-01,29.0,-111.5,450
2024-07-01,29.0,-111.0,360
2024-07-01,29.0,-110.5,4230
2024-07-01,29.0,-110.0,1530
2024-07-01,29.0,-109.5,2160
2024-07-01,29.0,-109.0,2610
2024-07-01,29.0,-108.5,2160
2024-07-01,29.0,-108.0,720
2024-07-01,29.0,-107.5,900
2024-07-01,29.0,-107.0,1800
2024-07-01,29.0,-106.5,1890
2024-07-01,29.0,-106.0,1350
2024-07-01,29.0,-105.5,1890
2024-07-01,29.0,-105.0,1260
2024-07-01,29.0,-104.5,1440
2024-07-01,29.0,-104.0,1350
2024-07-01,29.0,-103.5,900
2024-07-01,29.0,-103.0,1080
2024-07-01,29.0,-102.5,630
2024-07-01,29.0,-102.0,90
2024-07-01,29.0,-99.0,540
2024-07-01,29.0,-98.5,630
2024-07-01,29.0,-98.0,630
2024-07-01,29.0,-97.5,540
2024-07-01,29.0,-97.0,1440
2024-07-01,29.0,-96.5,2430
2024-07-01,29.0,-96.0,1710
2024-07-01,29.0,-95.5,1440
2024-07-01,29.0,-95.0,180
2024-07-01,29.0,-94.5,1080
2024-07-01,29.0,-94.0,810
2024-07-01,29.0,-93.5,1170
2024-07-01,29.0,-93.0,360
2024-07-01,29.0,-92.5,540
2024-07-01,29.0,-92.0,1350
2024-07-01,29.0,-91.5,450
2024-07-01,29.0,-91.0,360
2024-07-01,29.0,-90.0,180
2024-07-01,29.0,-89.5,1080
2024-07-01,29.0,-89.0,270
2024-07-01,29.0,-88.5,90
2024-07-01,29.0,-86.0,90
2024-07-01,29.0,-85.0,90
2024-07-01,29.0,-84.5,990
2024-07-01,29.0,-84.0,90
2024-07-01,29.0,-83.5,270
2024-07-01,29.0,-83.0,1080
2024-07-01,29.0,-82.5,2070
2024-07-01,29.0,-82.0,990
2024-07-01,29.0,-81.5,360
2024-07-01,29.0,-74.0,360
2024-07-01,29.0,-70.5,90
2024-07-01,29.0,-68.0,90
2024-07-01,29.5,-129.0,180
2024-07-01,29.5,-112.5,90
2024-07-01,29.5,-112.0,900
2024-07-01,29.5,-111.5,1260
2024-07-01,29.5,-111.0,1800
2024-07-01,29.5,-110.5,2430
2024-07-01,29.5,-110.0,1170
2024-07-01,29.5,-109.5,1170
2024-07-01,29.5,-109.0,2700
2024-07-01,29.5,-108.5,2070
2024-07-01,29.5,-108.0,720
2024-07-01,29.5,-107.5,990
2024-07-01,29.5,-107.0,720
2024-07-01,29.5,-106.5,1350
2024-07-01,29.5,-106.0,1350
2024-07-01,29.5,-105.5,1980
2024-07-01,29.5,-105.0,1170
2024-07-01,29.5,-104.5,1710
2024-07-01,29.5,-104.0,360
2024-07-01,29.5,-103.5,180
2024-07-01,29.5,-103.0,360
2024-07-01,29.5,-102.5,360
2024-07-01,29.5,-102.0,540
2024-07-01,29.5,-101.5,1350
2024-07-01,29.5,-101.0,720
2024-07-01,29.5,-100.5,270
2024-07-01,29.5,-100.0,90
2024-07-01,29.5,-99.5,90
2024-07-01,29.5,-99.0,90
2024-07-01,29.5,-98.5,630
2024-07-01,29.5,-98.0,1440
2024-07-01,29.5,-97.5,90
2024-07-01,29.5,-97.0,180
2024-07-01,29.5,-96.5,450
2024-07-01,29.5,-96.0,2340
2024-07-01,29.5,-95.5,4320
2024-07-01,29.5,-95.0,3960
2024-07-01,29.5,-94.5,2430
2024-07-01,29.5,-94.0,1350
2024-07-01,29.5,-93.5,2070
2024-07-01,29.5,-93.0,1890
2024-07-01,29.5,-92.5,1890
2024-07-01,29.5,-92.0,720
2024-07-01,29.5,-91.5,1710
2024-07-01,29.5,-91.0,2610
2024-07-01,29.5,-90.5,2790
2024-07-01,29.5,-90.0,1350
2024-07-01,29.5,-89.5,90
2024-07-01,29.5,-88.0,90
2024-07-01,29.5,-87.0,180
2024-07-01,29.5,-86.0,360
2024-07-01,29.5,-85.5,360
2024-07-01,29.5,-84.5,360
2024-07-01,29.5,-84.0,90
2024-07-01,29.5,-83.5,1080
2024-07-01,29.5,-83.0,1440
2024-07-01,29.5,-82.5,2430
2024-07-01,29.5,-82.0,2520
2024-07-01,29.5,-66.0,270
2024-07-01,29.5,-65.5,90
2024-07-01,30.0,-112.5,720
2024-07-01,30.0,-112.0,3330
2024-07-01,30.0,-111.5,1080
2024-07-01,30.0,-111.0,1800
2024-07-01,30.0,-110.5,2340
2024-07-01,30.0,-110.0,2250
2024-07-01,30.0,-109.5,1080
2024-07-01,30.0,-109.0,1260
2024-07-01,30.0,-108.5,990
2024-07-01,30.0,-108.0,1080
2024-07-01,30.0,-107.5,270
2024-07-01,30.0,-107.0,1170
2024-07-01,30.0,-106.5,270
2024-07-01,30.0,-106.0,630
2024-07-01,30.0,-105.5,630
2024-07-01,30.0,-105.0,1440
2024-07-01,30.0,-104.5,1080
2024-07-01,30.0,-104.0,1350
2024-07-01,30.0,-103.5,450
2024-07-01,30.0,-102.0,90
2024-07-01,30.0,-101.5,630
2024-07-01,30.0,-101.0,810
2024-07-01,30.0,-100.5,720
2024-07-01,30.0,-100.0,900
2024-07-01,30.0,-99.5,900
2024-07-01,30.0,-99.0,990
2024-07-01,30.0,-98.5,270
2024-07-01,30.0,-98.0,1080
2024-07-01,30.0,-97.5,1080
2024-07-01,30.0,-96.5,270
2024-07-01,30.0,-96.0,1620
2024-07-01,30.0,-95.5,900
2024-07-01,30.0,-95.0,630
2024-07-01,30.0,-94.5,1080
2024-07-01,30.0,-94.0,1260
2024-07-01,30.0,-93.5,1170
2024-07-01,30.0,-93.0,2250
2024-07-01,30.0,-92.5,1980
2024-07-01,30.0,-92.0,2070
2024-07-01,30.0,-91.5,3510
2024-07-01,30.0,-91.0,2160
2024-07-01,30.0,-90.5,2160
2024-07-01,30.0,-90.0,2160
2024-07-01,30.0,-89.5,630
2024-07-01,30.0,-88.5,180
2024-07-01,30.0,-88.0,90
2024-07-01,30.0,-87.5,270
2024-07-01,30.0,-86.0,1620
2024-07-01,30.0,-85.5,1980
2024-07-01,30.0,-85.0,2070
2024-07-01,30.0,-84.5,450
2024-07-01,30.0,-84.0,720
2024-07-01,30.0,-83.5,1890
2024-07-01,30.0,-83.0,2160
2024-07-01,30.0,-82.5,2790
2024-07-01,30.0,-82.0,2520
2024-07-01,30.0,-75.5,90
2024-07-01,30.0,-68.5,90
2024-07-01,30.5,-130.0,90
2024-07-01,30.5,-112.0,1350
2024-07-01,30.5,-111.5,450
2024-07-01,30.5,-111.0,540
2024-07-01,30.5,-110.5,2250
2024-07-01,30.5,-110.0,900
2024-07-01,30.5,-109.5,2250
2024-07-01,30.5,-109.0,720
2024-07-01,30.5,-108.5,270
2024-07-01,30.5,-108.0,270
2024-07-01,30.5,-107.5,810
2024-07-01,30.5,-107.0,810
2024-07-01,30.5,-106.5,900
2024-07-01,30.5,-106.0,540
2024-07-01,30.5,-105.5,990
2024-07-01,30.5,-105.0,630
2024-07-01,30.5,-104.5,810
2024-07-01,30.5,-104.0,1980
2024-07-01,30.5,-103.5,1350
2024-07-01,30.5,-103.0,540
2024-07-01,30.5,-102.5,180
2024-07-01,30.5,-102.0,450
2024-07-01,30.5,-101.5,810
2024-07-01,30.5,-101.0,90
2024-07-01,30.5,-100.5,540
2024-07-01,30.5,-100.0,540
2024-07-01,30.5,-99.5,450
2024-07-01,30.5,-99.0,1260
2024-07-01,30.5,-98.5,810
2024-07-01,30.5,-98.0,1440
2024-07-01,30.5,-97.5,540
2024-07-01,30.5,-96.0,180
2024-07-01,30.5,-95.5,720
2024-07-01,30.5,-95.0,810
2024-07-01,30.5,-94.5,450
2024-07-01,30.5,-94.0,450
2024-07-01,30.5,-93.5,2160
2024-07-01,30.5,-93.0,1260
2024-07-01,30.5,-92.5,2970
2024-07-01,30.5,-92.0,2790
2024-07-01,30.5,-91.5,4050
2024-07-01,30.5,-91.0,2700
2024-07-01,30.5,-90.5,2070
2024-07-01,30.5,-90.0,2880
2024-07-01,30.5,-89.5,2970
2024-07-01,30.5,-89.0,3600
2024-07-01,30.5,-88.5,2520
2024-07-01,30.5,-88.0,1620
2024-07-01,30.5,-87.5,1530
2024-07-01,30.5,-87.0,810
2024-07-01,30.5,-86.5,2160
2024-07-01,30.5,-86.0,4680
2024-07-01,30.5,-85.5,2160
2024-07-01,30.5,-85.0,1620
2024-07-01,30.5,-84.5,3150
2024-07-01,30.5,-84.0,2250
2024-07-01,30.5,-83.5,5940
2024-07-01,30.5,-83.0,3060
2024-07-01,30.5,-82.5,1620
2024-07-01,30.5,-82.0,1530
2024-07-01,30.5,-67.0,90
2024-07-01,31.0,-130.0,4500
2024-07-01,31.0,-112.0,1440
2024-07-01,31.0,-111.5,990
2024-07-01,31.0,-111.0,450
2024-07-01,31.0,-110.5,1350
2024-07-01,31.0,-110.0,1350
2024-07-01,31.0,-109.5,1440
2024-07-01,31.0,-109.0,990
2024-07-01,31.0,-108.5,90
2024-07-01,31.0,-108.0,450
2024-07-01,31.0,-107.5,360
2024-07-01,31.0,-107.0,360
2024-07-01,31.0,-106.5,720
2024-07-01,31.0,-106.0,2160
2024-07-01,31.0,-105.5,1620
2024-07-01,31.0,-105.0,180
2024-07-01,31.0,-104.5,990
2024-07-01,31.0,-104.0,720
2024-07-01,31.0,-103.5,630
2024-07-01,31.0,-103.0,180
2024-07-01,31.0,-102.5,540
2024-07-01,31.0,-102.0,720
2024-07-01,31.0,-101.5,360
2024-07-01,31.0,-101.0,900
2024-07-01,31.0,-100.5,450
2024-07-01,31.0,-100.0,630
2024-07-01,31.0,-99.5,180
2024-07-01,31.0,-99.0,1080
2024-07-01,31.0,-98.5,630
2024-07-01,31.0,-98.0,90
2024-07-01,31.0,-96.5,270
2024-07-01,31.0,-95.5,270
2024-07-01,31.0,-95.0,1080
2024-07-01,31.0,-94.5,1980
2024-07-01,31.0,-94.0,630
2024-07-01,31.0,-93.5,2250
2024-07-01,31.0,-93.0,3240
2024-07-01,31.0,-92.5,4230
2024-07-01,31.0,-92.0,3330
2024-07-01,31.0,-91.5,3780
2024-07-01,31.0,-91.0,3780
2024-07-01,31.0,-90.5,3510
2024-07-01,31.0,-90.0,3870
2024-07-01,31.0,-89.5,2520
2024-07-01,31.0,-89.0,1530
2024-07-01,31.0,-88.5,2430
2024-07-01,31.0,-88.0,3330
2024-07-01,31.0,-87.5,2880
2024-07-01,31.0,-87.0,1260
2024-07-01,31.0,-86.5,720
2024-07-01,31.0,-86.0,1890
2024-07-01,31.0,-85.5,2700
2024-07-01,31.0,-85.0,270
2024-07-01,31.0,-84.5,2070
2024-07-01,31.0,-84.0,2880
2024-07-01,31.0,-83.5,3600
2024-07-01,31.0,-83.0,1440
2024-07-01,31.0,-82.5,3420
2024-07-01,31.0,-82.0,2610
2024-07-01,31.0,-81.5,90
2024-07-01,31.0,-81.0,90
2024-07-01,31.0,-66.0,180
2024-07-01,31.0,-65.5,90
2024-07-01,31.5,-130.0,270
2024-07-01,31.5,-112.0,270
2024-07-01,31.5,-111.5,270
2024-07-01,31.5,-111.0,270
2024-07-01,31.5,-110.5,1170
2024-07-01,31.5,-110.0,990
2024-07-01,31.5,-109.5,1440
2024-07-01,31.5,-109.0,810
2024-07-01,31.5,-108.5,450
2024-07-01,31.5,-108.0,1080
2024-07-01,31.5,-107.5,720
2024-07-01,31.5,-107.0,1080
2024-07-01,31.5,-106.5,1800
2024-07-01,31.5,-106.0,1440
2024-07-01,31.5,-105.5,1350
2024-07-01,31.5,-105.0,1170
2024-07-01,31.5,-104.5,720
2024-07-01,31.5,-104.0,630
2024-07-01,31.5,-103.5,2070
2024-07-01,31.5,-103.0,540
2024-07-01,31.5,-102.5,450
2024-07-01,31.5,-102.0,270
2024-07-01,31.5,-101.5,900
2024-07-01,31.5,-101.0,180
2024-07-01,31.5,-100.5,630
2024-07-01,31.5,-100.0,2160
2024-07-01,31.5,-99.5,2790
2024-07-01,31.5,-99.0,180
2024-07-01,31.5,-98.5,990
2024-07-01,31.5,-98.0,1170
2024-07-01,31.5,-97.5,810
2024-07-01,31.5,-97.0,900
2024-07-01,31.5,-96.5,450
2024-07-01,31.5,-96.0,720
2024-07-01,31.5,-95.5,450
2024-07-01,31.5,-95.0,450
2024-07-01,31.5,-94.5,900
2024-07-01,31.5,-94.0,2430
2024-07-01,31.5,-93.5,2970
2024-07-01,31.5,-93.0,4500
2024-07-01,31.5,-92.5,360
2024-07-01,31.5,-92.0,3330
2024-07-01,31.5,-91.5,1440
2024-07-01,31.5,-91.0,1890
2024-07-01,31.5,-90.5,1980
2024-07-01,31.5,-90.0,3510
2024-07-01,31.5,-89.5,1980
2024-07-01,31.5,-89.0,1260
2024-07-01,31.5,-88.5,1170
2024-07-01,31.5,-88.0,2250
2024-07-01,31.5,-87.5,2070
2024-07-01,31.5,-87.0,2700
2024-07-01,31.5,-86.5,1080
2024-07-01,31.5,-86.0,5220
2024-07-01,31.5,-85.5,1080
2024-07-01,31.5,-85.0,990
2024-07-01,31.5,-84.5,3420
2024-07-01,31.5,-84.0,1080
2024-07-01,31.5,-83.5,5400
2024-07-01,31.5,-83.0,2340
2024-07-01,31.5,-82.5,3330
2024-07-01,31.5,-82.0,450
2024-07-01,31.5,-81.5,180
2024-07-01,31.5,-81.0,90
2024-07-01,31.5,-78.5,90
2024-07-01,31.5,-78.0,90
2024-07-01,31.5,-77.0,180
2024-07-01,31.5,-66.5,90
2024-07-01,31.5,-66.0,90
2024-07-01,31.5,-65.5,180
2024-07-01,32.0,-112.5,270
2024-07-01,32.0,-112.0,270
2024-07-01,32.0,-111.5,180
2024-07-01,32.0,-111.0,1710
2024-07-01,32.0,-110.5,450
2024-07-01,32.0,-110.0,450
2024-07-01,32.0,-109.5,360
2024-07-01,32.0,-109.0,1350
2024-07-01,32.0,-108.5,1170
2024-07-01,32.0,-108.0,1440
2024-07-01,32.0,-107.5,270
2024-07-01,32.0,-107.0,630
2024-07-01,32.0,-106.5,990
2024-07-01,32.0,-106.0,720
2024-07-01,32.0,-105.5,2160
2024-07-01,32.0,-105.0,1890
2024-07-01,32.0,-104.5,1350
2024-07-01,32.0,-104.0,2520
2024-07-01,32.0,-103.5,1530
2024-07-01,32.0,-103.0,1710
2024-07-01,32.0,-102.5,450
2024-07-01,32.0,-102.0,360
2024-07-01,32.0,-101.5,180
2024-07-01,32.0,-101.0,270
2024-07-01,32.0,-100.5,360
2024-07-01,32.0,-100.0,540
2024-07-01,32.0,-99.5,720
2024-07-01,32.0,-99.0,810
2024-07-01,32.0,-98.5,1710
2024-07-01,32.0,-98.0,990
2024-07-01,32.0,-97.5,630
2024-07-01,32.0,-97.0,450
2024-07-01,32.0,-96.5,360
2024-07-01,32.0,-96.0,720
2024-07-01,32.0,-95.5,2250
2024-07-01,32.0,-95.0,810
2024-07-01,32.0,-94.5,1710
2024-07-01,32.0,-94.0,630
2024-07-01,32.0,-93.5,1620
2024-07-01,32.0,-93.0,5220
2024-07-01,32.0,-92.5,4230
2024-07-01,32.0,-92.0,2610
2024-07-01,32.0,-91.5,1710
2024-07-01,32.0,-91.0,810
2024-07-01,32.0,-90.5,2340
2024-07-01,32.0,-90.0,3510
2024-07-01,32.0,-89.5,2520
2024-07-01,32.0,-89.0,900
2024-07-01,32.0,-88.5,2520
2024-07-01,32.0,-88.0,1260
2024-07-01,32.0,-87.5,1080
2024-07-01,32.0,-87.0,1170
2024-07-01,32.0,-86.5,4230
2024-07-01,32.0,-86.0,1170
2024-07-01,32.0,-85.5,3600
2024-07-01,32.0,-85.0,2520
2024-07-01,32.0,-84.5,810
2024-07-01,32.0,-84.0,900
2024-07-01,32.0,-83.5,5850
2024-07-01,32.0,-83.0,4770
2024-07-01,32.0,-82.5,5670
2024-07-01,32.0,-82.0,4680
2024-07-01,32.0,-81.5,1080
2024-07-01,32.0,-81.0,180
2024-07-01,32.0,-80.0,180
2024-07-01,32.0,-79.0,180
2024-07-01,32.0,-78.5,180
2024-07-01,32.0,-78.0,180
2024-07-01,32.0,-77.5,180
2024-07-01,32.0,-67.5,90
2024-07-01,32.0,-66.5,90
2024-07-01,32.5,-112.5,90
2024-07-01,32.5,-112.0,270
2024-07-01,32.5,-111.5,270
2024-07-01,32.5,-111.0,900
2024-07-01,32.5,-110.5,1260
2024-07-01,32.5,-110.0,810
2024-07-01,32.5,-109.5,90
2024-07-01,32.5,-109.0,450
2024-07-01,32.5,-108.5,1080
2024-07-01,32.5,-108.0,1350
2024-07-01,32.5,-107.5,1080
2024-07-01,32.5,-107.0,720
2024-07-01,32.5,-106.5,1170
2024-07-01,32.5,-106.0,810
2024-07-01,32.5,-105.5,2970
2024-07-01,32.5,-105.0,990
2024-07-01,32.5,-104.5,1800
2024-07-01,32.5,-104.0,1710
2024-07-01,32.5,-103.5,720
2024-07-01,32.5,-103.0,1350
2024-07-01,32.5,-102.5,270
2024-07-01,32.5,-102.0,360
2024-07-01,32.5,-101.5,180
2024-07-01,32.5,-101.0,270
2024-07-01,32.5,-100.5,360
2024-07-01,32.5,-100.0,90
2024-07-01,32.5,-99.5,90
2024-07-01,32.5,-99.0,450
2024-07-01,32.5,-98.5,270
2024-07-01,32.5,-97.5,90
2024-07-01,32.5,-97.0,90
2024-07-01,32.5,-96.5,90
2024-07-01,32.5,-96.0,2880
2024-07-01,32.5,-95.5,4320
2024-07-01,32.5,-95.0,1080
2024-07-01,32.5,-94.5,2160
2024-07-01,32.5,-94.0,720
2024-07-01,32.5,-93.5,450
2024-07-01,32.5,-93.0,720
2024-07-01,32.5,-92.5,810
2024-07-01,32.5,-92.0,3780
2024-07-01,32.5,-91.5,3420
2024-07-01,32.5,-91.0,3240
2024-07-01,32.5,-90.5,900
2024-07-01,32.5,-90.0,1620
2024-07-01,32.5,-89.5,900
2024-07-01,32.5,-89.0,1890
2024-07-01,32.5,-88.5,3510
2024-07-01,32.5,-88.0,990
2024-07-01,32.5,-87.5,1350
2024-07-01,32.5,-87.0,2610
2024-07-01,32.5,-86.5,1350
2024-07-01,32.5,-86.0,990
2024-07-01,32.5,-85.5,2880
2024-07-01,32.5,-85.0,4500
2024-07-01,32.5,-84.5,2880
2024-07-01,32.5,-84.0,2250
2024-07-01,32.5,-83.5,5580
2024-07-01,32.5,-83.0,7290
2024-07-01,32.5,-82.5,5850
2024-07-01,32.5,-82.0,9900
2024-07-01,32.5,-81.5,3510
2024-07-01,32.5,-81.0,1170
2024-07-01,32.5,-80.5,1260
2024-07-01,32.5,-80.0,1530
2024-07-01,32.5,-79.5,180
2024-07-01,32.5,-79.0,90
2024-07-01,32.5,-78.5,450
2024-07-01,32.5,-78.0,180
2024-07-01,32.5,-77.5,810
2024-07-01,32.5,-77.0,540
2024-07-01,32.5,-76.5,90
2024-07-01,32.5,-76.0,450
2024-07-01,32.5,-71.0,90
2024-07-01,32.5,-70.5,90
2024-07-01,32.5,-68.5,90
2024-07-01,32.5,-68.0,90
2024-07-01,32.5,-67.5,90
2024-07-01,33.0,-112.0,270
2024-07-01,33.0,-111.5,900
2024-07-01,33.0,-111.0,540
2024-07-01,33.0,-110.5,630
2024-07-01,33.0,-110.0,270
2024-07-01,33.0,-109.5,2250
2024-07-01,33.0,-109.0,2340
2024-07-01,33.0,-108.5,1980
2024-07-01,33.0,-108.0,1530
2024-07-01,33.0,-107.5,900
2024-07-01,33.0,-107.0,1530
2024-07-01,33.0,-106.5,1350
2024-07-01,33.0,-106.0,1080
2024-07-01,33.0,-105.5,990
2024-07-01,33.0,-105.0,1980
2024-07-01,33.0,-104.5,360
2024-07-01,33.0,-103.5,990
2024-07-01,33.0,-103.0,720
2024-07-01,33.0,-102.5,1260
2024-07-01,33.0,-102.0,990
2024-07-01,33.0,-101.5,2430
2024-07-01,33.0,-101.0,180
2024-07-01,33.0,-100.5,540
2024-07-01,33.0,-100.0,270
2024-07-01,33.0,-99.5,360
2024-07-01,33.0,-95.5,450
2024-07-01,33.0,-95.0,450
2024-07-01,33.0,-94.5,1170
2024-07-01,33.0,-94.0,1260
2024-07-01,33.0,-93.5,540
2024-07-01,33.0,-93.0,990
2024-07-01,33.0,-92.5,540
2024-07-01,33.0,-92.0,990
2024-07-01,33.0,-91.5,720
2024-07-01,33.0,-91.0,2250
2024-07-01,33.0,-90.5,1260
2024-07-01,33.0,-90.0,1440
2024-07-01,33.0,-89.5,1530
2024-07-01,33.0,-89.0,2430
2024-07-01,33.0,-88.5,990
2024-07-01,33.0,-88.0,90
2024-07-01,33.0,-87.5,900
2024-07-01,33.0,-87.0,1620
2024-07-01,33.0,-86.5,1440
2024-07-01,33.0,-86.0,1620
2024-07-01,33.0,-85.5,2880
2024-07-01,33.0,-85.0,810
2024-07-01,33.0,-84.5,1440
2024-07-01,33.0,-84.0,1530
2024-07-01,33.0,-83.5,7920
2024-07-01,33.0,-83.0,2790
2024-07-01,33.0,-82.5,4770
2024-07-01,33.0,-82.0,6480
2024-07-01,33.0,-81.5,5940
2024-07-01,33.0,-81.0,1530
2024-07-01,33.0,-80.0,810
2024-07-01,33.0,-79.5,2160
2024-07-01,33.0,-79.0,2160
2024-07-01,33.0,-78.5,3240
2024-07-01,33.0,-78.0,720
2024-07-01,33.0,-77.5,2430
2024-07-01,33.0,-77.0,630
2024-07-01,33.0,-76.5,450
2024-07-01,33.0,-76.0,630
2024-07-01,33.0,-74.0,90
2024-07-01,33.0,-67.5,180
2024-07-01,33.0,-67.0,180
2024-07-01,33.0,-66.5,180
2024-07-01,33.5,-111.5,450
2024-07-01,33.5,-111.0,810
2024-07-01,33.5,-110.5,360
2024-07-01,33.5,-110.0,900
2024-07-01,33.5,-109.5,2160
2024-07-01,33.5,-109.0,1800
2024-07-01,33.5,-108.5,1710
2024-07-01,33.5,-108.0,990
2024-07-01,33.5,-107.5,810
2024-07-01,33.5,-107.0,1890
2024-07-01,33.5,-106.5,1710
2024-07-01,33.5,-106.0,360
2024-07-01,33.5,-105.5,1350
2024-07-01,33.5,-105.0,3330
2024-07-01,33.5,-104.5,540
2024-07-01,33.5,-104.0,360
2024-07-01,33.5,-103.5,360
2024-07-01,33.5,-103.0,990
2024-07-01,33.5,-102.5,2070
2024-07-01,33.5,-102.0,2250
2024-07-01,33.5,-101.5,1080
2024-07-01,33.5,-101.0,1530
2024-07-01,33.5,-100.5,270
2024-07-01,33.5,-100.0,1890
2024-07-01,33.5,-99.5,810
2024-07-01,33.5,-99.0,270
2024-07-01,33.5,-98.5,180
2024-07-01,33.5,-98.0,630
2024-07-01,33.5,-97.5,360
2024-07-01,33.5,-97.0,720
2024-07-01,33.5,-95.0,90
2024-07-01,33.5,-94.5,630
2024-07-01,33.5,-94.0,540
2024-07-01,33.5,-93.5,900
2024-07-01,33.5,-93.0,90
2024-07-01,33.5,-92.5,180
2024-07-01,33.5,-91.5,180
2024-07-01,33.5,-90.0,540
2024-07-01,33.5,-89.5,630
2024-07-01,33.5,-88.5,90
2024-07-01,33.5,-88.0,90
2024-07-01,33.5,-87.5,180
2024-07-01,33.5,-87.0,1170
2024-07-01,33.5,-86.5,720
2024-07-01,33.5,-86.0,450
2024-07-01,33.5,-85.5,2250
2024-07-01,33.5,-85.0,1620
2024-07-01,33.5,-84.5,1530
2024-07-01,33.5,-84.0,540
2024-07-01,33.5,-83.5,2430
2024-07-01,33.5,-83.0,1620
2024-07-01,33.5,-82.5,3960
2024-07-01,33.5,-82.0,3330
2024-07-01,33.5,-81.5,3600
2024-07-01,33.5,-81.0,2430
2024-07-01,33.5,-80.5,90
2024-07-01,33.5,-79.5,90
2024-07-01,33.5,-79.0,810
2024-07-01,33.5,-78.5,720
2024-07-01,33.5,-78.0,720
2024-07-01,33.5,-77.5,360
2024-07-01,33.5,-77.0,2250
2024-07-01,33.5,-76.5,180
2024-07-01,33.5,-76.0,1350
2024-07-01,33.5,-75.5,1170
2024-07-01,33.5,-75.0,450
2024-07-01,33.5,-72.0,90
2024-07-01,33.5,-69.0,90
2024-07-01,33.5,-68.5,90
2024-07-01,33.5,-68.0,270
2024-07-01,33.5,-67.5,270
2024-07-01,33.5,-66.5,90
2024-07-01,34.0,-112.5,270
2024-07-01,34.0,-112.0,270
2024-07-01,34.0,-111.5,180
2024-07-01,34.0,-111.0,810
2024-07-01,34.0,-110.5,810
2024-07-01,34.0,-110.0,1350
2024-07-01,34.0,-109.5,1440
2024-07-01,34.0,-109.0,720
2024-07-01,34.0,-108.5,630
2024-07-01,34.0,-108.0,1170
2024-07-01,34.0,-107.5,1890
2024-07-01,34.0,-107.0,630
2024-07-01,34.0,-106.5,180
2024-07-01,34.0,-105.5,1170
2024-07-01,34.0,-105.0,2070
2024-07-01,34.0,-104.5,990
2024-07-01,34.0,-104.0,90
2024-07-01,34.0,-103.5,270
2024-07-01,34.0,-103.0,270
2024-07-01,34.0,-102.5,450
2024-07-01,34.0,-102.0,900
2024-07-01,34.0,-101.5,1170
2024-07-01,34.0,-101.0,990
2024-07-01,34.0,-100.5,270
2024-07-01,34.0,-100.0,720
2024-07-01,34.0,-99.5,3240
2024-07-01,34.0,-99.0,2160
2024-07-01,34.0,-98.5,1980
2024-07-01,34.0,-98.0,900
2024-07-01,34.0,-97.5,180
2024-07-01,34.0,-97.0,2250
2024-07-01,34.0,-96.5,990
2024-07-01,34.0,-96.0,180
2024-07-01,34.0,-92.5,90
2024-07-01,34.0,-91.0,90
2024-07-01,34.0,-90.5,450
2024-07-01,34.0,-90.0,630
2024-07-01,34.0,-89.5,90
2024-07-01,34.0,-89.0,180
2024-07-01,34.0,-88.5,540
2024-07-01,34.0,-88.0,90
2024-07-01,34.0,-87.5,180
2024-07-01,34.0,-87.0,630
2024-07-01,34.0,-86.5,990
2024-07-01,34.0,-86.0,720
2024-07-01,34.0,-85.5,270
2024-07-01,34.0,-85.0,450
2024-07-01,34.0,-84.5,270
2024-07-01,34.0,-84.0,2250
2024-07-01,34.0,-83.5,360
2024-07-01,34.0,-83.0,1890
2024-07-01,34.0,-82.5,1620
2024-07-01,34.0,-82.0,3150
2024-07-01,34.0,-81.5,450
2024-07-01,34.0,-81.0,450
2024-07-01,34.0,-80.5,720
2024-07-01,34.0,-80.0,2880
2024-07-01,34.0,-78.5,90
2024-07-01,34.0,-78.0,720
2024-07-01,34.0,-77.5,810
2024-07-01,34.0,-77.0,270
2024-07-01,34.0,-76.5,270
2024-07-01,34.0,-76.0,270
2024-07-01,34.0,-70.5,90
2024-07-01,34.0,-68.0,90
2024-07-01,34.0,-67.5,180
2024-07-01,34.0,-67.0,180
2024-07-01,34.5,-112.5,90
2024-07-01,34.5,-112.0,630
2024-07-01,34.5,-111.5,270
2024-07-01,34.5,-111.0,270
2024-07-01,34.5,-110.0,90
2024-07-01,34.5,-109.5,90
2024-07-01,34.5,-109.0,1890
2024-07-01,34.5,-108.5,720
2024-07-01,34.5,-108.0,900
2024-07-01,34.5,-107.5,1350
2024-07-01,34.5,-106.0,450
2024-07-01,34.5,-105.5,540
2024-07-01,34.5,-105.0,4140
2024-07-01,34.5,-104.5,450
2024-07-01,34.5,-104.0,2070
2024-07-01,34.5,-103.5,180
2024-07-01,34.5,-103.0,270
2024-07-01,34.5,-102.5,540
2024-07-01,34.5,-102.0,2250
2024-07-01,34.5,-101.5,1620
2024-07-01,34.5,-101.0,450
2024-07-01,34.5,-100.5,1440
2024-07-01,34.5,-100.0,1710
2024-07-01,34.5,-99.5,5580
2024-07-01,34.5,-99.0,5400
2024-07-01,34.5,-98.5,7470
2024-07-01,34.5,-98.0,5130
2024-07-01,34.5,-97.5,2520
2024-07-01,34.5,-97.0,7020
2024-07-01,34.5,-96.5,1260
2024-07-01,34.5,-96.0,450
2024-07-01,34.5,-95.5,360
2024-07-01,34.5,-95.0,90
2024-07-01,34.5,-94.5,90
2024-07-01,34.5,-94.0,90
2024-07-01,34.5,-93.5,720
2024-07-01,34.5,-93.0,1350
2024-07-01,34.5,-92.5,720
2024-07-01,34.5,-92.0,810
2024-07-01,34.5,-91.5,180
2024-07-01,34.5,-91.0,450
2024-07-01,34.5,-90.5,180
2024-07-01,34.5,-90.0,180
2024-07-01,34.5,-89.5,90
2024-07-01,34.5,-89.0,450
2024-07-01,34.5,-88.5,1260
2024-07-01,34.5,-88.0,1350
2024-07-01,34.5,-87.5,180
2024-07-01,34.5,-87.0,1260
2024-07-01,34.5,-86.5,900
2024-07-01,34.5,-86.0,450
2024-07-01,34.5,-85.5,3240
2024-07-01,34.5,-85.0,1710
2024-07-01,34.5,-84.5,720
2024-07-01,34.5,-84.0,1080
2024-07-01,34.5,-83.5,2610
2024-07-01,34.5,-83.0,1350
2024-07-01,34.5,-82.5,1800
2024-07-01,34.5,-82.0,1170
2024-07-01,34.5,-81.5,2070
2024-07-01,34.5,-81.0,900
2024-07-01,34.5,-80.5,1170
2024-07-01,34.5,-80.0,990
2024-07-01,34.5,-79.5,1800
2024-07-01,34.5,-79.0,2160
2024-07-01,34.5,-78.5,630
2024-07-01,34.5,-78.0,990
2024-07-01,34.5,-77.5,1710
2024-07-01,34.5,-77.0,990
2024-07-01,34.5,-76.5,180
2024-07-01,34.5,-74.5,180
2024-07-01,34.5,-74.0,90
2024-07-01,34.5,-72.0,90
2024-07-01,34.5,-69.5,90
2024-07-01,34.5,-67.0,90
2024-07-01,35.0,-112.5,90
2024-07-01,35.0,-111.5,180
2024-07-01,35.0,-110.5,180
2024-07-01,35.0,-110.0,810
2024-07-01,35.0,-109.5,900
2024-07-01,35.0,-109.0,720
2024-07-01,35.0,-108.5,1350
2024-07-01,35.0,-108.0,630
2024-07-01,35.0,-107.5,900
2024-07-01,35.0,-107.0,900
2024-07-01,35.0,-106.5,1080
2024-07-01,35.0,-106.0,270
2024-07-01,35.0,-105.5,1080
2024-07-01,35.0,-105.0,2070
2024-07-01,35.0,-104.5,1980
2024-07-01,35.0,-104.0,2520
2024-07-01,35.0,-103.5,2790
2024-07-01,35.0,-103.0,2880
2024-07-01,35.0,-102.5,360
2024-07-01,35.0,-102.0,1890
2024-07-01,35.0,-101.5,1710
2024-07-01,35.0,-101.0,3870
2024-07-01,35.0,-100.5,3330
2024-07-01,35.0,-100.0,4050
2024-07-01,35.0,-99.5,3870
2024-07-01,35.0,-99.0,3870
2024-07-01,35.0,-98.5,4230
2024-07-01,35.0,-98.0,7290
2024-07-01,35.0,-97.5,3780
2024-07-01,35.0,-97.0,2880
2024-07-01,35.0,-96.5,2070
2024-07-01,35.0,-96.0,4050
2024-07-01,35.0,-95.5,4320
2024-07-01,35.0,-95.0,990
2024-07-01,35.0,-94.5,270
2024-07-01,35.0,-94.0,180
2024-07-01,35.0,-93.5,360
2024-07-01,35.0,-93.0,90
2024-07-01,35.0,-92.5,90
2024-07-01,35.0,-92.0,1440
2024-07-01,35.0,-91.5,2160
2024-07-01,35.0,-91.0,1080
2024-07-01,35.0,-90.5,1260
2024-07-01,35.0,-90.0,1620
2024-07-01,35.0,-89.5,2970
2024-07-01,35.0,-89.0,90
2024-07-01,35.0,-88.0,2970
2024-07-01,35.0,-87.5,450
2024-07-01,35.0,-87.0,270
2024-07-01,35.0,-86.5,630
2024-07-01,35.0,-86.0,720
2024-07-01,35.0,-85.5,270
2024-07-01,35.0,-85.0,1530
2024-07-01,35.0,-84.5,1440
2024-07-01,35.0,-84.0,2430
2024-07-01,35.0,-83.5,1530
2024-07-01,35.0,-83.0,1800
2024-07-01,35.0,-82.5,900
2024-07-01,35.0,-82.0,1170
2024-07-01,35.0,-81.5,630
2024-07-01,35.0,-81.0,1530
2024-07-01,35.0,-80.5,990
2024-07-01,35.0,-80.0,360
2024-07-01,35.0,-79.5,630
2024-07-01,35.0,-79.0,4050
2024-07-01,35.0,-78.5,810
2024-07-01,35.0,-78.0,540
2024-07-01,35.0,-77.5,1170
2024-07-01,35.0,-77.0,1080
2024-07-01,35.0,-76.5,270
2024-07-01,35.0,-75.5,90
2024-07-01,35.0,-75.0,90
2024-07-01,35.0,-74.0,180
2024-07-01,35.0,-72.0,270
2024-07-01,35.0,-71.0,180
2024-07-01,35.0,-70.5,90
2024-07-01,35.0,-68.0,90
2024-07-01,35.0,-67.5,90
2024-07-01,35.5,-112.0,270
2024-07-01,35.5,-110.5,90
2024-07-01,35.5,-110.0,270
2024-07-01,35.5,-109.5,90
2024-07-01,35.5,-109.0,90
2024-07-01,35.5,-108.5,270
2024-07-01,35.5,-108.0,540
2024-07-01,35.5,-107.5,540
2024-07-01,35.5,-107.0,270
2024-07-01,35.5,-106.5,720
2024-07-01,35.5,-106.0,810
2024-07-01,35.5,-105.5,900
2024-07-01,35.5,-105.0,1800
2024-07-01,35.5,-104.5,1170
2024-07-01,35.5,-104.0,3150
2024-07-01,35.5,-103.5,3150
2024-07-01,35.5,-103.0,1620
2024-07-01,35.5,-102.5,540
2024-07-01,35.5,-102.0,1170
2024-07-01,35.5,-101.5,1530
2024-07-01,35.5,-101.0,1080
2024-07-01,35.5,-100.5,1620
2024-07-01,35.5,-100.0,1440
2024-07-01,35.5,-99.5,2520
2024-07-01,35.5,-99.0,2340
2024-07-01,35.5,-98.5,2250
2024-07-01,35.5,-98.0,1710
2024-07-01,35.5,-97.5,1620
2024-07-01,35.5,-97.0,900
2024-07-01,35.5,-96.5,1890
2024-07-01,35.5,-96.0,2340
2024-07-01,35.5,-95.5,1440
2024-07-01,35.5,-95.0,3150
2024-07-01,35.5,-94.5,2520
2024-07-01,35.5,-94.0,450
2024-07-01,35.5,-93.5,630
2024-07-01,35.5,-93.0,270
2024-07-01,35.5,-92.5,540
2024-07-01,35.5,-92.0,1440
2024-07-01,35.5,-91.5,990
2024-07-01,35.5,-91.0,1890
2024-07-01,35.5,-90.5,4950
2024-07-01,35.5,-90.0,2610
2024-07-01,35.5,-89.5,360
2024-07-01,35.5,-89.0,450
2024-07-01,35.5,-88.5,540
2024-07-01,35.5,-88.0,1350
2024-07-01,35.5,-87.5,1170
2024-07-01,35.5,-86.5,270
2024-07-01,35.5,-86.0,720
2024-07-01,35.5,-85.5,180
2024-07-01,35.5,-85.0,2340
2024-07-01,35.5,-84.5,720
2024-07-01,35.5,-84.0,720
2024-07-01,35.5,-83.5,630
2024-07-01,35.5,-83.0,1530
2024-07-01,35.5,-82.5,630
2024-07-01,35.5,-82.0,1980
2024-07-01,35.5,-81.5,180
2024-07-01,35.5,-81.0,720
2024-07-01,35.5,-80.5,900
2024-07-01,35.5,-80.0,630
2024-07-01,35.5,-79.5,2070
2024-07-01,35.5,-79.0,4680
2024-07-01,35.5,-78.5,990
2024-07-01,35.5,-78.0,450
2024-07-01,35.5,-77.5,1170
2024-07-01,35.5,-77.0,1710
2024-07-01,35.5,-76.5,900
2024-07-01,35.5,-76.0,1170
2024-07-01,35.5,-75.5,1890
2024-07-01,35.5,-75.0,450
2024-07-01,35.5,-74.0,450
2024-07-01,35.5,-73.5,180
2024-07-01,35.5,-73.0,90
2024-07-01,35.5,-72.5,90
2024-07-01,35.5,-69.5,90
2024-07-01,36.0,-109.5,180
2024-07-01,36.0,-109.0,900
2024-07-01,36.0,-108.5,630
2024-07-01,36.0,-108.0,270
2024-07-01,36.0,-107.5,270
2024-07-01,36.0,-106.5,180
2024-07-01,36.0,-106.0,450
2024-07-01,36.0,-105.5,180
2024-07-01,36.0,-105.0,2430
2024-07-01,36.0,-104.5,1080
2024-07-01,36.0,-104.0,1710
2024-07-01,36.0,-103.5,2070
2024-07-01,36.0,-103.0,1440
2024-07-01,36.0,-102.5,2970
2024-07-01,36.0,-102.0,1530
2024-07-01,36.0,-101.5,450
2024-07-01,36.0,-101.0,360
2024-07-01,36.0,-100.5,720
2024-07-01,36.0,-100.0,2520
2024-07-01,36.0,-99.5,5130
2024-07-01,36.0,-99.0,5040
2024-07-01,36.0,-98.5,3870
2024-07-01,36.0,-98.0,1530
2024-07-01,36.0,-97.5,270
2024-07-01,36.0,-97.0,270
2024-07-01,36.0,-96.5,1620
2024-07-01,36.0,-96.0,2610
2024-07-01,36.0,-95.5,8460
2024-07-01,36.0,-95.0,3960
2024-07-01,36.0,-94.5,5310
2024-07-01,36.0,-94.0,2880
2024-07-01,36.0,-93.5,720
2024-07-01,36.0,-93.0,1260
2024-07-01,36.0,-92.5,990
2024-07-01,36.0,-92.0,810
2024-07-01,36.0,-91.5,1260
2024-07-01,36.0,-91.0,810
2024-07-01,36.0,-90.5,540
2024-07-01,36.0,-90.0,270
2024-07-01,36.0,-89.5,4860
2024-07-01,36.0,-89.0,1800
2024-07-01,36.0,-88.5,4860
2024-07-01,36.0,-88.0,1890
2024-07-01,36.0,-87.5,2880
2024-07-01,36.0,-87.0,360
2024-07-01,36.0,-86.0,1260
2024-07-01,36.0,-85.5,1710
2024-07-01,36.0,-85.0,1530
2024-07-01,36.0,-84.5,1080
2024-07-01,36.0,-84.0,270
2024-07-01,36.0,-83.5,630
2024-07-01,36.0,-83.0,1530
2024-07-01,36.0,-82.5,1170
2024-07-01,36.0,-82.0,1350
2024-07-01,36.0,-81.5,900
2024-07-01,36.0,-81.0,1260
2024-07-01,36.0,-80.5,270
2024-07-01,36.0,-80.0,1350
2024-07-01,36.0,-79.5,1620
2024-07-01,36.0,-79.0,990
2024-07-01,36.0,-78.5,1170
2024-07-01,36.0,-78.0,1800
2024-07-01,36.0,-77.5,450
2024-07-01,36.0,-77.0,1530
2024-07-01,36.0,-76.5,1710
2024-07-01,36.0,-76.0,1530
2024-07-01,36.0,-75.5,1890
2024-07-01,36.0,-75.0,270
2024-07-01,36.0,-74.5,90
2024-07-01,36.0,-74.0,270
2024-07-01,36.0,-73.5,270
2024-07-01,36.0,-73.0,270
2024-07-01,36.0,-72.5,90
2024-07-01,36.0,-72.0,90
2024-07-01,36.0,-71.5,180
2024-07-01,36.0,-71.0,180
2024-07-01,36.0,-65.5,90
2024-07-01,36.5,-111.0,180
2024-07-01,36.5,-109.5,1350
2024-07-01,36.5,-109.0,1080
2024-07-01,36.5,-108.5,1170
2024-07-01,36.5,-108.0,1710
2024-07-01,36.5,-107.5,450
2024-07-01,36.5,-107.0,90
2024-07-01,36.5,-105.5,540
2024-07-01,36.5,-105.0,900
2024-07-01,36.5,-104.5,2520
2024-07-01,36.5,-104.0,2790
2024-07-01,36.5,-103.5,2250
2024-07-01,36.5,-103.0,810
2024-07-01,36.5,-102.5,2250
2024-07-01,36.5,-102.0,2520
2024-07-01,36.5,-101.5,1350
2024-07-01,36.5,-101.0,2790
2024-07-01,36.5,-100.5,3060
2024-07-01,36.5,-100.0,2700
2024-07-01,36.5,-99.5,2880
2024-07-01,36.5,-99.0,1170
2024-07-01,36.5,-98.5,4320
2024-07-01,36.5,-98.0,3510
2024-07-01,36.5,-97.5,450
2024-07-01,36.5,-97.0,270
2024-07-01,36.5,-96.0,1620
2024-07-01,36.5,-95.5,900
2024-07-01,36.5,-95.0,1350
2024-07-01,36.5,-94.5,2250
2024-07-01,36.5,-94.0,2340
2024-07-01,36.5,-93.5,2340
2024-07-01,36.5,-93.0,2430
2024-07-01,36.5,-92.5,3150
2024-07-01,36.5,-92.0,900
2024-07-01,36.5,-91.5,1980
2024-07-01,36.5,-91.0,9720
2024-07-01,36.5,-90.5,1170
2024-07-01,36.5,-90.0,360
2024-07-01,36.5,-89.5,2970
2024-07-01,36.5,-89.0,2520
2024-07-01,36.5,-88.5,3600
2024-07-01,36.5,-88.0,3690
2024-07-01,36.5,-87.5,2160
2024-07-01,36.5,-87.0,2610
2024-07-01,36.5,-86.5,2700
2024-07-01,36.5,-86.0,2430
2024-07-01,36.5,-85.5,630
2024-07-01,36.5,-85.0,450
2024-07-01,36.5,-84.5,1260
2024-07-01,36.5,-84.0,2250
2024-07-01,36.5,-83.5,1170
2024-07-01,36.5,-83.0,990
2024-07-01,36.5,-82.5,180
2024-07-01,36.5,-82.0,450
2024-07-01,36.5,-81.5,1080
2024-07-01,36.5,-81.0,1890
2024-07-01,36.5,-80.5,2070
2024-07-01,36.5,-80.0,540
2024-07-01,36.5,-79.5,270
2024-07-01,36.5,-79.0,990
2024-07-01,36.5,-78.5,1260
2024-07-01,36.5,-78.0,90
2024-07-01,36.5,-77.5,270
2024-07-01,36.5,-77.0,1800
2024-07-01,36.5,-76.5,810
2024-07-01,36.5,-76.0,270
2024-07-01,36.5,-75.5,630
2024-07-01,36.5,-75.0,270
2024-07-01,36.5,-74.5,360
2024-07-01,36.5,-73.5,90
2024-07-01,36.5,-73.0,360
2024-07-01,36.5,-72.5,360
2024-07-01,36.5,-72.0,360
2024-07-01,36.5,-71.5,450
2024-07-01,36.5,-70.5,90
2024-07-01,36.5,-69.0,90
2024-07-01,36.5,-65.5,90
2024-07-01,37.0,-109.5,90
2024-07-01,37.0,-109.0,450
2024-07-01,37.0,-108.5,1620
2024-07-01,37.0,-108.0,900
2024-07-01,37.0,-107.5,1260
2024-07-01,37.0,-107.0,1170
2024-07-01,37.0,-106.5,90
2024-07-01,37.0,-105.0,360
2024-07-01,37.0,-104.5,540
2024-07-01,37.0,-104.0,1080
2024-07-01,37.0,-103.5,720
2024-07-01,37.0,-103.0,810
2024-07-01,37.0,-102.5,450
2024-07-01,37.0,-102.0,1620
2024-07-01,37.0,-101.5,1080
2024-07-01,37.0,-101.0,5040
2024-07-01,37.0,-100.5,5760
2024-07-01,37.0,-100.0,3600
2024-07-01,37.0,-99.5,2250
2024-07-01,37.0,-99.0,1170
2024-07-01,37.0,-98.5,990
2024-07-01,37.0,-98.0,450
2024-07-01,37.0,-97.0,90
2024-07-01,37.0,-96.5,90
2024-07-01,37.0,-96.0,630
2024-07-01,37.0,-95.5,1260
2024-07-01,37.0,-95.0,1350
2024-07-01,37.0,-94.5,900
2024-07-01,37.0,-94.0,1260
2024-07-01,37.0,-93.5,630
2024-07-01,37.0,-93.0,4050
2024-07-01,37.0,-92.5,2610
2024-07-01,37.0,-92.0,5670
2024-07-01,37.0,-91.5,2340
2024-07-01,37.0,-91.0,1350
2024-07-01,37.0,-90.5,3600
2024-07-01,37.0,-90.0,810
2024-07-01,37.0,-89.5,450
2024-07-01,37.0,-89.0,1710
2024-07-01,37.0,-88.5,720
2024-07-01,37.0,-88.0,2790
2024-07-01,37.0,-87.5,4410
2024-07-01,37.0,-87.0,2520
2024-07-01,37.0,-86.5,3420
2024-07-01,37.0,-86.0,3420
2024-07-01,37.0,-85.5,990
2024-07-01,37.0,-85.0,990
2024-07-01,37.0,-84.5,540
2024-07-01,37.0,-84.0,990
2024-07-01,37.0,-83.5,270
2024-07-01,37.0,-83.0,900
2024-07-01,37.0,-82.5,1260
2024-07-01,37.0,-82.0,810
2024-07-01,37.0,-81.5,90
2024-07-01,37.0,-81.0,990
2024-07-01,37.0,-80.5,1080
2024-07-01,37.0,-80.0,1260
2024-07-01,37.0,-79.5,270
2024-07-01,37.0,-79.0,360
2024-07-01,37.0,-78.5,450
2024-07-01,37.0,-78.0,270
2024-07-01,37.0,-77.5,180
2024-07-01,37.0,-77.0,1440
2024-07-01,37.0,-76.5,450
2024-07-01,37.0,-76.0,630
2024-07-01,37.0,-75.5,180
2024-07-01,37.0,-75.0,360
2024-07-01,37.0,-74.0,180
2024-07-01,37.0,-73.0,180
2024-07-01,37.0,-72.5,630
2024-07-01,37.0,-71.5,270
2024-07-01,37.0,-71.0,90
2024-07-01,37.0,-70.5,90
2024-07-01,37.0,-66.0,90
2024-07-01,37.5,-109.5,90
2024-07-01,37.5,-109.0,450
2024-07-01,37.5,-108.5,180
2024-07-01,37.5,-108.0,360
2024-07-01,37.5,-106.5,450
2024-07-01,37.5,-106.0,270
2024-07-01,37.5,-105.5,270
2024-07-01,37.5,-105.0,450
2024-07-01,37.5,-104.5,1350
2024-07-01,37.5,-104.0,2520
2024-07-01,37.5,-103.5,2340
2024-07-01,37.5,-103.0,1710
2024-07-01,37.5,-102.5,1710
2024-07-01,37.5,-102.0,2430
2024-07-01,37.5,-101.5,2790
2024-07-01,37.5,-101.0,4500
2024-07-01,37.5,-100.5,5400
2024-07-01,37.5,-100.0,1170
2024-07-01,37.5,-99.5,900
2024-07-01,37.5,-99.0,360
2024-07-01,37.5,-98.5,180
2024-07-01,37.5,-98.0,630
2024-07-01,37.5,-97.5,1260
2024-07-01,37.5,-97.0,540
2024-07-01,37.5,-96.5,360
2024-07-01,37.5,-96.0,630
2024-07-01,37.5,-95.5,450
2024-07-01,37.5,-94.5,1260
2024-07-01,37.5,-94.0,1260
2024-07-01,37.5,-93.5,3870
2024-07-01,37.5,-93.0,2070
2024-07-01,37.5,-92.5,2610
2024-07-01,37.5,-92.0,3060
2024-07-01,37.5,-91.5,3690
2024-07-01,37.5,-91.0,6300
2024-07-01,37.5,-90.5,1800
2024-07-01,37.5,-90.0,3780
2024-07-01,37.5,-89.5,5040
2024-07-01,37.5,-89.0,990
2024-07-01,37.5,-88.5,2430
2024-07-01,37.5,-88.0,1440
2024-07-01,37.5,-87.5,1620
2024-07-01,37.5,-87.0,1710
2024-07-01,37.5,-86.5,990
2024-07-01,37.5,-86.0,270
2024-07-01,37.5,-85.5,180
2024-07-01,37.5,-85.0,180
2024-07-01,37.5,-84.5,180
2024-07-01,37.5,-84.0,540
2024-07-01,37.5,-83.5,1620
2024-07-01,37.5,-83.0,630
2024-07-01,37.5,-82.5,1710
2024-07-01,37.5,-82.0,450
2024-07-01,37.5,-81.5,900
2024-07-01,37.5,-81.0,1260
2024-07-01,37.5,-80.5,810
2024-07-01,37.5,-80.0,630
2024-07-01,37.5,-79.5,180
2024-07-01,37.5,-78.5,90
2024-07-01,37.5,-78.0,630
2024-07-01,37.5,-77.5,720
2024-07-01,37.5,-77.0,360
2024-07-01,37.5,-76.5,180
2024-07-01,37.5,-76.0,90
2024-07-01,37.5,-75.5,90
2024-07-01,37.5,-74.0,270
2024-07-01,37.5,-73.5,90
2024-07-01,37.5,-72.5,180
2024-07-01,37.5,-72.0,450
2024-07-01,37.5,-71.5,270
2024-07-01,38.0,-109.0,1800
2024-07-01,38.0,-108.5,90
2024-07-01,38.0,-108.0,450
2024-07-01,38.0,-107.0,180
2024-07-01,38.0,-106.5,540
2024-07-01,38.0,-106.0,990
2024-07-01,38.0,-105.5,180
2024-07-01,38.0,-105.0,450
2024-07-01,38.0,-104.5,90
2024-07-01,38.0,-104.0,3240
2024-07-01,38.0,-103.5,1620
2024-07-01,38.0,-103.0,810
2024-07-01,38.0,-102.5,540
2024-07-01,38.0,-102.0,810
2024-07-01,38.0,-101.5,4680
2024-07-01,38.0,-101.0,7200
2024-07-01,38.0,-100.5,1800
2024-07-01,38.0,-100.0,990
2024-07-01,38.0,-99.5,1170
2024-07-01,38.0,-99.0,1440
2024-07-01,38.0,-98.5,2070
2024-07-01,38.0,-98.0,630
2024-07-01,38.0,-97.5,540
2024-07-01,38.0,-97.0,1440
2024-07-01,38.0,-96.5,900
2024-07-01,38.0,-95.5,720
2024-07-01,38.0,-95.0,180
2024-07-01,38.0,-94.5,90
2024-07-01,38.0,-93.5,720
2024-07-01,38.0,-93.0,1350
2024-07-01,38.0,-92.5,1440
2024-07-01,38.0,-92.0,2340
2024-07-01,38.0,-91.5,4320
2024-07-01,38.0,-91.0,5220
2024-07-01,38.0,-90.5,1080
2024-07-01,38.0,-90.0,630
2024-07-01,38.0,-89.5,450
2024-07-01,38.0,-89.0,450
2024-07-01,38.0,-88.5,1170
2024-07-01,38.0,-88.0,4230
2024-07-01,38.0,-87.5,5760
2024-07-01,38.0,-87.0,4050
2024-07-01,38.0,-86.5,3690
2024-07-01,38.0,-86.0,2700
2024-07-01,38.0,-85.5,2250
2024-07-01,38.0,-85.0,990
2024-07-01,38.0,-84.5,450
2024-07-01,38.0,-84.0,270
2024-07-01,38.0,-83.5,1350
2024-07-01,38.0,-83.0,450
2024-07-01,38.0,-82.5,540
2024-07-01,38.0,-82.0,90
2024-07-01,38.0,-81.5,90
2024-07-01,38.0,-79.5,90
2024-07-01,38.0,-79.0,90
2024-07-01,38.0,-78.0,180
2024-07-01,38.0,-77.5,180
2024-07-01,38.0,-77.0,810
2024-07-01,38.0,-75.0,90
2024-07-01,38.0,-73.5,90
2024-07-01,38.0,-72.5,90
2024-07-01,38.0,-71.5,990
2024-07-01,38.0,-71.0,810
2024-07-01,38.0,-70.5,180
2024-07-01,38.0,-70.0,270
2024-07-01,38.0,-69.5,90
2024-07-01,38.0,-69.0,90
2024-07-01,38.0,-66.5,90
2024-07-01,38.0,-66.0,90
2024-07-01,38.0,-65.5,90
2024-07-01,38.5,-109.0,1080
2024-07-01,38.5,-108.5,1710
2024-07-01,38.5,-108.0,990
2024-07-01,38.5,-107.5,180
2024-07-01,38.5,-107.0,270
2024-07-01,38.5,-106.5,180
2024-07-01,38.5,-106.0,270
2024-07-01,38.5,-105.5,360
2024-07-01,38.5,-105.0,360
2024-07-01,38.5,-104.5,1260
2024-07-01,38.5,-104.0,1980
2024-07-01,38.5,-103.5,1890
2024-07-01,38.5,-103.0,1800
2024-07-01,38.5,-102.5,810
2024-07-01,38.5,-102.0,1350
2024-07-01,38.5,-101.5,3780
2024-07-01,38.5,-101.0,900
2024-07-01,38.5,-100.5,990
2024-07-01,38.5,-100.0,270
2024-07-01,38.5,-99.5,270
2024-07-01,38.5,-99.0,180
2024-07-01,38.5,-98.5,990
2024-07-01,38.5,-98.0,540
2024-07-01,38.5,-97.5,540
2024-07-01,38.5,-97.0,900
2024-07-01,38.5,-96.5,2700
2024-07-01,38.5,-96.0,2430
2024-07-01,38.5,-95.5,990
2024-07-01,38.5,-95.0,4140
2024-07-01,38.5,-94.5,2250
2024-07-01,38.5,-94.0,1710
2024-07-01,38.5,-93.5,1080
2024-07-01,38.5,-93.0,3420
2024-07-01,38.5,-92.5,3060
2024-07-01,38.5,-92.0,3600
2024-07-01,38.5,-91.5,1350
2024-07-01,38.5,-91.0,630
2024-07-01,38.5,-90.5,900
2024-07-01,38.5,-90.0,810
2024-07-01,38.5,-89.5,630
2024-07-01,38.5,-89.0,1800
2024-07-01,38.5,-88.5,180
2024-07-01,38.5,-88.0,810
2024-07-01,38.5,-87.5,720
2024-07-01,38.5,-87.0,1800
2024-07-01,38.5,-86.5,810
2024-07-01,38.5,-86.0,900
2024-07-01,38.5,-85.5,900
2024-07-01,38.5,-85.0,630
2024-07-01,38.5,-84.5,1080
2024-07-01,38.5,-84.0,90
2024-07-01,38.5,-83.5,360
2024-07-01,38.5,-83.0,1350
2024-07-01,38.5,-82.5,3420
2024-07-01,38.5,-82.0,360
2024-07-01,38.5,-81.5,1620
2024-07-01,38.5,-81.0,90
2024-07-01,38.5,-79.5,90
2024-07-01,38.5,-78.5,90
2024-07-01,38.5,-77.5,180
2024-07-01,38.5,-77.0,990
2024-07-01,38.5,-76.5,1170
2024-07-01,38.5,-76.0,270
2024-07-01,38.5,-75.5,450
2024-07-01,38.5,-75.0,450
2024-07-01,38.5,-74.5,270
2024-07-01,38.5,-73.0,90
2024-07-01,38.5,-71.5,180
2024-07-01,38.5,-71.0,450
2024-07-01,38.5,-70.5,540
2024-07-01,38.5,-70.0,360
2024-07-01,38.5,-69.5,270
2024-07-01,38.5,-69.0,270
2024-07-01,38.5,-68.5,180
2024-07-01,38.5,-66.0,90
2024-07-01,39.0,-110.0,90
2024-07-01,39.0,-108.5,1080
2024-07-01,39.0,-108.0,810
2024-07-01,39.0,-107.5,1350
2024-07-01,39.0,-107.0,270
2024-07-01,39.0,-105.0,90
2024-07-01,39.0,-104.5,810
2024-07-01,39.0,-104.0,3780
2024-07-01,39.0,-103.5,4590
2024-07-01,39.0,-103.0,5400
2024-07-01,39.0,-102.5,3960
2024-07-01,39.0,-102.0,3240
2024-07-01,39.0,-101.5,2340
2024-07-01,39.0,-101.0,1620
2024-07-01,39.0,-100.5,540
2024-07-01,39.0,-100.0,720
2024-07-01,39.0,-99.5,630
2024-07-01,39.0,-99.0,630
2024-07-01,39.0,-98.5,540
2024-07-01,39.0,-98.0,990
2024-07-01,39.0,-97.5,720
2024-07-01,39.0,-97.0,360
2024-07-01,39.0,-96.5,1080
2024-07-01,39.0,-96.0,810
2024-07-01,39.0,-95.5,990
2024-07-01,39.0,-95.0,900
2024-07-01,39.0,-94.5,3780
2024-07-01,39.0,-94.0,6300
2024-07-01,39.0,-93.5,5040
2024-07-01,39.0,-93.0,3960
2024-07-01,39.0,-92.5,4500
2024-07-01,39.0,-92.0,2160
2024-07-01,39.0,-91.5,1980
2024-07-01,39.0,-91.0,720
2024-07-01,39.0,-90.5,90
2024-07-01,39.0,-89.5,180
2024-07-01,39.0,-88.0,90
2024-07-01,39.0,-87.0,90
2024-07-01,39.0,-86.5,180
2024-07-01,39.0,-85.5,180
2024-07-01,39.0,-85.0,270
2024-07-01,39.0,-84.5,630
2024-07-01,39.0,-84.0,630
2024-07-01,39.0,-83.5,270
2024-07-01,39.0,-83.0,450
2024-07-01,39.0,-82.5,540
2024-07-01,39.0,-82.0,1260
2024-07-01,39.0,-81.5,360
2024-07-01,39.0,-81.0,540
2024-07-01,39.0,-80.5,90
2024-07-01,39.0,-77.0,180
2024-07-01,39.0,-76.5,2430
2024-07-01,39.0,-76.0,2520
2024-07-01,39.0,-75.5,360
2024-07-01,39.0,-75.0,450
2024-07-01,39.0,-74.5,720
2024-07-01,39.0,-74.0,990
2024-07-01,39.0,-73.5,270
2024-07-01,39.0,-73.0,450
2024-07-01,39.0,-72.5,630
2024-07-01,39.0,-71.5,180
2024-07-01,39.0,-71.0,270
2024-07-01,39.0,-70.5,360
2024-07-01,39.0,-70.0,270
2024-07-01,39.0,-69.5,450
2024-07-01,39.0,-69.0,180
2024-07-01,39.0,-68.5,270
2024-07-01,39.0,-68.0,270
2024-07-01,39.5,-110.0,270
2024-07-01,39.5,-109.5,180
2024-07-01,39.5,-108.0,180
2024-07-01,39.5,-107.5,180
2024-07-01,39.5,-107.0,450
2024-07-01,39.5,-106.5,360
2024-07-01,39.5,-105.0,90
2024-07-01,39.5,-104.5,630
2024-07-01,39.5,-104.0,1080
2024-07-01,39.5,-103.5,3150
2024-07-01,39.5,-103.0,1440
2024-07-01,39.5,-102.5,2700
2024-07-01,39.5,-102.0,1530
2024-07-01,39.5,-101.5,1980
2024-07-01,39.5,-101.0,720
2024-07-01,39.5,-100.5,1710
2024-07-01,39.5,-100.0,1710
2024-07-01,39.5,-99.5,810
2024-07-01,39.5,-99.0,630
2024-07-01,39.5,-98.5,540
2024-07-01,39.5,-98.0,630
2024-07-01,39.5,-97.5,450
2024-07-01,39.5,-97.0,1080
2024-07-01,39.5,-96.5,270
2024-07-01,39.5,-96.0,450
2024-07-01,39.5,-95.5,720
2024-07-01,39.5,-95.0,3690
2024-07-01,39.5,-94.5,3150
2024-07-01,39.5,-94.0,7380
2024-07-01,39.5,-93.5,3960
2024-07-01,39.5,-93.0,5940
2024-07-01,39.5,-92.5,3060
2024-07-01,39.5,-92.0,1260
2024-07-01,39.5,-91.5,900
2024-07-01,39.5,-91.0,180
2024-07-01,39.5,-85.5,360
2024-07-01,39.5,-85.0,540
2024-07-01,39.5,-84.5,630
2024-07-01,39.5,-84.0,1170
2024-07-01,39.5,-83.5,450
2024-07-01,39.5,-83.0,360
2024-07-01,39.5,-82.5,90
2024-07-01,39.5,-82.0,360
2024-07-01,39.5,-81.5,90
2024-07-01,39.5,-81.0,90
2024-07-01,39.5,-76.5,180
2024-07-01,39.5,-76.0,900
2024-07-01,39.5,-75.5,450
2024-07-01,39.5,-75.0,540
2024-07-01,39.5,-74.5,2160
2024-07-01,39.5,-74.0,1530
2024-07-01,39.5,-73.0,810
2024-07-01,39.5,-72.5,720
2024-07-01,39.5,-72.0,450
2024-07-01,39.5,-71.5,180
2024-07-01,39.5,-71.0,270
2024-07-01,39.5,-70.5,270
2024-07-01,39.5,-70.0,180
2024-07-01,39.5,-69.5,180
2024-07-01,39.5,-69.0,90
2024-07-01,39.5,-68.5,90
2024-07-01,39.5,-67.5,270
2024-07-01,39.5,-67.0,90
2024-07-01,40.0,-109.5,270
2024-07-01,40.0,-109.0,360
2024-07-01,40.0,-108.5,180
2024-07-01,40.0,-108.0,180
2024-07-01,40.0,-107.5,360
2024-07-01,40.0,-107.0,360
2024-07-01,40.0,-106.5,180
2024-07-01,40.0,-106.0,180
2024-07-01,40.0,-105.5,180
2024-07-01,40.0,-105.0,90
2024-07-01,40.0,-104.5,90
2024-07-01,40.0,-104.0,360
2024-07-01,40.0,-103.5,450
2024-07-01,40.0,-103.0,540
2024-07-01,40.0,-102.5,1170
2024-07-01,40.0,-102.0,2970
2024-07-01,40.0,-101.5,360
2024-07-01,40.0,-101.0,2970
2024-07-01,40.0,-100.5,2520
2024-07-01,40.0,-100.0,1350
2024-07-01,40.0,-99.5,810
2024-07-01,40.0,-99.0,900
2024-07-01,40.0,-98.5,990
2024-07-01,40.0,-98.0,720
2024-07-01,40.0,-97.5,810
2024-07-01,40.0,-97.0,2970
2024-07-01,40.0,-96.5,1620
2024-07-01,40.0,-96.0,1260
2024-07-01,40.0,-95.5,90
2024-07-01,40.0,-95.0,540
2024-07-01,40.0,-94.5,1890
2024-07-01,40.0,-94.0,3960
2024-07-01,40.0,-93.5,4140
2024-07-01,40.0,-93.0,3780
2024-07-01,40.0,-92.5,1980
2024-07-01,40.0,-92.0,3240
2024-07-01,40.0,-91.5,2430
2024-07-01,40.0,-91.0,2700
2024-07-01,40.0,-90.5,270
2024-07-01,40.0,-83.5,90
2024-07-01,40.0,-83.0,1080
2024-07-01,40.0,-82.5,450
2024-07-01,40.0,-82.0,270
2024-07-01,40.0,-76.5,90
2024-07-01,40.0,-76.0,90
2024-07-01,40.0,-75.0,180
2024-07-01,40.0,-74.5,450
2024-07-01,40.0,-74.0,810
2024-07-01,40.0,-73.5,90
2024-07-01,40.0,-73.0,630
2024-07-01,40.0,-72.5,180
2024-07-01,40.0,-72.0,540
2024-07-01,40.0,-71.5,1170
2024-07-01,40.0,-71.0,450
2024-07-01,40.0,-70.0,180
2024-07-01,40.0,-69.5,90
2024-07-01,40.0,-69.0,180
2024-07-01,40.0,-68.5,90
2024-07-01,40.0,-68.0,90
2024-07-01,40.0,-67.5,90
2024-07-01,40.5,-108.0,360
2024-07-01,40.5,-107.5,180
2024-07-01,40.5,-106.5,360
2024-07-01,40.5,-106.0,360
2024-07-01,40.5,-105.5,90
2024-07-01,40.5,-105.0,630
2024-07-01,40.5,-104.5,360
2024-07-01,40.5,-104.0,270
2024-07-01,40.5,-103.5,450
2024-07-01,40.5,-103.0,1260
2024-07-01,40.5,-102.5,1170
2024-07-01,40.5,-102.0,990
2024-07-01,40.5,-101.5,900
2024-07-01,40.5,-101.0,1530
2024-07-01,40.5,-100.5,3690
2024-07-01,40.5,-100.0,3600
2024-07-01,40.5,-99.5,2520
2024-07-01,40.5,-99.0,3240
2024-07-01,40.5,-98.5,3510
2024-07-01,40.5,-98.0,1440
2024-07-01,40.5,-97.5,2340
2024-07-01,40.5,-97.0,1620
2024-07-01,40.5,-96.5,990
2024-07-01,40.5,-96.0,1620
2024-07-01,40.5,-95.5,1260
2024-07-01,40.5,-94.5,360
2024-07-01,40.5,-94.0,1530
2024-07-01,40.5,-93.5,1890
2024-07-01,40.5,-93.0,3420
2024-07-01,40.5,-92.5,1260
2024-07-01,40.5,-92.0,1980
2024-07-01,40.5,-91.5,1080
2024-07-01,40.5,-91.0,3780
2024-07-01,40.5,-90.5,810
2024-07-01,40.5,-90.0,180
2024-07-01,40.5,-82.5,90
2024-07-01,40.5,-82.0,90
2024-07-01,40.5,-81.5,90
2024-07-01,40.5,-77.0,360
2024-07-01,40.5,-76.5,630
2024-07-01,40.5,-76.0,90
2024-07-01,40.5,-75.5,360
2024-07-01,40.5,-75.0,990
2024-07-01,40.5,-74.5,1170
2024-07-01,40.5,-74.0,990
2024-07-01,40.5,-72.5,720
2024-07-01,40.5,-72.0,540
2024-07-01,40.5,-71.0,90
2024-07-01,40.5,-70.5,90
2024-07-01,40.5,-70.0,90
2024-07-01,40.5,-68.0,360
2024-07-01,40.5,-67.5,180
2024-07-01,40.5,-67.0,90
2024-07-01,41.0,-115.5,90
2024-07-01,41.0,-108.5,90
2024-07-01,41.0,-108.0,450
2024-07-01,41.0,-107.5,450
2024-07-01,41.0,-107.0,90
2024-07-01,41.0,-106.5,180
2024-07-01,41.0,-106.0,90
2024-07-01,41.0,-105.5,450
2024-07-01,41.0,-105.0,270
2024-07-01,41.0,-104.5,90
2024-07-01,41.0,-103.5,810
2024-07-01,41.0,-103.0,810
2024-07-01,41.0,-102.5,900
2024-07-01,41.0,-102.0,540
2024-07-01,41.0,-101.5,720
2024-07-01,41.0,-101.0,1170
2024-07-01,41.0,-100.5,1890
2024-07-01,41.0,-100.0,1800
2024-07-01,41.0,-99.5,1170
2024-07-01,41.0,-99.0,1620
2024-07-01,41.0,-98.5,2070
2024-07-01,41.0,-98.0,1080
2024-07-01,41.0,-97.5,1890
2024-07-01,41.0,-97.0,1890
2024-07-01,41.0,-96.5,2970
2024-07-01,41.0,-96.0,5310
2024-07-01,41.0,-95.5,5400
2024-07-01,41.0,-95.0,1170
2024-07-01,41.0,-94.5,2070
2024-07-01,41.0,-94.0,2160
2024-07-01,41.0,-93.5,1080
2024-07-01,41.0,-93.0,2070
2024-07-01,41.0,-92.5,1080
2024-07-01,41.0,-92.0,720
2024-07-01,41.0,-91.5,720
2024-07-01,41.0,-91.0,1350
2024-07-01,41.0,-90.5,360
2024-07-01,41.0,-90.0,360
2024-07-01,41.0,-89.5,90
2024-07-01,41.0,-85.5,90
2024-07-01,41.0,-82.0,270
2024-07-01,41.0,-81.5,270
2024-07-01,41.0,-76.5,810
2024-07-01,41.0,-76.0,1620
2024-07-01,41.0,-75.5,1890
2024-07-01,41.0,-75.0,3150
2024-07-01,41.0,-74.5,2160
2024-07-01,41.0,-74.0,1170
2024-07-01,41.0,-73.5,450
2024-07-01,41.0,-73.0,360
2024-07-01,41.0,-72.5,180
2024-07-01,41.0,-72.0,270
2024-07-01,41.0,-70.0,180
2024-07-01,41.0,-69.5,180
2024-07-01,41.0,-67.5,90
2024-07-01,41.0,-66.5,90
2024-07-01,41.5,-113.5,90
2024-07-01,41.5,-108.0,90
2024-07-01,41.5,-107.5,180
2024-07-01,41.5,-106.5,180
2024-07-01,41.5,-105.5,90
2024-07-01,41.5,-105.0,720
2024-07-01,41.5,-104.5,540
2024-07-01,41.5,-104.0,540
2024-07-01,41.5,-103.5,630
2024-07-01,41.5,-103.0,2520
2024-07-01,41.5,-102.5,2250
2024-07-01,41.5,-102.0,6030
2024-07-01,41.5,-101.5,3600
2024-07-01,41.5,-101.0,3870
2024-07-01,41.5,-100.5,1530
2024-07-01,41.5,-100.0,990
2024-07-01,41.5,-99.5,720
2024-07-01,41.5,-99.0,360
2024-07-01,41.5,-98.5,1170
2024-07-01,41.5,-98.0,900
2024-07-01,41.5,-97.5,720
2024-07-01,41.5,-97.0,270
2024-07-01,41.5,-96.5,90
2024-07-01,41.5,-96.0,270
2024-07-01,41.5,-95.5,630
2024-07-01,41.5,-95.0,180
2024-07-01,41.5,-94.5,900
2024-07-01,41.5,-94.0,540
2024-07-01,41.5,-93.5,810
2024-07-01,41.5,-93.0,1260
2024-07-01,41.5,-92.5,990
2024-07-01,41.5,-92.0,1890
2024-07-01,41.5,-91.5,1350
2024-07-01,41.5,-91.0,540
2024-07-01,41.5,-90.5,180
2024-07-01,41.5,-90.0,90
2024-07-01,41.5,-89.0,90
2024-07-01,41.5,-86.5,90
2024-07-01,41.5,-86.0,270
2024-07-01,41.5,-80.5,90
2024-07-01,41.5,-77.0,90
2024-07-01,41.5,-76.5,90
2024-07-01,41.5,-76.0,90
2024-07-01,41.5,-75.5,630
2024-07-01,41.5,-75.0,540
2024-07-01,41.5,-74.5,810
2024-07-01,41.5,-74.0,270
2024-07-01,41.5,-73.5,1440
2024-07-01,41.5,-72.5,180
2024-07-01,41.5,-72.0,90
2024-07-01,41.5,-71.5,90
2024-07-01,41.5,-69.0,180
2024-07-01,41.5,-68.5,180
2024-07-01,42.0,-112.5,180
2024-07-01,42.0,-108.0,90
2024-07-01,42.0,-107.5,270
2024-07-01,42.0,-107.0,540
2024-07-01,42.0,-106.5,630
2024-07-01,42.0,-106.0,180
2024-07-01,42.0,-105.5,180
2024-07-01,42.0,-105.0,180
2024-07-01,42.0,-104.0,900
2024-07-01,42.0,-103.5,810
2024-07-01,42.0,-103.0,1530
2024-07-01,42.0,-102.5,810
2024-07-01,42.0,-102.0,3240
2024-07-01,42.0,-101.5,1440
2024-07-01,42.0,-101.0,1170
2024-07-01,42.0,-100.5,1440
2024-07-01,42.0,-100.0,720
2024-07-01,42.0,-99.5,180
2024-07-01,42.0,-99.0,720
2024-07-01,42.0,-98.5,90
2024-07-01,42.0,-97.5,1440
2024-07-01,42.0,-97.0,1890
2024-07-01,42.0,-96.5,1080
2024-07-01,42.0,-96.0,900
2024-07-01,42.0,-95.5,270
2024-07-01,42.0,-95.0,450
2024-07-01,42.0,-94.5,90
2024-07-01,42.0,-94.0,3060
2024-07-01,42.0,-93.5,3690
2024-07-01,42.0,-93.0,1530
2024-07-01,42.0,-92.5,810
2024-07-01,42.0,-92.0,1350
2024-07-01,42.0,-91.5,630
2024-07-01,42.0,-91.0,720
2024-07-01,42.0,-90.5,180
2024-07-01,42.0,-89.5,90
2024-07-01,42.0,-89.0,270
2024-07-01,42.0,-88.5,180
2024-07-01,42.0,-84.5,180
2024-07-01,42.0,-79.5,90
2024-07-01,42.0,-79.0,90
2024-07-01,42.0,-78.0,90
2024-07-01,42.0,-77.5,90
2024-07-01,42.0,-77.0,90
2024-07-01,42.0,-76.5,990
2024-07-01,42.0,-76.0,450
2024-07-01,42.0,-75.0,180
2024-07-01,42.0,-74.5,90
2024-07-01,42.0,-74.0,90
2024-07-01,42.0,-73.5,180
2024-07-01,42.0,-73.0,180
2024-07-01,42.0,-72.5,360
2024-07-01,42.0,-71.5,360
2024-07-01,42.0,-69.0,90
2024-07-01,42.0,-68.5,180
2024-07-01,42.0,-68.0,180
2024-07-01,42.5,-121.5,90
2024-07-01,42.5,-116.0,90
2024-07-01,42.5,-105.5,90
2024-07-01,42.5,-105.0,180
2024-07-01,42.5,-104.5,270
2024-07-01,42.5,-104.0,540
2024-07-01,42.5,-103.5,900
2024-07-01,42.5,-103.0,1080
2024-07-01,42.5,-102.5,630
2024-07-01,42.5,-102.0,900
2024-07-01,42.5,-101.5,1350
2024-07-01,42.5,-101.0,630
2024-07-01,42.5,-100.5,270
2024-07-01,42.5,-100.0,270
2024-07-01,42.5,-99.5,900
2024-07-01,42.5,-99.0,900
2024-07-01,42.5,-98.5,360
2024-07-01,42.5,-98.0,270
2024-07-01,42.5,-97.5,540
2024-07-01,42.5,-97.0,90
2024-07-01,42.5,-96.5,180
2024-07-01,42.5,-96.0,990
2024-07-01,42.5,-95.5,990
2024-07-01,42.5,-95.0,900
2024-07-01,42.5,-94.5,1890
2024-07-01,42.5,-94.0,3960
2024-07-01,42.5,-93.5,810
2024-07-01,42.5,-93.0,450
2024-07-01,42.5,-92.5,630
2024-07-01,42.5,-92.0,630
2024-07-01,42.5,-91.5,180
2024-07-01,42.5,-91.0,270
2024-07-01,42.5,-90.5,900
2024-07-01,42.5,-90.0,630
2024-07-01,42.5,-89.5,180
2024-07-01,42.5,-88.5,180
2024-07-01,42.5,-88.0,90
2024-07-01,42.5,-87.5,90
2024-07-01,42.5,-86.0,360
2024-07-01,42.5,-85.5,90
2024-07-01,42.5,-85.0,540
2024-07-01,42.5,-84.5,90
2024-07-01,42.5,-84.0,360
2024-07-01,42.5,-73.0,90
2024-07-01,42.5,-72.5,360
2024-07-01,42.5,-72.0,360
2024-07-01,42.5,-71.5,90
2024-07-01,42.5,-67.5,90
2024-07-01,42.5,-67.0,180
2024-07-01,43.0,-111.0,90
2024-07-01,43.0,-109.5,90
2024-07-01,43.0,-108.5,90
2024-07-01,43.0,-108.0,90
2024-07-01,43.0,-107.5,180
2024-07-01,43.0,-107.0,180
2024-07-01,43.0,-106.0,540
2024-07-01,43.0,-105.5,720
2024-07-01,43.0,-105.0,360
2024-07-01,43.0,-104.5,1260
2024-07-01,43.0,-104.0,720
2024-07-01,43.0,-103.5,720
2024-07-01,43.0,-103.0,630
2024-07-01,43.0,-102.5,720
2024-07-01,43.0,-102.0,1440
2024-07-01,43.0,-101.5,900
2024-07-01,43.0,-101.0,630
2024-07-01,43.0,-100.5,180
2024-07-01,43.0,-100.0,90
2024-07-01,43.0,-99.0,270
2024-07-01,43.0,-98.5,90
2024-07-01,43.0,-98.0,630
2024-07-01,43.0,-97.5,180
2024-07-01,43.0,-97.0,90
2024-07-01,43.0,-96.5,180
2024-07-01,43.0,-96.0,1080
2024-07-01,43.0,-95.5,1800
2024-07-01,43.0,-95.0,4590
2024-07-01,43.0,-94.5,2970
2024-07-01,43.0,-94.0,1530
2024-07-01,43.0,-93.5,1530
2024-07-01,43.0,-93.0,1080
2024-07-01,43.0,-92.5,1170
2024-07-01,43.0,-92.0,540
2024-07-01,43.0,-91.5,450
2024-07-01,43.0,-91.0,900
2024-07-01,43.0,-90.5,2430
2024-07-01,43.0,-90.0,450
2024-07-01,43.0,-89.5,630
2024-07-01,43.0,-89.0,270
2024-07-01,43.0,-88.5,270
2024-07-01,43.0,-87.5,180
2024-07-01,43.0,-87.0,90
2024-07-01,43.0,-86.0,90
2024-07-01,43.0,-85.5,90
2024-07-01,43.0,-85.0,180
2024-07-01,43.0,-84.5,540
2024-07-01,43.0,-84.0,180
2024-07-01,43.0,-83.5,90
2024-07-01,43.0,-83.0,90
2024-07-01,43.0,-74.0,90
2024-07-01,43.0,-68.5,90
2024-07-01,43.0,-67.0,90
2024-07-01,43.0,-66.5,360
2024-07-01,43.0,-66.0,90
2024-07-01,43.5,-113.5,180
2024-07-01,43.5,-113.0,90
2024-07-01,43.5,-112.0,450
2024-07-01,43.5,-111.5,90
2024-07-01,43.5,-111.0,90
2024-07-01,43.5,-110.5,180
2024-07-01,43.5,-110.0,90
2024-07-01,43.5,-109.0,450
2024-07-01,43.5,-108.5,630
2024-07-01,43.5,-107.5,180
2024-07-01,43.5,-107.0,720
2024-07-01,43.5,-106.5,450
2024-07-01,43.5,-106.0,270
2024-07-01,43.5,-105.5,180
2024-07-01,43.5,-105.0,90
2024-07-01,43.5,-104.5,360
2024-07-01,43.5,-104.0,270
2024-07-01,43.5,-103.5,360
2024-07-01,43.5,-103.0,1080
2024-07-01,43.5,-102.5,1350
2024-07-01,43.5,-102.0,540
2024-07-01,43.5,-101.5,810
2024-07-01,43.5,-101.0,90
2024-07-01,43.5,-100.5,90
2024-07-01,43.5,-99.5,90
2024-07-01,43.5,-99.0,720
2024-07-01,43.5,-98.5,720
2024-07-01,43.5,-98.0,450
2024-07-01,43.5,-97.5,630
2024-07-01,43.5,-97.0,360
2024-07-01,43.5,-96.5,990
2024-07-01,43.5,-96.0,2160
2024-07-01,43.5,-95.5,1710
2024-07-01,43.5,-95.0,3420
2024-07-01,43.5,-94.5,4410
2024-07-01,43.5,-94.0,3600
2024-07-01,43.5,-93.5,2790
2024-07-01,43.5,-93.0,1260
2024-07-01,43.5,-92.5,1980
2024-07-01,43.5,-92.0,1080
2024-07-01,43.5,-91.5,360
2024-07-01,43.5,-91.0,90
2024-07-01,43.5,-90.5,450
2024-07-01,43.5,-90.0,270
2024-07-01,43.5,-89.5,180
2024-07-01,43.5,-89.0,360
2024-07-01,43.5,-88.5,270
2024-07-01,43.5,-88.0,180
2024-07-01,43.5,-87.5,180
2024-07-01,43.5,-87.0,90
2024-07-01,43.5,-86.5,180
2024-07-01,43.5,-86.0,180
2024-07-01,43.5,-85.5,450
2024-07-01,43.5,-85.0,2610
2024-07-01,43.5,-84.5,2610
2024-07-01,43.5,-84.0,630
2024-07-01,43.5,-83.5,1350
2024-07-01,43.5,-83.0,630
2024-07-01,43.5,-81.5,90
2024-07-01,43.5,-76.5,180
2024-07-01,43.5,-73.0,90
2024-07-01,43.5,-71.0,270
2024-07-01,43.5,-70.5,720
2024-07-01,43.5,-68.5,360
2024-07-01,43.5,-68.0,180
2024-07-01,43.5,-67.5,90
2024-07-01,44.0,-115.5,90
2024-07-01,44.0,-115.0,90
2024-07-01,44.0,-114.0,90
2024-07-01,44.0,-112.5,360
2024-07-01,44.0,-112.0,180
2024-07-01,44.0,-111.0,90
2024-07-01,44.0,-110.5,180
2024-07-01,44.0,-110.0,90
2024-07-01,44.0,-109.5,270
2024-07-01,44.0,-109.0,180
2024-07-01,44.0,-108.5,270
2024-07-01,44.0,-108.0,90
2024-07-01,44.0,-107.5,90
2024-07-01,44.0,-107.0,180
2024-07-01,44.0,-106.5,90
2024-07-01,44.0,-106.0,90
2024-07-01,44.0,-105.5,180
2024-07-01,44.0,-105.0,270
2024-07-01,44.0,-104.5,450
2024-07-01,44.0,-104.0,360
2024-07-01,44.0,-103.5,540
2024-07-01,44.0,-103.0,540
2024-07-01,44.0,-102.5,450
2024-07-01,44.0,-102.0,450
2024-07-01,44.0,-101.5,990
2024-07-01,44.0,-101.0,630
2024-07-01,44.0,-100.5,450
2024-07-01,44.0,-100.0,360
2024-07-01,44.0,-99.0,270
2024-07-01,44.0,-98.5,720
2024-07-01,44.0,-97.5,270
2024-07-01,44.0,-97.0,810
2024-07-01,44.0,-96.5,1080
2024-07-01,44.0,-96.0,900
2024-07-01,44.0,-95.5,2610
2024-07-01,44.0,-95.0,2970
2024-07-01,44.0,-94.5,630
2024-07-01,44.0,-94.0,360
2024-07-01,44.0,-93.5,990
2024-07-01,44.0,-93.0,900
2024-07-01,44.0,-92.5,900
2024-07-01,44.0,-92.0,450
2024-07-01,44.0,-91.5,630
2024-07-01,44.0,-88.5,630
2024-07-01,44.0,-88.0,180
2024-07-01,44.0,-87.5,450
2024-07-01,44.0,-87.0,90
2024-07-01,44.0,-86.5,180
2024-07-01,44.0,-86.0,270
2024-07-01,44.0,-85.5,180
2024-07-01,44.0,-85.0,900
2024-07-01,44.0,-84.5,720
2024-07-01,44.0,-84.0,360
2024-07-01,44.0,-83.5,270
2024-07-01,44.0,-83.0,180
2024-07-01,44.0,-82.0,90
2024-07-01,44.0,-78.0,90
2024-07-01,44.0,-75.5,180
2024-07-01,44.0,-75.0,180
2024-07-01,44.0,-74.5,90
2024-07-01,44.0,-73.0,450
2024-07-01,44.0,-72.5,180
2024-07-01,44.0,-71.5,90
2024-07-01,44.0,-71.0,180
2024-07-01,44.0,-70.5,90
2024-07-01,44.0,-69.5,90
2024-07-01,44.0,-68.0,180
2024-07-01,44.0,-67.0,180
2024-07-01,44.5,-113.0,90
2024-07-01,44.5,-112.5,90
2024-07-01,44.5,-110.5,180
2024-07-01,44.5,-110.0,180
2024-07-01,44.5,-109.5,630
2024-07-01,44.5,-108.5,270
2024-07-01,44.5,-108.0,540
2024-07-01,44.5,-107.5,540
2024-07-01,44.5,-107.0,540
2024-07-01,44.5,-106.5,450
2024-07-01,44.5,-106.0,270
2024-07-01,44.5,-105.5,270
2024-07-01,44.5,-105.0,90
2024-07-01,44.5,-104.5,360
2024-07-01,44.5,-104.0,270
2024-07-01,44.5,-103.5,180
2024-07-01,44.5,-103.0,270
2024-07-01,44.5,-102.5,270
2024-07-01,44.5,-102.0,540
2024-07-01,44.5,-101.5,720
2024-07-01,44.5,-101.0,1530
2024-07-01,44.5,-100.5,990
2024-07-01,44.5,-100.0,720
2024-07-01,44.5,-99.5,900
2024-07-01,44.5,-99.0,360
2024-07-01,44.5,-98.5,990
2024-07-01,44.5,-98.0,630
2024-07-01,44.5,-97.5,180
2024-07-01,44.5,-97.0,180
2024-07-01,44.5,-96.5,630
2024-07-01,44.5,-96.0,1350
2024-07-01,44.5,-95.5,1620
2024-07-01,44.5,-95.0,810
2024-07-01,44.5,-94.5,180
2024-07-01,44.5,-94.0,360
2024-07-01,44.5,-93.5,90
2024-07-01,44.5,-93.0,90
2024-07-01,44.5,-92.5,180
2024-07-01,44.5,-92.0,360
2024-07-01,44.5,-91.0,90
2024-07-01,44.5,-90.5,90
2024-07-01,44.5,-89.0,90
2024-07-01,44.5,-86.5,90
2024-07-01,44.5,-86.0,270
2024-07-01,44.5,-85.5,90
2024-07-01,44.5,-85.0,90
2024-07-01,44.5,-84.5,90
2024-07-01,44.5,-84.0,90
2024-07-01,44.5,-80.5,90
2024-07-01,44.5,-77.5,450
2024-07-01,44.5,-77.0,180
2024-07-01,44.5,-76.5,180
2024-07-01,44.5,-76.0,90
2024-07-01,44.5,-73.0,90
2024-07-01,44.5,-72.5,90
2024-07-01,44.5,-67.5,90
2024-07-01,45.0,-116.0,90
2024-07-01,45.0,-115.5,90
2024-07-01,45.0,-115.0,90
2024-07-01,45.0,-114.0,90
2024-07-01,45.0,-113.0,90
2024-07-01,45.0,-112.0,270
2024-07-01,45.0,-111.5,90
2024-07-01,45.0,-111.0,180
2024-07-01,45.0,-110.5,270
2024-07-01,45.0,-110.0,180
2024-07-01,45.0,-109.5,270
2024-07-01,45.0,-108.0,180
2024-07-01,45.0,-107.5,810
2024-07-01,45.0,-107.0,810
2024-07-01,45.0,-106.5,270
2024-07-01,45.0,-106.0,360
2024-07-01,45.0,-105.5,270
2024-07-01,45.0,-105.0,180
2024-07-01,45.0,-104.5,180
2024-07-01,45.0,-104.0,90
2024-07-01,45.0,-103.5,450
2024-07-01,45.0,-103.0,90
2024-07-01,45.0,-102.5,630
2024-07-01,45.0,-102.0,990
2024-07-01,45.0,-101.5,540
2024-07-01,45.0,-101.0,1620
2024-07-01,45.0,-100.5,1350
2024-07-01,45.0,-100.0,630
2024-07-01,45.0,-99.5,540
2024-07-01,45.0,-99.0,450
2024-07-01,45.0,-98.5,540
2024-07-01,45.0,-98.0,990
2024-07-01,45.0,-97.5,450
2024-07-01,45.0,-97.0,900
2024-07-01,45.0,-96.5,450
2024-07-01,45.0,-96.0,900
2024-07-01,45.0,-95.5,810
2024-07-01,45.0,-95.0,810
2024-07-01,45.0,-94.5,180
2024-07-01,45.0,-92.0,90
2024-07-01,45.0,-90.0,90
2024-07-01,45.0,-89.5,90
2024-07-01,45.0,-89.0,90
2024-07-01,45.0,-85.5,270
2024-07-01,45.0,-85.0,90
2024-07-01,45.0,-80.5,90
2024-07-01,45.0,-78.5,360
2024-07-01,45.0,-78.0,720
2024-07-01,45.0,-77.5,450
2024-07-01,45.0,-77.0,180
2024-07-01,45.0,-76.5,360
2024-07-01,45.0,-75.5,180
2024-07-01,45.0,-74.5,90
2024-07-01,45.0,-74.0,90
2024-07-01,45.0,-73.0,180
2024-07-01,45.0,-70.0,180
2024-07-01,45.0,-68.0,180
2024-07-01,45.0,-67.5,90
2024-07-01,45.5,-116.5,90
2024-07-01,45.5,-116.0,90
2024-07-01,45.5,-115.5,270
2024-07-01,45.5,-114.5,90
2024-07-01,45.5,-114.0,180
2024-07-01,45.5,-112.5,90
2024-07-01,45.5,-111.5,270
2024-07-01,45.5,-111.0,180
2024-07-01,45.5,-110.0,180
2024-07-01,45.5,-109.0,270
2024-07-01,45.5,-108.5,270
2024-07-01,45.5,-108.0,450
2024-07-01,45.5,-107.5,630
2024-07-01,45.5,-107.0,990
2024-07-01,45.5,-106.5,90
2024-07-01,45.5,-106.0,450
2024-07-01,45.5,-105.5,90
2024-07-01,45.5,-105.0,270
2024-07-01,45.5,-104.0,270
2024-07-01,45.5,-103.5,630
2024-07-01,45.5,-103.0,540
2024-07-01,45.5,-102.5,90
2024-07-01,45.5,-102.0,270
2024-07-01,45.5,-101.5,450
2024-07-01,45.5,-101.0,810
2024-07-01,45.5,-100.5,540
2024-07-01,45.5,-100.0,720
2024-07-01,45.5,-99.5,180
2024-07-01,45.5,-99.0,720
2024-07-01,45.5,-98.5,270
2024-07-01,45.5,-98.0,720
2024-07-01,45.5,-97.5,540
2024-07-01,45.5,-97.0,540
2024-07-01,45.5,-96.5,360
2024-07-01,45.5,-96.0,450
2024-07-01,45.5,-95.5,90
2024-07-01,45.5,-95.0,450
2024-07-01,45.5,-94.5,90
2024-07-01,45.5,-94.0,90
2024-07-01,45.5,-93.5,90
2024-07-01,45.5,-92.0,90
2024-07-01,45.5,-90.5,180
2024-07-01,45.5,-89.5,90
2024-07-01,45.5,-80.5,720
2024-07-01,45.5,-80.0,270
2024-07-01,45.5,-79.5,90
2024-07-01,45.5,-79.0,270
2024-07-01,45.5,-77.5,180
2024-07-01,45.5,-77.0,270
2024-07-01,45.5,-76.0,90
2024-07-01,45.5,-75.5,540
2024-07-01,45.5,-75.0,90
2024-07-01,45.5,-70.0,90
2024-07-01,45.5,-69.0,180
2024-07-01,45.5,-68.5,360
2024-07-01,45.5,-68.0,90
2024-07-01,45.5,-67.5,180
2024-07-01,45.5,-66.5,90
2024-07-01,46.0,-113.5,180
2024-07-01,46.0,-112.5,90
2024-07-01,46.0,-112.0,90
2024-07-01,46.0,-111.5,90
2024-07-01,46.0,-111.0,90
2024-07-01,46.0,-110.5,180
2024-07-01,46.0,-110.0,180
2024-07-01,46.0,-109.5,180
2024-07-01,46.0,-109.0,270
2024-07-01,46.0,-108.5,180
2024-07-01,46.0,-108.0,540
2024-07-01,46.0,-107.5,540
2024-07-01,46.0,-107.0,450
2024-07-01,46.0,-106.5,540
2024-07-01,46.0,-106.0,180
2024-07-01,46.0,-105.5,270
2024-07-01,46.0,-104.5,180
2024-07-01,46.0,-104.0,1170
2024-07-01,46.0,-103.5,270
2024-07-01,46.0,-102.5,270
2024-07-01,46.0,-102.0,180
2024-07-01,46.0,-101.5,450
2024-07-01,46.0,-101.0,540
2024-07-01,46.0,-100.5,630
2024-07-01,46.0,-100.0,180
2024-07-01,46.0,-99.5,270
2024-07-01,46.0,-99.0,180
2024-07-01,46.0,-98.5,540
2024-07-01,46.0,-98.0,630
2024-07-01,46.0,-97.5,450
2024-07-01,46.0,-97.0,360
2024-07-01,46.0,-96.5,450
2024-07-01,46.0,-96.0,450
2024-07-01,46.0,-95.5,270
2024-07-01,46.0,-95.0,360
2024-07-01,46.0,-94.5,810
2024-07-01,46.0,-94.0,270
2024-07-01,46.0,-93.5,360
2024-07-01,46.0,-93.0,180
2024-07-01,46.0,-92.5,90
2024-07-01,46.0,-92.0,270
2024-07-01,46.0,-91.5,90
2024-07-01,46.0,-91.0,270
2024-07-01,46.0,-90.5,450
2024-07-01,46.0,-90.0,180
2024-07-01,46.0,-89.5,90
2024-07-01,46.0,-85.5,180
2024-07-01,46.0,-82.5,90
2024-07-01,46.0,-82.0,450
2024-07-01,46.0,-81.5,450
2024-07-01,46.0,-81.0,540
2024-07-01,46.0,-80.0,90
2024-07-01,46.0,-79.5,90
2024-07-01,46.0,-78.0,90
2024-07-01,46.0,-77.0,90
2024-07-01,46.0,-76.5,180
2024-07-01,46.0,-76.0,180
2024-07-01,46.0,-75.5,90
2024-07-01,46.0,-75.0,180
2024-07-01,46.0,-74.0,180
2024-07-01,46.0,-73.5,90
2024-07-01,46.0,-71.0,270
2024-07-01,46.0,-70.5,270
2024-07-01,46.0,-70.0,180
2024-07-01,46.0,-69.5,90
2024-07-01,46.0,-69.0,1080
2024-07-01,46.0,-68.0,360
2024-07-01,46.0,-67.5,450
2024-07-01,46.0,-67.0,360
2024-07-01,46.5,-116.0,90
2024-07-01,46.5,-115.5,180
2024-07-01,46.5,-111.5,180
2024-07-01,46.5,-110.5,360
2024-07-01,46.5,-110.0,180
2024-07-01,46.5,-109.0,180
2024-07-01,46.5,-108.5,270
2024-07-01,46.5,-108.0,90
2024-07-01,46.5,-107.5,540
2024-07-01,46.5,-107.0,450
2024-07-01,46.5,-106.5,540
2024-07-01,46.5,-106.0,1170
2024-07-01,46.5,-105.5,270
2024-07-01,46.5,-105.0,900
2024-07-01,46.5,-104.5,270
2024-07-01,46.5,-104.0,720
2024-07-01,46.5,-103.5,360
2024-07-01,46.5,-103.0,990
2024-07-01,46.5,-102.5,720
2024-07-01,46.5,-102.0,630
2024-07-01,46.5,-101.5,90
2024-07-01,46.5,-101.0,450
2024-07-01,46.5,-100.5,450
2024-07-01,46.5,-100.0,630
2024-07-01,46.5,-99.5,270
2024-07-01,46.5,-99.0,810
2024-07-01,46.5,-98.5,270
2024-07-01,46.5,-98.0,810
2024-07-01,46.5,-97.5,90
2024-07-01,46.5,-97.0,90
2024-07-01,46.5,-96.5,90
2024-07-01,46.5,-96.0,270
2024-07-01,46.5,-95.5,630
2024-07-01,46.5,-95.0,540
2024-07-01,46.5,-94.0,180
2024-07-01,46.5,-93.5,360
2024-07-01,46.5,-93.0,90
2024-07-01,46.5,-92.5,270
2024-07-01,46.5,-92.0,180
2024-07-01,46.5,-91.5,180
2024-07-01,46.5,-91.0,270
2024-07-01,46.5,-90.5,180
2024-07-01,46.5,-89.5,270
2024-07-01,46.5,-86.0,90
2024-07-01,46.5,-85.5,90
2024-07-01,46.5,-85.0,270
2024-07-01,46.5,-83.0,90
2024-07-01,46.5,-82.5,270
2024-07-01,46.5,-82.0,90
2024-07-01,46.5,-81.5,180
2024-07-01,46.5,-76.5,180
2024-07-01,46.5,-76.0,90
2024-07-01,46.5,-75.0,270
2024-07-01,46.5,-74.5,360
2024-07-01,46.5,-74.0,360
2024-07-01,46.5,-73.5,450
2024-07-01,46.5,-73.0,630
2024-07-01,46.5,-72.5,180
2024-07-01,46.5,-70.0,90
2024-07-01,46.5,-69.5,270
2024-07-01,46.5,-69.0,180
2024-07-01,46.5,-68.0,180
2024-07-01,46.5,-67.0,90
2024-07-01,46.5,-66.5,360
2024-07-01,46.5,-65.5,270
2024-07-01,47.0,-116.5,90
2024-07-01,47.0,-116.0,90
2024-07-01,47.0,-112.5,90
2024-07-01,47.0,-112.0,90
2024-07-01,47.0,-111.5,90
2024-07-01,47.0,-110.5,270
2024-07-01,47.0,-110.0,270
2024-07-01,47.0,-109.5,90
2024-07-01,47.0,-109.0,180
2024-07-01,47.0,-108.5,540
2024-07-01,47.0,-108.0,270
2024-07-01,47.0,-107.5,360
2024-07-01,47.0,-107.0,180
2024-07-01,47.0,-106.5,180
2024-07-01,47.0,-106.0,630
2024-07-01,47.0,-105.5,1170
2024-07-01,47.0,-105.0,540
2024-07-01,47.0,-104.5,90
2024-07-01,47.0,-104.0,630
2024-07-01,47.0,-103.5,450
2024-07-01,47.0,-103.0,540
2024-07-01,47.0,-102.5,1170
2024-07-01,47.0,-102.0,630
2024-07-01,47.0,-101.5,1080
2024-07-01,47.0,-101.0,630
2024-07-01,47.0,-100.5,720
2024-07-01,47.0,-100.0,1440
2024-07-01,47.0,-99.5,900
2024-07-01,47.0,-99.0,1260
2024-07-01,47.0,-98.5,360
2024-07-01,47.0,-98.0,450
2024-07-01,47.0,-97.5,360
2024-07-01,47.0,-97.0,90
2024-07-01,47.0,-96.5,90
2024-07-01,47.0,-96.0,720
2024-07-01,47.0,-95.5,450
2024-07-01,47.0,-95.0,90
2024-07-01,47.0,-94.5,720
2024-07-01,47.0,-94.0,270
2024-07-01,47.0,-93.5,360
2024-07-01,47.0,-93.0,540
2024-07-01,47.0,-92.5,900
2024-07-01,47.0,-92.0,900
2024-07-01,47.0,-91.5,1170
2024-07-01,47.0,-90.0,90
2024-07-01,47.0,-89.0,360
2024-07-01,47.0,-88.5,90
2024-07-01,47.0,-76.0,90
2024-07-01,47.0,-75.5,90
2024-07-01,47.0,-75.0,90
2024-07-01,47.0,-73.0,90
2024-07-01,47.0,-72.5,270
2024-07-01,47.0,-72.0,90
2024-07-01,47.0,-66.0,90
2024-07-01,47.5,-118.0,90
2024-07-01,47.5,-117.5,90
2024-07-01,47.5,-117.0,90
2024-07-01,47.5,-116.0,90
2024-07-01,47.5,-114.5,180
2024-07-01,47.5,-112.0,90
2024-07-01,47.5,-111.5,90
2024-07-01,47.5,-110.5,270
2024-07-01,47.5,-109.5,90
2024-07-01,47.5,-109.0,270
2024-07-01,47.5,-108.5,180
2024-07-01,47.5,-108.0,270
2024-07-01,47.5,-107.5,360
2024-07-01,47.5,-107.0,180
2024-07-01,47.5,-106.0,270
2024-07-01,47.5,-105.5,180
2024-07-01,47.5,-105.0,360
2024-07-01,47.5,-104.5,1440
2024-07-01,47.5,-104.0,1170
2024-07-01,47.5,-103.5,360
2024-07-01,47.5,-103.0,540
2024-07-01,47.5,-102.5,450
2024-07-01,47.5,-102.0,810
2024-07-01,47.5,-101.5,810
2024-07-01,47.5,-101.0,810
2024-07-01,47.5,-100.5,1170
2024-07-01,47.5,-100.0,360
2024-07-01,47.5,-99.5,990
2024-07-01,47.5,-99.0,630
2024-07-01,47.5,-98.5,540
2024-07-01,47.5,-98.0,450
2024-07-01,47.5,-97.5,630
2024-07-01,47.5,-97.0,540
2024-07-01,47.5,-96.5,630
2024-07-01,47.5,-96.0,810
2024-07-01,47.5,-95.5,270
2024-07-01,47.5,-94.5,540
2024-07-01,47.5,-94.0,270
2024-07-01,47.5,-93.0,810
2024-07-01,47.5,-92.5,1080
2024-07-01,47.5,-92.0,180
2024-07-01,47.5,-91.5,1440
2024-07-01,47.5,-91.0,270
2024-07-01,47.5,-90.5,270
2024-07-01,47.5,-76.0,270
2024-07-01,47.5,-72.5,180
2024-07-01,47.5,-72.0,90
2024-07-01,47.5,-67.5,270
2024-07-01,47.5,-67.0,180
2024-07-01,48.0,-117.5,180
2024-07-01,48.0,-117.0,360
2024-07-01,48.0,-116.5,90
2024-07-01,48.0,-115.0,90
2024-07-01,48.0,-114.5,90
2024-07-01,48.0,-114.0,90
2024-07-01,48.0,-113.5,180
2024-07-01,48.0,-113.0,180
2024-07-01,48.0,-112.0,90
2024-07-01,48.0,-111.5,180
2024-07-01,48.0,-111.0,90
2024-07-01,48.0,-110.5,90
2024-07-01,48.0,-110.0,180
2024-07-01,48.0,-109.5,90
2024-07-01,48.0,-109.0,90
2024-07-01,48.0,-108.0,540
2024-07-01,48.0,-107.5,630
2024-07-01,48.0,-107.0,270
2024-07-01,48.0,-106.5,180
2024-07-01,48.0,-106.0,720
2024-07-01,48.0,-105.5,630
2024-07-01,48.0,-105.0,540
2024-07-01,48.0,-104.5,540
2024-07-01,48.0,-104.0,1080
2024-07-01,48.0,-103.5,1080
2024-07-01,48.0,-103.0,720
2024-07-01,48.0,-102.5,1170
2024-07-01,48.0,-102.0,900
2024-07-01,48.0,-101.5,1350
2024-07-01,48.0,-101.0,450
2024-07-01,48.0,-100.5,810
2024-07-01,48.0,-100.0,450
2024-07-01,48.0,-99.5,540
2024-07-01,48.0,-99.0,630
2024-07-01,48.0,-98.5,1440
2024-07-01,48.0,-98.0,900
2024-07-01,48.0,-97.5,450
2024-07-01,48.0,-97.0,720
2024-07-01,48.0,-96.5,630
2024-07-01,48.0,-96.0,630
2024-07-01,48.0,-95.5,360
2024-07-01,48.0,-95.0,540
2024-07-01,48.0,-94.5,540
2024-07-01,48.0,-93.5,270
2024-07-01,48.0,-92.5,450
2024-07-01,48.0,-92.0,810
2024-07-01,48.0,-91.5,180
2024-07-01,48.0,-91.0,720
2024-07-01,48.0,-90.5,270
2024-07-01,48.0,-90.0,180
2024-07-01,48.0,-89.5,90
2024-07-01,48.0,-67.5,90
2024-07-01,48.0,-67.0,180
2024-07-01,48.0,-65.5,270
2024-07-01,48.5,-117.5,90
2024-07-01,48.5,-116.5,90
2024-07-01,48.5,-116.0,90
2024-07-01,48.5,-115.5,90
2024-07-01,48.5,-115.0,90
2024-07-01,48.5,-114.5,180
2024-07-01,48.5,-112.0,180
2024-07-01,48.5,-111.5,180
2024-07-01,48.5,-111.0,90
2024-07-01,48.5,-110.0,180
2024-07-01,48.5,-109.5,90
2024-07-01,48.5,-109.0,360
2024-07-01,48.5,-108.0,540
2024-07-01,48.5,-107.5,270
2024-07-01,48.5,-107.0,270
2024-07-01,48.5,-106.5,360
2024-07-01,48.5,-106.0,450
2024-07-01,48.5,-105.5,450
2024-07-01,48.5,-105.0,990
2024-07-01,48.5,-104.5,720
2024-07-01,48.5,-104.0,720
2024-07-01,48.5,-103.5,360
2024-07-01,48.5,-103.0,540
2024-07-01,48.5,-102.5,810
2024-07-01,48.5,-102.0,630
2024-07-01,48.5,-101.5,450
2024-07-01,48.5,-101.0,360
2024-07-01,48.5,-100.5,540
2024-07-01,48.5,-100.0,810
2024-07-01,48.5,-99.5,270
2024-07-01,48.5,-99.0,810
2024-07-01,48.5,-98.5,270
2024-07-01,48.5,-98.0,360
2024-07-01,48.5,-97.5,810
2024-07-01,48.5,-97.0,360
2024-07-01,48.5,-96.5,270
2024-07-01,48.5,-96.0,450
2024-07-01,48.5,-95.5,180
2024-07-01,48.5,-95.0,270
2024-07-01,48.5,-94.5,360
2024-07-01,48.5,-94.0,180
2024-07-01,48.5,-93.5,360
2024-07-01,48.5,-93.0,630
2024-07-01,48.5,-92.5,360
2024-07-01,48.5,-92.0,540
2024-07-01,48.5,-91.5,450
2024-07-01,48.5,-91.0,450
2024-07-01,48.5,-90.5,540
2024-07-01,48.5,-90.0,630
2024-07-01,48.5,-89.5,90
2024-07-01,48.5,-89.0,180
2024-07-01,48.5,-67.5,90
2024-07-01,48.5,-66.5,90
2024-07-01,49.0,-115.5,90
2024-07-01,49.0,-114.5,180
2024-07-01,49.0,-113.0,180
2024-07-01,49.0,-112.5,90
2024-07-01,49.0,-112.0,360
2024-07-01,49.0,-111.5,180
2024-07-01,49.0,-111.0,270
2024-07-01,49.0,-110.5,270
2024-07-01,49.0,-110.0,270
2024-07-01,49.0,-109.5,450
2024-07-01,49.0,-109.0,90
2024-07-01,49.0,-108.5,270
2024-07-01,49.0,-108.0,360
2024-07-01,49.0,-107.5,810
2024-07-01,49.0,-107.0,270
2024-07-01,49.0,-106.5,270
2024-07-01,49.0,-106.0,450
2024-07-01,49.0,-105.5,450
2024-07-01,49.0,-105.0,630
2024-07-01,49.0,-104.5,630
2024-07-01,49.0,-104.0,900
2024-07-01,49.0,-103.5,720
2024-07-01,49.0,-103.0,900
2024-07-01,49.0,-102.5,630
2024-07-01,49.0,-102.0,990
2024-07-01,49.0,-101.5,720
2024-07-01,49.0,-101.0,810
2024-07-01,49.0,-100.5,630
2024-07-01,49.0,-100.0,360
2024-07-01,49.0,-99.5,450
2024-07-01,49.0,-99.0,180
2024-07-01,49.0,-98.5,990
2024-07-01,49.0,-98.0,540
2024-07-01,49.0,-97.5,360
2024-07-01,49.0,-97.0,450
2024-07-01,49.0,-96.0,630
2024-07-01,49.0,-95.5,900
2024-07-01,49.0,-95.0,450
2024-07-01,49.0,-94.5,450
2024-07-01,49.0,-94.0,180
2024-07-01,49.0,-93.5,810
2024-07-01,49.0,-93.0,1170
2024-07-01,49.0,-92.5,450
2024-07-01,49.0,-92.0,90
2024-07-01,49.0,-91.5,180
2024-07-01,49.0,-91.0,360
2024-07-01,49.0,-90.5,720
2024-07-01,49.0,-90.0,90
2024-07-01,49.0,-89.5,1080
2024-07-01,49.0,-89.0,900
2024-07-01,49.5,-119.5,90
2024-07-01,49.5,-115.5,90
2024-07-01,49.5,-114.5,90
2024-07-01,49.5,-113.5,90
2024-07-01,49.5,-112.5,90
2024-07-01,49.5,-112.0,450
2024-07-01,49.5,-111.5,270
2024-07-01,49.5,-111.0,450
2024-07-01,49.5,-110.5,180
2024-07-01,49.5,-110.0,90
2024-07-01,49.5,-108.5,360
2024-07-01,49.5,-108.0,360
2024-07-01,49.5,-107.5,360
2024-07-01,49.5,-107.0,450
2024-07-01,49.5,-106.5,180
2024-07-01,49.5,-106.0,450
2024-07-01,49.5,-105.5,450
2024-07-01,49.5,-105.0,1080
2024-07-01,49.5,-104.5,540
2024-07-01,49.5,-104.0,450
2024-07-01,49.5,-103.5,540
2024-07-01,49.5,-103.0,810
2024-07-01,49.5,-102.5,540
2024-07-01,49.5,-102.0,270
2024-07-01,49.5,-101.5,270
2024-07-01,49.5,-101.0,720
2024-07-01,49.5,-100.5,630
2024-07-01,49.5,-100.0,450
2024-07-01,49.5,-99.5,630
2024-07-01,49.5,-99.0,270
2024-07-01,49.5,-98.5,90
2024-07-01,49.5,-98.0,270
2024-07-01,49.5,-97.5,270
2024-07-01,49.5,-96.5,90
2024-07-01,49.5,-96.0,810
2024-07-01,49.5,-95.5,720
2024-07-01,49.5,-95.0,810
2024-07-01,49.5,-94.5,180
2024-07-01,49.5,-94.0,630
2024-07-01,49.5,-93.5,270
2024-07-01,49.5,-93.0,450
2024-07-01,49.5,-92.5,540
2024-07-01,49.5,-91.5,270
2024-07-01,49.5,-91.0,90
2024-07-01,49.5,-90.5,180
2024-07-01,49.5,-90.0,90
2024-07-01,49.5,-89.5,180
2024-07-01,49.5,-89.0,90
2024-07-01,50.0,-121.0,90
2024-07-01,50.0,-120.5,90
2024-07-01,50.0,-115.5,180
2024-07-01,50.0,-114.0,270
2024-07-01,50.0,-113.5,450
2024-07-01,50.0,-113.0,90
2024-07-01,50.0,-112.5,270
2024-07-01,50.0,-112.0,90
2024-07-01,50.0,-111.5,180
2024-07-01,50.0,-109.5,90
2024-07-01,50.0,-109.0,180
2024-07-01,50.0,-108.5,360
2024-07-01,50.0,-108.0,270
2024-07-01,50.0,-107.5,270
2024-07-01,50.0,-107.0,630
2024-07-01,50.0,-106.5,630
2024-07-01,50.0,-106.0,720
2024-07-01,50.0,-105.5,450
2024-07-01,50.0,-105.0,180
2024-07-01,50.0,-104.5,540
2024-07-01,50.0,-104.0,450
2024-07-01,50.0,-103.5,1170
2024-07-01,50.0,-103.0,180
2024-07-01,50.0,-102.5,90
2024-07-01,50.0,-102.0,360
2024-07-01,50.0,-101.5,90
2024-07-01,50.0,-101.0,90
2024-07-01,50.0,-100.5,450
2024-07-01,50.0,-100.0,810
2024-07-01,50.0,-99.5,1260
2024-07-01,50.0,-98.5,90
2024-07-01,50.0,-98.0,270
2024-07-01,50.0,-97.5,810
2024-07-01,50.0,-97.0,540
2024-07-01,50.0,-96.5,450
2024-07-01,50.0,-96.0,990
2024-07-01,50.0,-95.5,900
2024-07-01,50.0,-95.0,180
2024-07-01,50.0,-94.5,630
2024-07-01,50.0,-93.5,180
2024-07-01,50.0,-93.0,90
2024-07-01,50.0,-92.5,270
2024-07-01,50.0,-91.5,270
2024-07-01,50.0,-91.0,90
2024-07-01,50.0,-90.5,90
2024-07-01,50.0,-90.0,180
2024-07-01,50.0,-89.5,450
2024-07-01,50.0,-87.0,180
2024-07-01,50.0,-86.5,90
2024-07-01,50.0,-86.0,90
2024-07-01,50.0,-85.5,90
2024-07-01,50.0,-67.5,90
2024-07-01,50.5,-121.0,90
2024-07-01,50.5,-114.5,180
2024-07-01,50.5,-114.0,360
2024-07-01,50.5,-113.0,180
2024-07-01,50.5,-111.5,90
2024-07-01,50.5,-111.0,180
2024-07-01,50.5,-110.5,90
2024-07-01,50.5,-110.0,270
2024-07-01,50.5,-109.5,90
2024-07-01,50.5,-109.0,180
2024-07-01,50.5,-108.0,90
2024-07-01,50.5,-107.5,90
2024-07-01,50.5,-107.0,270
2024-07-01,50.5,-106.0,360
2024-07-01,50.5,-105.5,270
2024-07-01,50.5,-105.0,270
2024-07-01,50.5,-104.5,720
2024-07-01,50.5,-104.0,990
2024-07-01,50.5,-103.5,180
2024-07-01,50.5,-103.0,360
2024-07-01,50.5,-102.5,180
2024-07-01,50.5,-102.0,360
2024-07-01,50.5,-101.5,180
2024-07-01,50.5,-101.0,900
2024-07-01,50.5,-100.5,450
2024-07-01,50.5,-100.0,1260
2024-07-01,50.5,-99.5,810
2024-07-01,50.5,-99.0,360
2024-07-01,50.5,-98.5,180
2024-07-01,50.5,-98.0,450
2024-07-01,50.5,-97.5,270
2024-07-01,50.5,-97.0,270
2024-07-01,50.5,-96.5,450
2024-07-01,50.5,-96.0,900
2024-07-01,50.5,-95.5,360
2024-07-01,50.5,-95.0,180
2024-07-01,50.5,-94.5,450
2024-07-01,50.5,-94.0,630
2024-07-01,50.5,-93.5,180
2024-07-01,50.5,-92.5,90
2024-07-01,50.5,-92.0,180
2024-07-01,50.5,-91.5,270
2024-07-01,50.5,-90.0,180
2024-07-01,50.5,-89.5,360
2024-07-01,50.5,-89.0,900
2024-07-01,50.5,-88.5,270
2024-07-01,50.5,-84.5,90
2024-07-01,50.5,-80.5,90
2024-07-01,50.5,-71.5,90
2024-07-01,50.5,-71.0,180
2024-07-01,51.0,-120.0,90
2024-07-01,51.0,-118.0,90
2024-07-01,51.0,-115.0,270
2024-07-01,51.0,-114.5,810
2024-07-01,51.0,-114.0,540
2024-07-01,51.0,-113.5,180
2024-07-01,51.0,-113.0,180
2024-07-01,51.0,-112.5,180
2024-07-01,51.0,-111.5,90
2024-07-01,51.0,-111.0,180
2024-07-01,51.0,-110.5,270
2024-07-01,51.0,-110.0,270
2024-07-01,51.0,-109.5,450
2024-07-01,51.0,-109.0,90
2024-07-01,51.0,-108.5,90
2024-07-01,51.0,-108.0,180
2024-07-01,51.0,-107.5,270
2024-07-01,51.0,-107.0,90
2024-07-01,51.0,-106.0,180
2024-07-01,51.0,-105.5,540
2024-07-01,51.0,-104.5,180
2024-07-01,51.0,-104.0,360
2024-07-01,51.0,-103.5,270
2024-07-01,51.0,-103.0,90
2024-07-01,51.0,-102.5,540
2024-07-01,51.0,-102.0,1620
2024-07-01,51.0,-101.5,1080
2024-07-01,51.0,-101.0,990
2024-07-01,51.0,-100.5,540
2024-07-01,51.0,-100.0,450
2024-07-01,51.0,-99.5,360
2024-07-01,51.0,-99.0,180
2024-07-01,51.0,-98.5,900
2024-07-01,51.0,-98.0,720
2024-07-01,51.0,-97.5,1080
2024-07-01,51.0,-97.0,540
2024-07-01,51.0,-96.5,180
2024-07-01,51.0,-96.0,630
2024-07-01,51.0,-95.5,360
2024-07-01,51.0,-95.0,90
2024-07-01,51.0,-94.5,450
2024-07-01,51.0,-93.0,270
2024-07-01,51.0,-92.5,90
2024-07-01,51.0,-92.0,270
2024-07-01,51.0,-91.5,270
2024-07-01,51.0,-91.0,90
2024-07-01,51.0,-90.5,360
2024-07-01,51.0,-90.0,180
2024-07-01,51.0,-89.0,540
2024-07-01,51.0,-88.5,270
2024-07-01,51.0,-88.0,450
2024-07-01,51.0,-87.5,90
2024-07-01,51.0,-87.0,90
2024-07-01,51.0,-86.5,180
2024-07-01,51.0,-85.0,90
2024-07-01,51.0,-84.5,90
2024-07-01,51.0,-84.0,90
2024-07-01,51.0,-83.5,90
2024-07-01,51.0,-76.5,90
2024-07-01,51.0,-75.5,90
2024-07-01,51.0,-74.5,90
2024-07-01,51.0,-67.0,90
2024-07-01,51.0,-66.5,90
2024-07-01,51.5,-115.5,90
2024-07-01,51.5,-115.0,360
2024-07-01,51.5,-114.5,270
2024-07-01,51.5,-114.0,180
2024-07-01,51.5,-111.5,180
2024-07-01,51.5,-110.5,630
2024-07-01,51.5,-110.0,180
2024-07-01,51.5,-108.5,90
2024-07-01,51.5,-108.0,180
2024-07-01,51.5,-107.5,360
2024-07-01,51.5,-107.0,90
2024-07-01,51.5,-106.0,360
2024-07-01,51.5,-104.5,90
2024-07-01,51.5,-104.0,180
2024-07-01,51.5,-103.5,270
2024-07-01,51.5,-103.0,630
2024-07-01,51.5,-102.5,180
2024-07-01,51.5,-102.0,540
2024-07-01,51.5,-101.5,810
2024-07-01,51.5,-101.0,810
2024-07-01,51.5,-100.5,180
2024-07-01,51.5,-100.0,360
2024-07-01,51.5,-99.5,270
2024-07-01,51.5,-99.0,90
2024-07-01,51.5,-98.5,630
2024-07-01,51.5,-98.0,360
2024-07-01,51.5,-97.5,720
2024-07-01,51.5,-96.5,630
2024-07-01,51.5,-96.0,720
2024-07-01,51.5,-95.5,180
2024-07-01,51.5,-94.5,180
2024-07-01,51.5,-94.0,270
2024-07-01,51.5,-93.5,630
2024-07-01,51.5,-93.0,450
2024-07-01,51.5,-92.5,450
2024-07-01,51.5,-92.0,270
2024-07-01,51.5,-91.5,90
2024-07-01,51.5,-91.0,90
2024-07-01,51.5,-90.5,90
2024-07-01,51.5,-90.0,90
2024-07-01,51.5,-89.5,180
2024-07-01,51.5,-89.0,360
2024-07-01,51.5,-88.5,90
2024-07-01,51.5,-88.0,90
2024-07-01,51.5,-87.5,90
2024-07-01,51.5,-85.5,90
2024-07-01,51.5,-85.0,90
2024-07-01,51.5,-84.5,180
2024-07-01,51.5,-84.0,540
2024-07-01,51.5,-83.5,810
2024-07-01,51.5,-82.0,90
2024-07-01,51.5,-81.0,90
2024-07-01,51.5,-80.5,90
2024-07-01,51.5,-75.0,270
2024-07-01,51.5,-70.0,90
2024-07-01,51.5,-69.5,90
2024-07-01,51.5,-69.0,90
2024-07-01,51.5,-68.5,90
2024-07-01,51.5,-66.5,90
2024-07-01,52.0,-115.0,270
2024-07-01,52.0,-114.5,90
2024-07-01,52.0,-112.0,90
2024-07-01,52.0,-111.5,270
2024-07-01,52.0,-110.5,180
2024-07-01,52.0,-110.0,270
2024-07-01,52.0,-109.5,360
2024-07-01,52.0,-109.0,90
2024-07-01,52.0,-108.5,180
2024-07-01,52.0,-108.0,450
2024-07-01,52.0,-107.5,270
2024-07-01,52.0,-107.0,360
2024-07-01,52.0,-106.0,270
2024-07-01,52.0,-105.0,90
2024-07-01,52.0,-104.5,270
2024-07-01,52.0,-104.0,90
2024-07-01,52.0,-103.5,630
2024-07-01,52.0,-103.0,810
2024-07-01,52.0,-102.5,450
2024-07-01,52.0,-102.0,720
2024-07-01,52.0,-101.5,810
2024-07-01,52.0,-101.0,90
2024-07-01,52.0,-100.5,360
2024-07-01,52.0,-100.0,450
2024-07-01,52.0,-99.0,270
2024-07-01,52.0,-98.5,270
2024-07-01,52.0,-98.0,270
2024-07-01,52.0,-97.0,90
2024-07-01,52.0,-96.5,180
2024-07-01,52.0,-96.0,1080
2024-07-01,52.0,-95.5,450
2024-07-01,52.0,-95.0,270
2024-07-01,52.0,-94.5,180
2024-07-01,52.0,-94.0,270
2024-07-01,52.0,-93.5,180
2024-07-01,52.0,-93.0,180
2024-07-01,52.0,-92.5,180
2024-07-01,52.0,-92.0,90
2024-07-01,52.0,-91.5,810
2024-07-01,52.0,-91.0,450
2024-07-01,52.0,-90.5,630
2024-07-01,52.0,-90.0,180
2024-07-01,52.0,-89.5,90
2024-07-01,52.0,-89.0,90
2024-07-01,52.0,-88.5,90
2024-07-01,52.0,-88.0,90
2024-07-01,52.0,-86.5,90
2024-07-01,52.0,-86.0,360
2024-07-01,52.0,-85.0,90
2024-07-01,52.0,-84.0,180
2024-07-01,52.0,-83.5,180
2024-07-01,52.0,-83.0,90
2024-07-01,52.0,-82.0,180
2024-07-01,52.0,-80.5,90
2024-07-01,52.0,-80.0,90
2024-07-01,52.0,-77.5,90
2024-07-01,52.0,-77.0,90
2024-07-01,52.0,-76.5,90
2024-07-01,52.0,-76.0,90
2024-07-01,52.0,-75.5,180
2024-07-01,52.0,-74.0,90
2024-07-01,52.0,-68.5,180
2024-07-01,52.0,-66.5,90
2024-07-01,52.0,-66.0,180
2024-07-01,52.0,-65.5,90
2024-07-01,52.5,-115.0,360
2024-07-01,52.5,-114.5,90
2024-07-01,52.5,-111.5,270
2024-07-01,52.5,-111.0,360
2024-07-01,52.5,-110.5,270
2024-07-01,52.5,-110.0,90
2024-07-01,52.5,-109.0,360
2024-07-01,52.5,-108.0,90
2024-07-01,52.5,-107.0,360
2024-07-01,52.5,-106.5,630
2024-07-01,52.5,-106.0,360
2024-07-01,52.5,-105.5,180
2024-07-01,52.5,-105.0,90
2024-07-01,52.5,-104.5,90
2024-07-01,52.5,-103.0,270
2024-07-01,52.5,-102.5,630
2024-07-01,52.5,-102.0,540
2024-07-01,52.5,-101.5,180
2024-07-01,52.5,-101.0,270
2024-07-01,52.5,-100.5,180
2024-07-01,52.5,-99.5,450
2024-07-01,52.5,-98.5,90
2024-07-01,52.5,-96.5,270
2024-07-01,52.5,-96.0,720
2024-07-01,52.5,-95.5,450
2024-07-01,52.5,-95.0,180
2024-07-01,52.5,-94.5,180
2024-07-01,52.5,-93.5,630
2024-07-01,52.5,-93.0,270
2024-07-01,52.5,-92.5,270
2024-07-01,52.5,-92.0,450
2024-07-01,52.5,-91.5,360
2024-07-01,52.5,-91.0,180
2024-07-01,52.5,-90.5,360
2024-07-01,52.5,-90.0,450
2024-07-01,52.5,-89.5,90
2024-07-01,52.5,-89.0,90
2024-07-01,52.5,-88.0,180
2024-07-01,52.5,-87.0,180
2024-07-01,52.5,-86.5,360
2024-07-01,52.5,-86.0,900
2024-07-01,52.5,-85.5,360
2024-07-01,52.5,-84.5,270
2024-07-01,52.5,-84.0,180
2024-07-01,52.5,-83.5,900
2024-07-01,52.5,-83.0,630
2024-07-01,52.5,-82.5,270
2024-07-01,52.5,-82.0,90
2024-07-01,52.5,-81.0,90
2024-07-01,52.5,-79.5,90
2024-07-01,52.5,-76.0,270
2024-07-01,52.5,-74.5,270
2024-07-01,52.5,-74.0,90
2024-07-01,52.5,-73.5,90
2024-07-01,52.5,-73.0,90
2024-07-01,52.5,-71.0,90
2024-07-01,52.5,-68.5,90
2024-07-01,53.0,-111.5,270
2024-07-01,53.0,-111.0,90
2024-07-01,53.0,-110.5,270
2024-07-01,53.0,-110.0,90
2024-07-01,53.0,-109.5,180
2024-07-01,53.0,-109.0,180
2024-07-01,53.0,-108.5,360
2024-07-01,53.0,-108.0,270
2024-07-01,53.0,-107.5,270
2024-07-01,53.0,-107.0,180
2024-07-01,53.0,-106.0,180
2024-07-01,53.0,-105.0,180
2024-07-01,53.0,-104.5,180
2024-07-01,53.0,-104.0,180
2024-07-01,53.0,-103.5,540
2024-07-01,53.0,-103.0,720
2024-07-01,53.0,-102.5,360
2024-07-01,53.0,-102.0,900
2024-07-01,53.0,-101.5,720
2024-07-01,53.0,-101.0,540
2024-07-01,53.0,-100.5,360
2024-07-01,53.0,-100.0,270
2024-07-01,53.0,-99.5,90
2024-07-01,53.0,-98.5,270
2024-07-01,53.0,-98.0,180
2024-07-01,53.0,-97.5,360
2024-07-01,53.0,-96.5,270
2024-07-01,53.0,-96.0,180
2024-07-01,53.0,-95.5,180
2024-07-01,53.0,-95.0,540
2024-07-01,53.0,-94.5,630
2024-07-01,53.0,-94.0,180
2024-07-01,53.0,-93.5,270
2024-07-01,53.0,-93.0,180
2024-07-01,53.0,-92.5,360
2024-07-01,53.0,-92.0,90
2024-07-01,53.0,-91.5,450
2024-07-01,53.0,-91.0,90
2024-07-01,53.0,-90.5,180
2024-07-01,53.0,-90.0,180
2024-07-01,53.0,-89.5,1080
2024-07-01,53.0,-89.0,450
2024-07-01,53.0,-88.5,630
2024-07-01,53.0,-87.5,180
2024-07-01,53.0,-86.5,180
2024-07-01,53.0,-86.0,90
2024-07-01,53.0,-85.5,720
2024-07-01,53.0,-85.0,360
2024-07-01,53.0,-84.5,90
2024-07-01,53.0,-84.0,450
2024-07-01,53.0,-83.5,180
2024-07-01,53.0,-83.0,2700
2024-07-01,53.0,-82.5,540
2024-07-01,53.0,-82.0,180
2024-07-01,53.0,-81.5,180
2024-07-01,53.0,-81.0,90
2024-07-01,53.0,-76.0,90
2024-07-01,53.0,-75.0,90
2024-07-01,53.0,-73.0,90
2024-07-01,53.0,-68.0,90
2024-07-01,53.5,-116.0,90
2024-07-01,53.5,-115.5,90
2024-07-01,53.5,-115.0,90
2024-07-01,53.5,-113.0,180
2024-07-01,53.5,-112.5,90
2024-07-01,53.5,-112.0,360
2024-07-01,53.5,-111.0,360
2024-07-01,53.5,-110.5,90
2024-07-01,53.5,-110.0,180
2024-07-01,53.5,-109.5,540
2024-07-01,53.5,-109.0,270
2024-07-01,53.5,-108.0,180
2024-07-01,53.5,-107.5,90
2024-07-01,53.5,-107.0,90
2024-07-01,53.5,-106.5,360
2024-07-01,53.5,-106.0,450
2024-07-01,53.5,-105.5,720
2024-07-01,53.5,-105.0,270
2024-07-01,53.5,-104.5,720
2024-07-01,53.5,-104.0,990
2024-07-01,53.5,-103.5,990
2024-07-01,53.5,-103.0,540
2024-07-01,53.5,-102.5,270
2024-07-01,53.5,-102.0,360
2024-07-01,53.5,-101.5,360
2024-07-01,53.5,-101.0,990
2024-07-01,53.5,-100.5,180
2024-07-01,53.5,-100.0,90
2024-07-01,53.5,-99.0,270
2024-07-01,53.5,-98.5,90
2024-07-01,53.5,-97.0,180
2024-07-01,53.5,-96.0,360
2024-07-01,53.5,-95.5,90
2024-07-01,53.5,-95.0,90
2024-07-01,53.5,-94.5,90
2024-07-01,53.5,-94.0,270
2024-07-01,53.5,-93.0,90
2024-07-01,53.5,-92.5,360
2024-07-01,53.5,-92.0,360
2024-07-01,53.5,-91.5,450
2024-07-01,53.5,-91.0,540
2024-07-01,53.5,-90.5,540
2024-07-01,53.5,-90.0,360
2024-07-01,53.5,-89.5,720
2024-07-01,53.5,-89.0,630
2024-07-01,53.5,-88.5,270
2024-07-01,53.5,-87.0,90
2024-07-01,53.5,-86.5,180
2024-07-01,53.5,-85.5,90
2024-07-01,53.5,-85.0,1440
2024-07-01,53.5,-84.5,360
2024-07-01,53.5,-84.0,540
2024-07-01,53.5,-83.5,630
2024-07-01,53.5,-83.0,180
2024-07-01,53.5,-82.5,90
2024-07-01,53.5,-82.0,90
2024-07-01,53.5,-75.0,90
2024-07-01,53.5,-73.5,90
2024-07-01,53.5,-72.0,90
2024-07-01,54.0,-112.0,90
2024-07-01,54.0,-111.5,270
2024-07-01,54.0,-111.0,180
2024-07-01,54.0,-110.0,180
2024-07-01,54.0,-109.5,180
2024-07-01,54.0,-109.0,90
2024-07-01,54.0,-108.5,90
2024-07-01,54.0,-107.0,270
2024-07-01,54.0,-106.0,90
2024-07-01,54.0,-105.5,270
2024-07-01,54.0,-105.0,360
2024-07-01,54.0,-104.5,450
2024-07-01,54.0,-104.0,270
2024-07-01,54.0,-103.5,630
2024-07-01,54.0,-103.0,450
2024-07-01,54.0,-102.5,360
2024-07-01,54.0,-102.0,360
2024-07-01,54.0,-101.5,90
2024-07-01,54.0,-101.0,900
2024-07-01,54.0,-100.5,720
2024-07-01,54.0,-99.5,360
2024-07-01,54.0,-99.0,360
2024-07-01,54.0,-98.5,450
2024-07-01,54.0,-98.0,90
2024-07-01,54.0,-97.0,90
2024-07-01,54.0,-96.5,90
2024-07-01,54.0,-94.5,270
2024-07-01,54.0,-94.0,450
2024-07-01,54.0,-93.0,360
2024-07-01,54.0,-92.5,180
2024-07-01,54.0,-92.0,270
2024-07-01,54.0,-91.5,90
2024-07-01,54.0,-91.0,450
2024-07-01,54.0,-90.5,360
2024-07-01,54.0,-90.0,720
2024-07-01,54.0,-89.5,270
2024-07-01,54.0,-89.0,720
2024-07-01,54.0,-88.5,450
2024-07-01,54.0,-88.0,360
2024-07-01,54.0,-87.5,180
2024-07-01,54.0,-87.0,270
2024-07-01,54.0,-85.5,90
2024-07-01,54.0,-85.0,450
2024-07-01,54.0,-84.5,810
2024-07-01,54.0,-84.0,990
2024-07-01,54.0,-83.5,2070
2024-07-01,54.0,-83.0,450
2024-07-01,54.0,-80.5,90
2024-07-01,54.5,-115.5,90
2024-07-01,54.5,-112.5,90
2024-07-01,54.5,-112.0,90
2024-07-01,54.5,-111.5,180
2024-07-01,54.5,-111.0,90
2024-07-01,54.5,-110.5,360
2024-07-01,54.5,-110.0,90
2024-07-01,54.5,-109.5,180
2024-07-01,54.5,-109.0,360
2024-07-01,54.5,-108.5,270
2024-07-01,54.5,-108.0,360
2024-07-01,54.5,-107.5,90
2024-07-01,54.5,-107.0,90
2024-07-01,54.5,-106.5,90
2024-07-01,54.5,-105.5,630
2024-07-01,54.5,-105.0,180
2024-07-01,54.5,-104.5,180
2024-07-01,54.5,-104.0,180
2024-07-01,54.5,-103.5,180
2024-07-01,54.5,-103.0,540
2024-07-01,54.5,-102.5,720
2024-07-01,54.5,-102.0,180
2024-07-01,54.5,-101.5,270
2024-07-01,54.5,-101.0,90
2024-07-01,54.5,-100.5,90
2024-07-01,54.5,-100.0,810
2024-07-01,54.5,-99.5,450
2024-07-01,54.5,-99.0,270
2024-07-01,54.5,-98.5,270
2024-07-01,54.5,-95.0,360
2024-07-01,54.5,-94.5,450
2024-07-01,54.5,-94.0,360
2024-07-01,54.5,-93.5,900
2024-07-01,54.5,-93.0,90
2024-07-01,54.5,-92.5,90
2024-07-01,54.5,-92.0,90
2024-07-01,54.5,-91.5,180
2024-07-01,54.5,-91.0,90
2024-07-01,54.5,-90.5,270
2024-07-01,54.5,-89.5,90
2024-07-01,54.5,-88.5,90
2024-07-01,54.5,-88.0,90
2024-07-01,54.5,-87.0,270
2024-07-01,54.5,-86.5,90
2024-07-01,54.5,-86.0,180
2024-07-01,54.5,-85.0,180
2024-07-01,54.5,-73.0,90
2024-07-01,54.5,-70.0,90
2024-07-08,20.0,-107.0,180
2024-07-08,20.0,-106.5,90
2024-07-08,20.0,-106.0,180
2024-07-08,20.0,-105.5,1800
2024-07-08,20.0,-105.0,2430
2024-07-08,20.0,-104.5,3150
2024-07-08,20.0,-104.0,1890
2024-07-08,20.0,-103.5,1080
2024-07-08,20.0,-103.0,2070
2024-07-08,20.0,-102.5,3510
2024-07-08,20.0,-102.0,2160
2024-07-08,20.0,-101.5,630
2024-07-08,20.0,-101.0,990
2024-07-08,20.0,-100.5,810
2024-07-08,20.0,-100.0,180
2024-07-08,20.0,-99.5,360
2024-07-08,20.0,-98.5,720
2024-07-08,20.0,-98.0,2880
2024-07-08,20.0,-97.5,1080
2024-07-08,20.0,-97.0,900
2024-07-08,20.0,-96.5,1350
2024-07-08,20.0,-96.0,180
2024-07-08,20.0,-95.5,1620
2024-07-08,20.0,-95.0,3330
2024-07-08,20.0,-94.5,3510
2024-07-08,20.0,-94.0,2160
2024-07-08,20.0,-93.5,900
2024-07-08,20.0,-93.0,540
2024-07-08,20.0,-92.0,990
2024-07-08,20.0,-91.5,1260
2024-07-08,20.0,-91.0,3150
2024-07-08,20.0,-90.5,2520
2024-07-08,20.0,-90.0,990
2024-07-08,20.0,-89.5,1530
2024-07-08,20.0,-89.0,900
2024-07-08,20.0,-88.5,180
2024-07-08,20.0,-87.5,180
2024-07-08,20.0,-83.0,90
2024-07-08,20.0,-82.5,90
2024-07-08,20.0,-82.0,360
2024-07-08,20.0,-81.5,540
2024-07-08,20.0,-80.0,4500
2024-07-08,20.0,-79.5,2430
2024-07-08,20.0,-79.0,1260
2024-07-08,20.0,-78.5,3600
2024-07-08,20.0,-78.0,9360
2024-07-08,20.0,-77.5,13500
2024-07-08,20.0,-77.0,16020
2024-07-08,20.0,-76.5,8550
2024-07-08,20.0,-76.0,7740
2024-07-08,20.0,-75.5,5670
2024-07-08,20.0,-75.0,810
2024-07-08,20.0,-74.5,540
2024-07-08,20.0,-74.0,360
2024-07-08,20.0,-73.5,90
2024-07-08,20.0,-73.0,180
2024-07-08,20.0,-72.5,450
2024-07-08,20.0,-72.0,270
2024-07-08,20.0,-71.5,450
2024-07-08,20.0,-71.0,270
2024-07-08,20.0,-70.0,90
2024-07-08,20.0,-69.0,90
2024-07-08,20.0,-68.5,90
2024-07-08,20.0,-67.5,90
2024-07-08,20.0,-67.0,90
2024-07-08,20.0,-66.5,360
2024-07-08,20.0,-66.0,630
2024-07-08,20.5,-107.0,90
2024-07-08,20.5,-106.5,90
2024-07-08,20.5,-106.0,180
2024-07-08,20.5,-105.5,1170
2024-07-08,20.5,-105.0,1620
2024-07-08,20.5,-104.5,4410
2024-07-08,20.5,-104.0,2970
2024-07-08,20.5,-103.5,4500
2024-07-08,20.5,-103.0,3330
2024-07-08,20.5,-102.5,2160
2024-07-08,20.5,-102.0,180
2024-07-08,20.5,-101.5,1080
2024-07-08,20.5,-101.0,990
2024-07-08,20.5,-100.5,90
2024-07-08,20.5,-100.0,90
2024-07-08,20.5,-99.5,90
2024-07-08,20.5,-99.0,360
2024-07-08,20.5,-98.5,1800
2024-07-08,20.5,-98.0,3420
2024-07-08,20.5,-97.5,720
2024-07-08,20.5,-97.0,540
2024-07-08,20.5,-96.5,90
2024-07-08,20.5,-96.0,720
2024-07-08,20.5,-95.5,180
2024-07-08,20.5,-95.0,450
2024-07-08,20.5,-94.5,360
2024-07-08,20.5,-94.0,90
2024-07-08,20.5,-93.5,90
2024-07-08,20.5,-93.0,90
2024-07-08,20.5,-92.0,90
2024-07-08,20.5,-91.5,450
2024-07-08,20.5,-91.0,1800
2024-07-08,20.5,-90.5,4770
2024-07-08,20.5,-90.0,3330
2024-07-08,20.5,-89.5,4590
2024-07-08,20.5,-89.0,7470
2024-07-08,20.5,-88.5,3600
2024-07-08,20.5,-88.0,90
2024-07-08,20.5,-84.5,810
2024-07-08,20.5,-83.0,90
2024-07-08,20.5,-81.5,630
2024-07-08,20.5,-81.0,180
2024-07-08,20.5,-80.5,180
2024-07-08,20.5,-80.0,1620
2024-07-08,20.5,-79.5,2340
2024-07-08,20.5,-79.0,2520
2024-07-08,20.5,-78.5,9720
2024-07-08,20.5,-78.0,5760
2024-07-08,20.5,-77.5,12780
2024-07-08,20.5,-77.0,7110
2024-07-08,20.5,-76.5,2160
2024-07-08,20.5,-76.0,2520
2024-07-08,20.5,-75.5,540
2024-07-08,20.5,-75.0,1710
2024-07-08,20.5,-74.5,810
2024-07-08,20.5,-74.0,180
2024-07-08,20.5,-72.5,180
2024-07-08,20.5,-71.0,90
2024-07-08,20.5,-70.5,180
2024-07-08,20.5,-69.5,90
2024-07-08,20.5,-69.0,360
2024-07-08,20.5,-67.5,90
2024-07-08,20.5,-67.0,270
2024-07-08,20.5,-66.5,810
2024-07-08,20.5,-66.0,630
2024-07-08,20.5,-65.5,90
2024-07-08,21.0,-107.5,90
2024-07-08,21.0,-106.5,450
2024-07-08,21.0,-106.0,2160
2024-07-08,21.0,-105.5,2700
2024-07-08,21.0,-105.0,2700
2024-07-08,21.0,-104.5,3780
2024-07-08,21.0,-104.0,180
2024-07-08,21.0,-103.5,1980
2024-07-08,21.0,-103.0,1260
2024-07-08,21.0,-102.5,990
2024-07-08,21.0,-102.0,810
2024-07-08,21.0,-101.5,360
2024-07-08,21.0,-101.0,990
2024-07-08,21.0,-100.0,90
2024-07-08,21.0,-99.5,540
2024-07-08,21.0,-99.0,540
2024-07-08,21.0,-98.5,1350
2024-07-08,21.0,-98.0,2700
2024-07-08,21.0,-97.5,720
2024-07-08,21.0,-97.0,270
2024-07-08,21.0,-96.5,270
2024-07-08,21.0,-96.0,90
2024-07-08,21.0,-95.0,810
2024-07-08,21.0,-94.5,180
2024-07-08,21.0,-93.5,90
2024-07-08,21.0,-90.0,810
2024-07-08,21.0,-89.5,1080
2024-07-08,21.0,-89.0,6390
2024-07-08,21.0,-88.5,4680
2024-07-08,21.0,-88.0,2970
2024-07-08,21.0,-87.5,2160
2024-07-08,21.0,-86.0,180
2024-07-08,21.0,-85.5,180
2024-07-08,21.0,-84.5,180
2024-07-08,21.0,-83.5,90
2024-07-08,21.0,-83.0,180
2024-07-08,21.0,-81.5,180
2024-07-08,21.0,-81.0,1260
2024-07-08,21.0,-80.5,720
2024-07-08,21.0,-80.0,90
2024-07-08,21.0,-79.5,2160
2024-07-08,21.0,-79.0,6390
2024-07-08,21.0,-78.5,11430
2024-07-08,21.0,-78.0,4320
2024-07-08,21.0,-77.5,3780
2024-07-08,21.0,-77.0,180
2024-07-08,21.0,-76.5,90
2024-07-08,21.0,-76.0,90
2024-07-08,21.0,-75.5,180
2024-07-08,21.0,-75.0,90
2024-07-08,21.0,-74.5,90
2024-07-08,21.0,-70.5,90
2024-07-08,21.0,-69.5,180
2024-07-08,21.0,-69.0,90
2024-07-08,21.0,-68.0,180
2024-07-08,21.0,-67.5,180
2024-07-08,21.0,-67.0,270
2024-07-08,21.0,-66.5,810
2024-07-08,21.0,-66.0,1350
2024-07-08,21.0,-65.5,270
2024-07-08,21.5,-106.5,540
2024-07-08,21.5,-106.0,1530
2024-07-08,21.5,-105.5,2520
2024-07-08,21.5,-105.0,1260
2024-07-08,21.5,-104.5,1530
2024-07-08,21.5,-104.0,990
2024-07-08,21.5,-103.5,1620
2024-07-08,21.5,-103.0,450
2024-07-08,21.5,-102.5,990
2024-07-08,21.5,-102.0,540
2024-07-08,21.5,-101.5,270
2024-07-08,21.5,-101.0,270
2024-07-08,21.5,-100.5,90
2024-07-08,21.5,-99.5,900
2024-07-08,21.5,-99.0,1080
2024-07-08,21.5,-98.5,1260
2024-07-08,21.5,-98.0,1440
2024-07-08,21.5,-97.5,1350
2024-07-08,21.5,-97.0,90
2024-07-08,21.5,-96.5,180
2024-07-08,21.5,-96.0,90
2024-07-08,21.5,-95.5,90
2024-07-08,21.5,-94.0,90
2024-07-08,21.5,-88.5,90
2024-07-08,21.5,-88.0,90
2024-07-08,21.5,-87.0,630
2024-07-08,21.5,-86.5,270
2024-07-08,21.5,-86.0,450
2024-07-08,21.5,-85.5,2610
2024-07-08,21.5,-85.0,1620
2024-07-08,21.5,-84.5,180
2024-07-08,21.5,-84.0,2430
2024-07-08,21.5,-83.5,5940
2024-07-08,21.5,-83.0,1710
2024-07-08,21.5,-82.5,450
2024-07-08,21.5,-82.0,720
2024-07-08,21.5,-81.5,720
2024-07-08,21.5,-81.0,2340
2024-07-08,21.5,-80.5,1170
2024-07-08,21.5,-80.0,6120
2024-07-08,21.5,-79.5,10620
2024-07-08,21.5,-79.0,4590
2024-07-08,21.5,-78.5,990
2024-07-08,21.5,-78.0,90
2024-07-08,21.5,-77.0,90
2024-07-08,21.5,-76.5,90
2024-07-08,21.5,-75.5,90
2024-07-08,21.5,-73.5,90
2024-07-08,21.5,-73.0,270
2024-07-08,21.5,-72.5,270
2024-07-08,21.5,-72.0,270
2024-07-08,21.5,-70.5,90
2024-07-08,21.5,-70.0,90
2024-07-08,21.5,-69.0,180
2024-07-08,21.5,-68.5,270
2024-07-08,21.5,-68.0,180
2024-07-08,21.5,-67.5,540
2024-07-08,21.5,-67.0,1440
2024-07-08,21.5,-66.5,1260
2024-07-08,21.5,-66.0,450
2024-07-08,21.5,-65.5,180
2024-07-08,22.0,-106.5,450
2024-07-08,22.0,-106.0,450
2024-07-08,22.0,-105.5,1980
2024-07-08,22.0,-105.0,7020
2024-07-08,22.0,-104.5,1800
2024-07-08,22.0,-104.0,450
2024-07-08,22.0,-103.5,990
2024-07-08,22.0,-103.0,900
2024-07-08,22.0,-102.5,1170
2024-07-08,22.0,-102.0,270
2024-07-08,22.0,-101.5,1710
2024-07-08,22.0,-101.0,270
2024-07-08,22.0,-100.5,90
2024-07-08,22.0,-100.0,540
2024-07-08,22.0,-99.5,1620
2024-07-08,22.0,-99.0,1710
2024-07-08,22.0,-98.5,2160
2024-07-08,22.0,-98.0,720
2024-07-08,22.0,-97.5,180
2024-07-08,22.0,-97.0,90
2024-07-08,22.0,-96.5,90
2024-07-08,22.0,-95.5,90
2024-07-08,22.0,-94.0,270
2024-07-08,22.0,-93.5,90
2024-07-08,22.0,-87.5,180
2024-07-08,22.0,-86.0,90
2024-07-08,22.0,-85.5,1530
2024-07-08,22.0,-85.0,3960
2024-07-08,22.0,-84.5,9630
2024-07-08,22.0,-84.0,5490
2024-07-08,22.0,-83.5,3240
2024-07-08,22.0,-83.0,1620
2024-07-08,22.0,-82.5,2340
2024-07-08,22.0,-82.0,6300
2024-07-08,22.0,-81.5,11160
2024-07-08,22.0,-81.0,4860
2024-07-08,22.0,-80.5,2070
2024-07-08,22.0,-80.0,2970
2024-07-08,22.0,-79.5,3600
2024-07-08,22.0,-79.0,180
2024-07-08,22.0,-78.0,90
2024-07-08,22.0,-77.5,270
2024-07-08,22.0,-77.0,180
2024-07-08,22.0,-76.0,450
2024-07-08,22.0,-75.5,90
2024-07-08,22.0,-75.0,360
2024-07-08,22.0,-73.0,180
2024-07-08,22.0,-72.0,90
2024-07-08,22.0,-69.0,360
2024-07-08,22.0,-68.5,720
2024-07-08,22.0,-68.0,630
2024-07-08,22.0,-67.5,720
2024-07-08,22.0,-67.0,720
2024-07-08,22.0,-66.5,90
2024-07-08,22.0,-66.0,630
2024-07-08,22.0,-65.5,450
2024-07-08,22.5,-108.0,90
2024-07-08,22.5,-106.0,900
2024-07-08,22.5,-105.5,1710
2024-07-08,22.5,-105.0,5040
2024-07-08,22.5,-104.5,900
2024-07-08,22.5,-104.0,540
2024-07-08,22.5,-103.5,990
2024-07-08,22.5,-103.0,360
2024-07-08,22.5,-102.5,1260
2024-07-08,22.5,-102.0,810
2024-07-08,22.5,-101.5,2430
2024-07-08,22.5,-101.0,630
2024-07-08,22.5,-100.5,630
2024-07-08,22.5,-100.0,450
2024-07-08,22.5,-99.5,3240
2024-07-08,22.5,-99.0,360
2024-07-08,22.5,-98.5,360
2024-07-08,22.5,-98.0,450
2024-07-08,22.5,-97.5,270
2024-07-08,22.5,-97.0,90
2024-07-08,22.5,-95.0,90
2024-07-08,22.5,-94.5,360
2024-07-08,22.5,-94.0,270
2024-07-08,22.5,-87.0,180
2024-07-08,22.5,-86.5,1530
2024-07-08,22.5,-86.0,90
2024-07-08,22.5,-85.5,270
2024-07-08,22.5,-85.0,360
2024-07-08,22.5,-84.5,4590
2024-07-08,22.5,-84.0,2700
2024-07-08,22.5,-83.5,4320
2024-07-08,22.5,-83.0,4590
2024-07-08,22.5,-82.5,9360
2024-07-08,22.5,-82.0,7830
2024-07-08,22.5,-81.5,1080
2024-07-08,22.5,-81.0,900
2024-07-08,22.5,-80.5,1800
2024-07-08,22.5,-80.0,360
2024-07-08,22.5,-79.5,360
2024-07-08,22.5,-79.0,630
2024-07-08,22.5,-78.5,90
2024-07-08,22.5,-78.0,450
2024-07-08,22.5,-77.5,90
2024-07-08,22.5,-75.5,90
2024-07-08,22.5,-75.0,180
2024-07-08,22.5,-74.5,360
2024-07-08,22.5,-70.0,90
2024-07-08,22.5,-69.0,90
2024-07-08,22.5,-68.5,90
2024-07-08,22.5,-68.0,270
2024-07-08,22.5,-67.5,540
2024-07-08,22.5,-67.0,360
2024-07-08,22.5,-66.0,90
2024-07-08,22.5,-65.5,270
2024-07-08,23.0,-109.0,90
2024-07-08,23.0,-106.5,90
2024-07-08,23.0,-106.0,1440
2024-07-08,23.0,-105.5,3870
2024-07-08,23.0,-105.0,1170
2024-07-08,23.0,-104.5,1350
2024-07-08,23.0,-104.0,450
2024-07-08,23.0,-103.5,360
2024-07-08,23.0,-103.0,450
2024-07-08,23.0,-102.5,450
2024-07-08,23.0,-102.0,450
2024-07-08,23.0,-101.5,450
2024-07-08,23.0,-101.0,1260
2024-07-08,23.0,-100.5,720
2024-07-08,23.0,-100.0,540
2024-07-08,23.0,-99.5,2700
2024-07-08,23.0,-99.0,4500
2024-07-08,23.0,-98.5,450
2024-07-08,23.0,-97.5,90
2024-07-08,23.0,-97.0,90
2024-07-08,23.0,-94.5,90
2024-07-08,23.0,-93.5,90
2024-07-08,23.0,-88.0,180
2024-07-08,23.0,-87.5,90
2024-07-08,23.0,-87.0,630
2024-07-08,23.0,-86.5,990
2024-07-08,23.0,-86.0,90
2024-07-08,23.0,-85.0,180
2024-07-08,23.0,-84.5,180
2024-07-08,23.0,-82.5,270
2024-07-08,23.0,-82.0,360
2024-07-08,23.0,-81.5,180
2024-07-08,23.0,-81.0,180
2024-07-08,23.0,-80.5,180
2024-07-08,23.0,-80.0,450
2024-07-08,23.0,-79.5,990
2024-07-08,23.0,-79.0,1170
2024-07-08,23.0,-78.5,180
2024-07-08,23.0,-78.0,540
2024-07-08,23.0,-77.5,90
2024-07-08,23.0,-76.5,180
2024-07-08,23.0,-76.0,90
2024-07-08,23.0,-75.5,540
2024-07-08,23.0,-75.0,180
2024-07-08,23.0,-67.5,360
2024-07-08,23.0,-67.0,180
2024-07-08,23.0,-66.5,90
2024-07-08,23.0,-65.5,180
2024-07-08,23.5,-110.5,180
2024-07-08,23.5,-110.0,180
2024-07-08,23.5,-107.0,360
2024-07-08,23.5,-106.5,2610
2024-07-08,23.5,-106.0,2160
2024-07-08,23.5,-105.5,1260
2024-07-08,23.5,-105.0,720
2024-07-08,23.5,-104.5,360
2024-07-08,23.5,-104.0,270
2024-07-08,23.5,-103.5,540
2024-07-08,23.5,-103.0,360
2024-07-08,23.5,-102.5,90
2024-07-08,23.5,-102.0,630
2024-07-08,23.5,-101.5,450
2024-07-08,23.5,-101.0,1350
2024-07-08,23.5,-100.5,900
2024-07-08,23.5,-100.0,360
2024-07-08,23.5,-99.5,1710
2024-07-08,23.5,-99.0,1620
2024-07-08,23.5,-98.5,1170
2024-07-08,23.5,-98.0,90
2024-07-08,23.5,-94.0,90
2024-07-08,23.5,-88.5,90
2024-07-08,23.5,-88.0,360
2024-07-08,23.5,-87.5,360
2024-07-08,23.5,-87.0,1530
2024-07-08,23.5,-86.5,450
2024-07-08,23.5,-86.0,450
2024-07-08,23.5,-85.5,90
2024-07-08,23.5,-85.0,450
2024-07-08,23.5,-81.0,90
2024-07-08,23.5,-80.5,450
2024-07-08,23.5,-80.0,1350
2024-07-08,23.5,-79.5,1890
2024-07-08,23.5,-79.0,720
2024-07-08,23.5,-78.5,630
2024-07-08,23.5,-78.0,450
2024-07-08,23.5,-77.5,180
2024-07-08,23.5,-77.0,90
2024-07-08,23.5,-76.5,270
2024-07-08,23.5,-76.0,90
2024-07-08,23.5,-73.5,90
2024-07-08,23.5,-73.0,90
2024-07-08,23.5,-68.0,180
2024-07-08,23.5,-67.0,270
2024-07-08,24.0,-110.5,90
2024-07-08,24.0,-108.0,90
2024-07-08,24.0,-107.0,2700
2024-07-08,24.0,-106.5,3510
2024-07-08,24.0,-106.0,1440
2024-07-08,24.0,-105.5,450
2024-07-08,24.0,-105.0,630
2024-07-08,24.0,-104.5,630
2024-07-08,24.0,-104.0,720
2024-07-08,24.0,-103.5,720
2024-07-08,24.0,-102.5,540
2024-07-08,24.0,-102.0,270
2024-07-08,24.0,-101.5,810
2024-07-08,24.0,-101.0,360
2024-07-08,24.0,-100.5,450
2024-07-08,24.0,-100.0,810
2024-07-08,24.0,-99.5,2790
2024-07-08,24.0,-99.0,900
2024-07-08,24.0,-98.5,450
2024-07-08,24.0,-98.0,180
2024-07-08,24.0,-94.5,90
2024-07-08,24.0,-88.0,180
2024-07-08,24.0,-87.5,540
2024-07-08,24.0,-87.0,900
2024-07-08,24.0,-86.5,90
2024-07-08,24.0,-86.0,90
2024-07-08,24.0,-85.5,270
2024-07-08,24.0,-85.0,450
2024-07-08,24.0,-84.5,180
2024-07-08,24.0,-84.0,90
2024-07-08,24.0,-82.5,180
2024-07-08,24.0,-82.0,90
2024-07-08,24.0,-81.0,180
2024-07-08,24.0,-80.5,540
2024-07-08,24.0,-80.0,450
2024-07-08,24.0,-79.5,1080
2024-07-08,24.0,-79.0,450
2024-07-08,24.0,-78.5,630
2024-07-08,24.0,-78.0,1800
2024-07-08,24.0,-77.5,1350
2024-07-08,24.0,-77.0,270
2024-07-08,24.0,-76.5,90
2024-07-08,24.0,-76.0,90
2024-07-08,24.0,-75.0,270
2024-07-08,24.0,-73.0,90
2024-07-08,24.0,-72.5,90
2024-07-08,24.5,-108.0,90
2024-07-08,24.5,-107.5,540
2024-07-08,24.5,-107.0,2070
2024-07-08,24.5,-106.5,3060
2024-07-08,24.5,-106.0,180
2024-07-08,24.5,-105.5,180
2024-07-08,24.5,-105.0,180
2024-07-08,24.5,-104.5,270
2024-07-08,24.5,-104.0,450
2024-07-08,24.5,-103.5,720
2024-07-08,24.5,-103.0,270
2024-07-08,24.5,-102.5,90
2024-07-08,24.5,-102.0,540
2024-07-08,24.5,-101.5,270
2024-07-08,24.5,-101.0,450
2024-07-08,24.5,-100.5,90
2024-07-08,24.5,-100.0,1350
2024-07-08,24.5,-99.5,3330
2024-07-08,24.5,-99.0,3600
2024-07-08,24.5,-98.5,810
2024-07-08,24.5,-98.0,90
2024-07-08,24.5,-97.5,270
2024-07-08,24.5,-91.5,90
2024-07-08,24.5,-88.5,180
2024-07-08,24.5,-87.5,270
2024-07-08,24.5,-87.0,1080
2024-07-08,24.5,-86.0,720
2024-07-08,24.5,-85.5,180
2024-07-08,24.5,-85.0,2340
2024-07-08,24.5,-84.5,450
2024-07-08,24.5,-84.0,90
2024-07-08,24.5,-83.5,90
2024-07-08,24.5,-83.0,270
2024-07-08,24.5,-82.5,180
2024-07-08,24.5,-82.0,180
2024-07-08,24.5,-81.5,90
2024-07-08,24.5,-81.0,270
2024-07-08,24.5,-80.5,1350
2024-07-08,24.5,-80.0,900
2024-07-08,24.5,-79.5,720
2024-07-08,24.5,-79.0,630
2024-07-08,24.5,-78.5,1440
2024-07-08,24.5,-78.0,720
2024-07-08,24.5,-77.5,360
2024-07-08,24.5,-77.0,180
2024-07-08,24.5,-76.5,90
2024-07-08,24.5,-76.0,270
2024-07-08,24.5,-75.5,630
2024-07-08,24.5,-75.0,180
2024-07-08,24.5,-74.0,180
2024-07-08,24.5,-73.5,180
2024-07-08,24.5,-73.0,90
2024-07-08,24.5,-72.5,180
2024-07-08,24.5,-72.0,180
2024-07-08,24.5,-70.0,90
2024-07-08,25.0,-112.0,360
2024-07-08,25.0,-108.5,90
2024-07-08,25.0,-108.0,180
2024-07-08,25.0,-107.5,1620
2024-07-08,25.0,-107.0,3510
2024-07-08,25.0,-106.5,990
2024-07-08,25.0,-106.0,180
2024-07-08,25.0,-105.5,630
2024-07-08,25.0,-105.0,360
2024-07-08,25.0,-104.5,450
2024-07-08,25.0,-104.0,630
2024-07-08,25.0,-103.5,810
2024-07-08,25.0,-103.0,180
2024-07-08,25.0,-102.5,90
2024-07-08,25.0,-102.0,630
2024-07-08,25.0,-101.5,1080
2024-07-08,25.0,-101.0,1800
2024-07-08,25.0,-100.5,180
2024-07-08,25.0,-100.0,1440
2024-07-08,25.0,-99.5,1170
2024-07-08,25.0,-99.0,1710
2024-07-08,25.0,-98.5,810
2024-07-08,25.0,-98.0,180
2024-07-08,25.0,-97.5,270
2024-07-08,25.0,-97.0,180
2024-07-08,25.0,-96.5,180
2024-07-08,25.0,-93.5,270
2024-07-08,25.0,-93.0,90
2024-07-08,25.0,-92.5,270
2024-07-08,25.0,-92.0,360
2024-07-08,25.0,-90.0,90
2024-07-08,25.0,-89.5,180
2024-07-08,25.0,-89.0,90
2024-07-08,25.0,-88.5,360
2024-07-08,25.0,-88.0,270
2024-07-08,25.0,-87.0,450
2024-07-08,25.0,-86.5,180
2024-07-08,25.0,-86.0,990
2024-07-08,25.0,-85.0,450
2024-07-08,25.0,-84.5,450
2024-07-08,25.0,-84.0,540
2024-07-08,25.0,-83.5,180
2024-07-08,25.0,-83.0,90
2024-07-08,25.0,-82.5,1440
2024-07-08,25.0,-82.0,900
2024-07-08,25.0,-81.5,630
2024-07-08,25.0,-81.0,990
2024-07-08,25.0,-80.5,1980
2024-07-08,25.0,-80.0,360
2024-07-08,25.0,-79.5,90
2024-07-08,25.0,-78.5,180
2024-07-08,25.0,-78.0,900
2024-07-08,25.0,-77.5,450
2024-07-08,25.0,-77.0,540
2024-07-08,25.0,-76.5,90
2024-07-08,25.0,-76.0,180
2024-07-08,25.0,-75.0,360
2024-07-08,25.0,-74.5,720
2024-07-08,25.0,-74.0,990
2024-07-08,25.0,-73.5,1530
2024-07-08,25.0,-72.5,180
2024-07-08,25.0,-72.0,180
2024-07-08,25.0,-70.5,90
2024-07-08,25.5,-112.0,180
2024-07-08,25.5,-109.0,180
2024-07-08,25.5,-108.5,1440
2024-07-08,25.5,-108.0,1350
2024-07-08,25.5,-107.5,1710
2024-07-08,25.5,-107.0,810
2024-07-08,25.5,-106.5,270
2024-07-08,25.5,-106.0,90
2024-07-08,25.5,-105.5,270
2024-07-08,25.5,-105.0,630
2024-07-08,25.5,-104.5,450
2024-07-08,25.5,-104.0,990
2024-07-08,25.5,-103.5,990
2024-07-08,25.5,-103.0,270
2024-07-08,25.5,-102.5,360
2024-07-08,25.5,-102.0,450
2024-07-08,25.5,-101.5,180
2024-07-08,25.5,-101.0,180
2024-07-08,25.5,-100.5,2520
2024-07-08,25.5,-100.0,900
2024-07-08,25.5,-99.5,1170
2024-07-08,25.5,-99.0,1710
2024-07-08,25.5,-98.5,4230
2024-07-08,25.5,-98.0,1080
2024-07-08,25.5,-97.5,810
2024-07-08,25.5,-97.0,180
2024-07-08,25.5,-96.5,90
2024-07-08,25.5,-94.5,90
2024-07-08,25.5,-92.0,360
2024-07-08,25.5,-91.5,90
2024-07-08,25.5,-91.0,270
2024-07-08,25.5,-90.5,90
2024-07-08,25.5,-89.5,90
2024-07-08,25.5,-88.5,90
2024-07-08,25.5,-88.0,630
2024-07-08,25.5,-86.0,90
2024-07-08,25.5,-85.5,180
2024-07-08,25.5,-85.0,270
2024-07-08,25.5,-84.5,270
2024-07-08,25.5,-83.5,1350
2024-07-08,25.5,-83.0,270
2024-07-08,25.5,-82.5,90
2024-07-08,25.5,-82.0,810
2024-07-08,25.5,-81.5,3960
2024-07-08,25.5,-81.0,1080
2024-07-08,25.5,-80.5,810
2024-07-08,25.5,-79.5,180
2024-07-08,25.5,-79.0,540
2024-07-08,25.5,-78.5,180
2024-07-08,25.5,-77.5,90
2024-07-08,25.5,-76.0,90
2024-07-08,25.5,-75.5,810
2024-07-08,25.5,-74.5,810
2024-07-08,25.5,-74.0,360
2024-07-08,25.5,-73.5,450
2024-07-08,25.5,-73.0,90
2024-07-08,25.5,-72.5,90
2024-07-08,25.5,-68.5,90
2024-07-08,25.5,-68.0,90
2024-07-08,26.0,-109.5,630
2024-07-08,26.0,-109.0,630
2024-07-08,26.0,-108.5,1350
2024-07-08,26.0,-108.0,2520
2024-07-08,26.0,-107.5,1170
2024-07-08,26.0,-107.0,360
2024-07-08,26.0,-106.5,360
2024-07-08,26.0,-106.0,270
2024-07-08,26.0,-105.5,810
2024-07-08,26.0,-105.0,540
2024-07-08,26.0,-104.0,900
2024-07-08,26.0,-103.5,720
2024-07-08,26.0,-103.0,1350
2024-07-08,26.0,-102.5,540
2024-07-08,26.0,-102.0,450
2024-07-08,26.0,-101.5,900
2024-07-08,26.0,-101.0,270
2024-07-08,26.0,-100.5,1080
2024-07-08,26.0,-100.0,720
2024-07-08,26.0,-99.5,270
2024-07-08,26.0,-99.0,1260
2024-07-08,26.0,-98.5,1170
2024-07-08,26.0,-98.0,3510
2024-07-08,26.0,-97.5,1350
2024-07-08,26.0,-97.0,450
2024-07-08,26.0,-96.5,900
2024-07-08,26.0,-96.0,90
2024-07-08,26.0,-92.5,180
2024-07-08,26.0,-92.0,90
2024-07-08,26.0,-91.5,90
2024-07-08,26.0,-90.5,90
2024-07-08,26.0,-86.0,90
2024-07-08,26.0,-85.5,180
2024-07-08,26.0,-85.0,630
2024-07-08,26.0,-84.5,180
2024-07-08,26.0,-83.5,270
2024-07-08,26.0,-83.0,360
2024-07-08,26.0,-82.5,270
2024-07-08,26.0,-82.0,5220
2024-07-08,26.0,-81.5,3240
2024-07-08,26.0,-81.0,3960
2024-07-08,26.0,-80.5,1170
2024-07-08,26.0,-80.0,360
2024-07-08,26.0,-79.5,1890
2024-07-08,26.0,-79.0,2160
2024-07-08,26.0,-78.5,810
2024-07-08,26.0,-78.0,270
2024-07-08,26.0,-77.5,540
2024-07-08,26.0,-77.0,720
2024-07-08,26.0,-76.0,180
2024-07-08,26.0,-75.5,990
2024-07-08,26.0,-75.0,270
2024-07-08,26.0,-74.5,90
2024-07-08,26.0,-73.5,180
2024-07-08,26.0,-73.0,180
2024-07-08,26.0,-72.5,3600
2024-07-08,26.0,-72.0,1710
2024-07-08,26.0,-71.5,720
2024-07-08,26.0,-71.0,90
2024-07-08,26.0,-70.5,90
2024-07-08,26.0,-70.0,90
2024-07-08,26.0,-68.0,90
2024-07-08,26.5,-113.0,90
2024-07-08,26.5,-112.5,540
2024-07-08,26.5,-112.0,180
2024-07-08,26.5,-110.0,90
2024-07-08,26.5,-109.5,1440
2024-07-08,26.5,-109.0,2430
2024-07-08,26.5,-108.5,1800
2024-07-08,26.5,-108.0,1890
2024-07-08,26.5,-107.5,900
2024-07-08,26.5,-107.0,90
2024-07-08,26.5,-106.5,810
2024-07-08,26.5,-106.0,270
2024-07-08,26.5,-105.5,990
2024-07-08,26.5,-104.0,90
2024-07-08,26.5,-103.5,540
2024-07-08,26.5,-103.0,270
2024-07-08,26.5,-102.5,90
2024-07-08,26.5,-102.0,2340
2024-07-08,26.5,-101.5,1170
2024-07-08,26.5,-101.0,360
2024-07-08,26.5,-100.5,450
2024-07-08,26.5,-100.0,1260
2024-07-08,26.5,-99.5,1710
2024-07-08,26.5,-99.0,630
2024-07-08,26.5,-98.5,1080
2024-07-08,26.5,-98.0,3330
2024-07-08,26.5,-97.5,1530
2024-07-08,26.5,-97.0,720
2024-07-08,26.5,-96.5,4680
2024-07-08,26.5,-96.0,4410
2024-07-08,26.5,-95.5,900
2024-07-08,26.5,-95.0,90
2024-07-08,26.5,-89.5,180
2024-07-08,26.5,-87.0,180
2024-07-08,26.5,-86.0,90
2024-07-08,26.5,-85.0,270
2024-07-08,26.5,-84.5,810
2024-07-08,26.5,-83.5,90
2024-07-08,26.5,-83.0,720
2024-07-08,26.5,-82.5,1170
2024-07-08,26.5,-82.0,1530
2024-07-08,26.5,-81.5,2430
2024-07-08,26.5,-81.0,1710
2024-07-08,26.5,-80.5,1800
2024-07-08,26.5,-80.0,270
2024-07-08,26.5,-79.5,2070
2024-07-08,26.5,-79.0,2430
2024-07-08,26.5,-78.5,900
2024-07-08,26.5,-78.0,990
2024-07-08,26.5,-77.5,1980
2024-07-08,26.5,-77.0,630
2024-07-08,26.5,-76.0,360
2024-07-08,26.5,-75.5,630
2024-07-08,26.5,-75.0,1260
2024-07-08,26.5,-74.5,270
2024-07-08,26.5,-74.0,1350
2024-07-08,26.5,-73.5,1980
2024-07-08,26.5,-73.0,360
2024-07-08,26.5,-72.0,720
2024-07-08,26.5,-71.5,360
2024-07-08,26.5,-71.0,90
2024-07-08,26.5,-70.0,270
2024-07-08,26.5,-65.5,90
2024-07-08,27.0,-113.0,360
2024-07-08,27.0,-111.0,360
2024-07-08,27.0,-110.5,90
2024-07-08,27.0,-110.0,630
2024-07-08,27.0,-109.5,1080
2024-07-08,27.0,-109.0,1530
2024-07-08,27.0,-108.5,2520
2024-07-08,27.0,-108.0,1080
2024-07-08,27.0,-107.5,270
2024-07-08,27.0,-106.5,270
2024-07-08,27.0,-106.0,360
2024-07-08,27.0,-105.5,180
2024-07-08,27.0,-105.0,90
2024-07-08,27.0,-104.5,540
2024-07-08,27.0,-104.0,270
2024-07-08,27.0,-103.5,720
2024-07-08,27.0,-103.0,450
2024-07-08,27.0,-102.5,810
2024-07-08,27.0,-102.0,450
2024-07-08,27.0,-100.5,450
2024-07-08,27.0,-100.0,1170
2024-07-08,27.0,-99.5,2880
2024-07-08,27.0,-99.0,360
2024-07-08,27.0,-98.5,360
2024-07-08,27.0,-98.0,1080
2024-07-08,27.0,-97.5,360
2024-07-08,27.0,-97.0,270
2024-07-08,27.0,-96.5,1440
2024-07-08,27.0,-96.0,1350
2024-07-08,27.0,-95.5,270
2024-07-08,27.0,-95.0,90
2024-07-08,27.0,-93.5,180
2024-07-08,27.0,-91.5,90
2024-07-08,27.0,-90.0,90
2024-07-08,27.0,-89.5,90
2024-07-08,27.0,-88.5,90
2024-07-08,27.0,-87.0,90
2024-07-08,27.0,-85.5,90
2024-07-08,27.0,-85.0,450
2024-07-08,27.0,-84.5,180
2024-07-08,27.0,-84.0,360
2024-07-08,27.0,-83.0,270
2024-07-08,27.0,-82.5,5400
2024-07-08,27.0,-82.0,1260
2024-07-08,27.0,-81.5,2610
2024-07-08,27.0,-81.0,5940
2024-07-08,27.0,-80.5,1890
2024-07-08,27.0,-80.0,540
2024-07-08,27.0,-79.5,180
2024-07-08,27.0,-79.0,1440
2024-07-08,27.0,-78.5,990
2024-07-08,27.0,-78.0,810
2024-07-08,27.0,-77.5,360
2024-07-08,27.0,-77.0,1440
2024-07-08,27.0,-76.0,810
2024-07-08,27.0,-75.5,360
2024-07-08,27.0,-75.0,810
2024-07-08,27.0,-74.5,4770
2024-07-08,27.0,-74.0,6480
2024-07-08,27.0,-73.5,5040
2024-07-08,27.0,-73.0,5670
2024-07-08,27.0,-72.5,1080
2024-07-08,27.0,-72.0,90
2024-07-08,27.0,-71.5,540
2024-07-08,27.0,-71.0,360
2024-07-08,27.0,-70.5,90
2024-07-08,27.0,-70.0,360
2024-07-08,27.0,-68.5,90
2024-07-08,27.0,-67.5,90
2024-07-08,27.5,-113.0,90
2024-07-08,27.5,-111.0,270
2024-07-08,27.5,-110.5,810
2024-07-08,27.5,-110.0,2070
2024-07-08,27.5,-109.5,5130
2024-07-08,27.5,-109.0,2880
2024-07-08,27.5,-108.5,1710
2024-07-08,27.5,-108.0,630
2024-07-08,27.5,-107.5,540
2024-07-08,27.5,-107.0,90
2024-07-08,27.5,-106.5,630
2024-07-08,27.5,-106.0,270
2024-07-08,27.5,-105.5,810
2024-07-08,27.5,-105.0,360
2024-07-08,27.5,-104.5,360
2024-07-08,27.5,-104.0,270
2024-07-08,27.5,-103.5,270
2024-07-08,27.5,-103.0,540
2024-07-08,27.5,-102.5,1260
2024-07-08,27.5,-102.0,360
2024-07-08,27.5,-101.5,1260
2024-07-08,27.5,-101.0,540
2024-07-08,27.5,-100.0,810
2024-07-08,27.5,-99.5,1260
2024-07-08,27.5,-99.0,1350
2024-07-08,27.5,-98.5,990
2024-07-08,27.5,-98.0,1890
2024-07-08,27.5,-97.5,270
2024-07-08,27.5,-97.0,270
2024-07-08,27.5,-96.5,90
2024-07-08,27.5,-96.0,90
2024-07-08,27.5,-95.5,90
2024-07-08,27.5,-95.0,270
2024-07-08,27.5,-94.0,180
2024-07-08,27.5,-93.5,90
2024-07-08,27.5,-91.5,90
2024-07-08,27.5,-89.5,270
2024-07-08,27.5,-89.0,90
2024-07-08,27.5,-88.5,90
2024-07-08,27.5,-88.0,90
2024-07-08,27.5,-86.5,90
2024-07-08,27.5,-86.0,180
2024-07-08,27.5,-85.0,270
2024-07-08,27.5,-84.5,180
2024-07-08,27.5,-84.0,450
2024-07-08,27.5,-83.5,1170
2024-07-08,27.5,-83.0,5220
2024-07-08,27.5,-82.5,4140
2024-07-08,27.5,-82.0,2970
2024-07-08,27.5,-81.5,1890
2024-07-08,27.5,-81.0,2610
2024-07-08,27.5,-80.5,1170
2024-07-08,27.5,-80.0,810
2024-07-08,27.5,-79.5,360
2024-07-08,27.5,-79.0,540
2024-07-08,27.5,-78.5,1800
2024-07-08,27.5,-78.0,2610
2024-07-08,27.5,-77.5,1260
2024-07-08,27.5,-77.0,3330
2024-07-08,27.5,-76.5,4680
2024-07-08,27.5,-76.0,3330
2024-07-08,27.5,-75.5,7200
2024-07-08,27.5,-75.0,6660
2024-07-08,27.5,-74.5,5940
2024-07-08,27.5,-74.0,8910
2024-07-08,27.5,-73.5,3780
2024-07-08,27.5,-73.0,5580
2024-07-08,27.5,-72.5,2070
2024-07-08,27.5,-72.0,90
2024-07-08,27.5,-71.5,180
2024-07-08,27.5,-71.0,360
2024-07-08,27.5,-70.5,360
2024-07-08,27.5,-67.5,90
2024-07-08,28.0,-111.5,540
2024-07-08,28.0,-111.0,990
2024-07-08,28.0,-110.5,3330
2024-07-08,28.0,-110.0,3060
2024-07-08,28.0,-109.5,4590
2024-07-08,28.0,-109.0,3870
2024-07-08,28.0,-108.5,2070
2024-07-08,28.0,-108.0,810
2024-07-08,28.0,-107.5,450
2024-07-08,28.0,-107.0,810
2024-07-08,28.0,-106.5,720
2024-07-08,28.0,-106.0,90
2024-07-08,28.0,-105.5,1080
2024-07-08,28.0,-105.0,180
2024-07-08,28.0,-104.5,900
2024-07-08,28.0,-104.0,270
2024-07-08,28.0,-103.5,450
2024-07-08,28.0,-103.0,720
2024-07-08,28.0,-102.5,540
2024-07-08,28.0,-102.0,1710
2024-07-08,28.0,-101.5,3060
2024-07-08,28.0,-101.0,1800
2024-07-08,28.0,-100.5,450
2024-07-08,28.0,-100.0,540
2024-07-08,28.0,-99.5,990
2024-07-08,28.0,-99.0,2430
2024-07-08,28.0,-98.5,4320
2024-07-08,28.0,-98.0,3420
2024-07-08,28.0,-97.5,1170
2024-07-08,28.0,-97.0,180
2024-07-08,28.0,-96.5,450
2024-07-08,28.0,-95.5,360
2024-07-08,28.0,-95.0,180
2024-07-08,28.0,-94.5,180
2024-07-08,28.0,-93.5,180
2024-07-08,28.0,-93.0,360
2024-07-08,28.0,-92.0,90
2024-07-08,28.0,-91.0,90
2024-07-08,28.0,-89.5,360
2024-07-08,28.0,-89.0,90
2024-07-08,28.0,-88.5,180
2024-07-08,28.0,-88.0,180
2024-07-08,28.0,-86.0,180
2024-07-08,28.0,-85.5,270
2024-07-08,28.0,-85.0,450
2024-07-08,28.0,-84.5,90
2024-07-08,28.0,-84.0,90
2024-07-08,28.0,-83.5,1170
2024-07-08,28.0,-83.0,1890
2024-07-08,28.0,-82.5,5310
2024-07-08,28.0,-82.0,4050
2024-07-08,28.0,-81.5,2520
2024-07-08,28.0,-81.0,2880
2024-07-08,28.0,-80.5,450
2024-07-08,28.0,-80.0,1170
2024-07-08,28.0,-79.5,630
2024-07-08,28.0,-79.0,990
2024-07-08,28.0,-78.5,2070
2024-07-08,28.0,-78.0,360
2024-07-08,28.0,-77.5,630
2024-07-08,28.0,-77.0,180
2024-07-08,28.0,-76.5,3510
2024-07-08,28.0,-76.0,3420
2024-07-08,28.0,-75.5,1350
2024-07-08,28.0,-75.0,2160
2024-07-08,28.0,-74.5,1080
2024-07-08,28.0,-74.0,3690
2024-07-08,28.0,-73.5,5670
2024-07-08,28.0,-73.0,2880
2024-07-08,28.0,-72.5,8640
2024-07-08,28.0,-72.0,360
2024-07-08,28.0,-71.5,180
2024-07-08,28.0,-71.0,360
2024-07-08,28.0,-70.5,180
2024-07-08,28.0,-66.5,90
2024-07-08,28.5,-113.0,90
2024-07-08,28.5,-112.5,90
2024-07-08,28.5,-112.0,180
2024-07-08,28.5,-111.5,2070
2024-07-08,28.5,-111.0,1620
2024-07-08,28.5,-110.5,1260
2024-07-08,28.5,-110.0,3420
2024-07-08,28.5,-109.5,4050
2024-07-08,28.5,-109.0,2610
2024-07-08,28.5,-108.5,810
2024-07-08,28.5,-108.0,900
2024-07-08,28.5,-107.5,720
2024-07-08,28.5,-107.0,1260
2024-07-08,28.5,-106.5,630
2024-07-08,28.5,-106.0,630
2024-07-08,28.5,-105.5,630
2024-07-08,28.5,-105.0,360
2024-07-08,28.5,-104.5,360
2024-07-08,28.5,-104.0,540
2024-07-08,28.5,-103.5,630
2024-07-08,28.5,-103.0,2700
2024-07-08,28.5,-102.5,1710
2024-07-08,28.5,-102.0,3240
2024-07-08,28.5,-101.5,1980
2024-07-08,28.5,-101.0,2250
2024-07-08,28.5,-100.5,1440
2024-07-08,28.5,-100.0,540
2024-07-08,28.5,-99.5,540
2024-07-08,28.5,-99.0,90
2024-07-08,28.5,-98.5,1800
2024-07-08,28.5,-98.0,2520
2024-07-08,28.5,-97.5,2880
2024-07-08,28.5,-97.0,1440
2024-07-08,28.5,-96.5,450
2024-07-08,28.5,-96.0,900
2024-07-08,28.5,-95.5,720
2024-07-08,28.5,-95.0,270
2024-07-08,28.5,-94.5,450
2024-07-08,28.5,-94.0,90
2024-07-08,28.5,-93.5,90
2024-07-08,28.5,-92.5,270
2024-07-08,28.5,-91.5,180
2024-07-08,28.5,-91.0,90
2024-07-08,28.5,-90.5,180
2024-07-08,28.5,-90.0,990
2024-07-08,28.5,-89.5,270
2024-07-08,28.5,-89.0,1350
2024-07-08,28.5,-88.5,90
2024-07-08,28.5,-87.5,270
2024-07-08,28.5,-87.0,90
2024-07-08,28.5,-86.0,180
2024-07-08,28.5,-85.5,540
2024-07-08,28.5,-85.0,180
2024-07-08,28.5,-84.0,360
2024-07-08,28.5,-83.5,1170
2024-07-08,28.5,-83.0,1170
2024-07-08,28.5,-82.5,4320
2024-07-08,28.5,-82.0,3420
2024-07-08,28.5,-81.5,7110
2024-07-08,28.5,-81.0,1350
2024-07-08,28.5,-80.5,720
2024-07-08,28.5,-80.0,450
2024-07-08,28.5,-79.5,540
2024-07-08,28.5,-79.0,1710
2024-07-08,28.5,-78.5,990
2024-07-08,28.5,-78.0,630
2024-07-08,28.5,-77.5,270
2024-07-08,28.5,-77.0,270
2024-07-08,28.5,-76.5,540
2024-07-08,28.5,-76.0,180
2024-07-08,28.5,-75.5,720
2024-07-08,28.5,-75.0,810
2024-07-08,28.5,-74.5,1710
2024-07-08,28.5,-74.0,1890
2024-07-08,28.5,-73.5,1170
2024-07-08,28.5,-73.0,1350
2024-07-08,28.5,-72.5,1980
2024-07-08,28.5,-72.0,1080
2024-07-08,28.5,-71.5,360
2024-07-08,28.5,-71.0,810
2024-07-08,28.5,-70.5,180
2024-07-08,29.0,-112.5,630
2024-07-08,29.0,-112.0,720
2024-07-08,29.0,-111.5,630
2024-07-08,29.0,-111.0,2790
2024-07-08,29.0,-110.5,4950
2024-07-08,29.0,-110.0,4500
2024-07-08,29.0,-109.5,3060
2024-07-08,29.0,-109.0,2160
2024-07-08,29.0,-108.5,900
2024-07-08,29.0,-108.0,180
2024-07-08,29.0,-107.5,270
2024-07-08,29.0,-107.0,450
2024-07-08,29.0,-106.5,90
2024-07-08,29.0,-106.0,540
2024-07-08,29.0,-105.5,1080
2024-07-08,29.0,-105.0,360
2024-07-08,29.0,-104.5,180
2024-07-08,29.0,-104.0,90
2024-07-08,29.0,-103.5,2250
2024-07-08,29.0,-103.0,990
2024-07-08,29.0,-102.5,2520
2024-07-08,29.0,-102.0,1080
2024-07-08,29.0,-101.5,1350
2024-07-08,29.0,-101.0,2340
2024-07-08,29.0,-100.5,1170
2024-07-08,29.0,-100.0,450
2024-07-08,29.0,-99.5,360
2024-07-08,29.0,-99.0,360
2024-07-08,29.0,-98.5,1080
2024-07-08,29.0,-98.0,1080
2024-07-08,29.0,-97.5,2880
2024-07-08,29.0,-97.0,720
2024-07-08,29.0,-96.5,1170
2024-07-08,29.0,-96.0,1980
2024-07-08,29.0,-95.5,3870
2024-07-08,29.0,-95.0,990
2024-07-08,29.0,-94.5,270
2024-07-08,29.0,-94.0,360
2024-07-08,29.0,-93.5,180
2024-07-08,29.0,-93.0,180
2024-07-08,29.0,-92.5,180
2024-07-08,29.0,-92.0,180
2024-07-08,29.0,-91.5,2070
2024-07-08,29.0,-91.0,1530
2024-07-08,29.0,-90.5,450
2024-07-08,29.0,-90.0,1080
2024-07-08,29.0,-89.5,720
2024-07-08,29.0,-89.0,900
2024-07-08,29.0,-88.5,2070
2024-07-08,29.0,-88.0,720
2024-07-08,29.0,-87.5,270
2024-07-08,29.0,-87.0,180
2024-07-08,29.0,-86.5,90
2024-07-08,29.0,-85.5,90
2024-07-08,29.0,-85.0,180
2024-07-08,29.0,-84.5,90
2024-07-08,29.0,-84.0,180
2024-07-08,29.0,-83.5,270
2024-07-08,29.0,-83.0,720
2024-07-08,29.0,-82.5,2430
2024-07-08,29.0,-82.0,2160
2024-07-08,29.0,-81.5,3420
2024-07-08,29.0,-81.0,90
2024-07-08,29.0,-80.0,360
2024-07-08,29.0,-79.5,2340
2024-07-08,29.0,-79.0,2880
2024-07-08,29.0,-78.5,1800
2024-07-08,29.0,-78.0,450
2024-07-08,29.0,-77.5,990
2024-07-08,29.0,-77.0,450
2024-07-08,29.0,-76.0,180
2024-07-08,29.0,-74.5,270
2024-07-08,29.0,-74.0,270
2024-07-08,29.0,-73.5,360
2024-07-08,29.0,-73.0,180
2024-07-08,29.0,-72.5,90
2024-07-08,29.0,-72.0,630
2024-07-08,29.0,-71.5,270
2024-07-08,29.0,-71.0,270
2024-07-08,29.0,-69.5,90
2024-07-08,29.0,-68.0,90
2024-07-08,29.5,-112.0,450
2024-07-08,29.5,-111.5,1440
2024-07-08,29.5,-111.0,1800
2024-07-08,29.5,-110.5,1260
2024-07-08,29.5,-110.0,2520
2024-07-08,29.5,-109.5,1620
2024-07-08,29.5,-109.0,1170
2024-07-08,29.5,-108.5,1620
2024-07-08,29.5,-108.0,180
2024-07-08,29.5,-107.5,180
2024-07-08,29.5,-107.0,180
2024-07-08,29.5,-106.5,90
2024-07-08,29.5,-106.0,360
2024-07-08,29.5,-105.5,180
2024-07-08,29.5,-104.5,360
2024-07-08,29.5,-104.0,360
2024-07-08,29.5,-103.5,1080
2024-07-08,29.5,-103.0,1800
2024-07-08,29.5,-102.5,2070
2024-07-08,29.5,-101.5,360
2024-07-08,29.5,-101.0,1260
2024-07-08,29.5,-100.5,1710
2024-07-08,29.5,-100.0,1620
2024-07-08,29.5,-99.5,630
2024-07-08,29.5,-99.0,1260
2024-07-08,29.5,-98.5,1350
2024-07-08,29.5,-98.0,180
2024-07-08,29.5,-97.5,270
2024-07-08,29.5,-97.0,90
2024-07-08,29.5,-96.5,450
2024-07-08,29.5,-96.0,1620
2024-07-08,29.5,-95.5,4230
2024-07-08,29.5,-95.0,2610
2024-07-08,29.5,-94.5,720
2024-07-08,29.5,-94.0,1440
2024-07-08,29.5,-93.5,1620
2024-07-08,29.5,-93.0,1800
2024-07-08,29.5,-92.5,1350
2024-07-08,29.5,-92.0,900
2024-07-08,29.5,-91.5,4050
2024-07-08,29.5,-91.0,810
2024-07-08,29.5,-90.5,540
2024-07-08,29.5,-90.0,2070
2024-07-08,29.5,-89.5,1080
2024-07-08,29.5,-89.0,450
2024-07-08,29.5,-88.5,3330
2024-07-08,29.5,-88.0,1620
2024-07-08,29.5,-87.5,900
2024-07-08,29.5,-87.0,270
2024-07-08,29.5,-86.5,270
2024-07-08,29.5,-86.0,90
2024-07-08,29.5,-85.5,270
2024-07-08,29.5,-85.0,180
2024-07-08,29.5,-84.0,90
2024-07-08,29.5,-83.5,360
2024-07-08,29.5,-83.0,1620
2024-07-08,29.5,-82.5,2160
2024-07-08,29.5,-82.0,4860
2024-07-08,29.5,-81.5,1710
2024-07-08,29.5,-80.5,90
2024-07-08,29.5,-79.5,1260
2024-07-08,29.5,-79.0,990
2024-07-08,29.5,-78.5,2070
2024-07-08,29.5,-78.0,360
2024-07-08,29.5,-77.5,810
2024-07-08,29.5,-77.0,180
2024-07-08,29.5,-75.0,270
2024-07-08,29.5,-74.5,450
2024-07-08,29.5,-74.0,180
2024-07-08,29.5,-73.5,270
2024-07-08,29.5,-73.0,630
2024-07-08,29.5,-72.5,1350
2024-07-08,29.5,-72.0,450
2024-07-08,29.5,-71.5,1440
2024-07-08,29.5,-71.0,540
2024-07-08,29.5,-70.5,450
2024-07-08,29.5,-67.5,90
2024-07-08,30.0,-112.5,720
2024-07-08,30.0,-112.0,990
2024-07-08,30.0,-111.5,1350
2024-07-08,30.0,-111.0,720
2024-07-08,30.0,-110.5,540
2024-07-08,30.0,-110.0,1440
2024-07-08,30.0,-109.5,3060
2024-07-08,30.0,-109.0,1260
2024-07-08,30.0,-108.5,900
2024-07-08,30.0,-108.0,270
2024-07-08,30.0,-107.5,180
2024-07-08,30.0,-107.0,180
2024-07-08,30.0,-106.5,810
2024-07-08,30.0,-106.0,270
2024-07-08,30.0,-105.5,90
2024-07-08,30.0,-105.0,1080
2024-07-08,30.0,-104.5,1080
2024-07-08,30.0,-104.0,900
2024-07-08,30.0,-103.5,360
2024-07-08,30.0,-103.0,2160
2024-07-08,30.0,-102.5,1170
2024-07-08,30.0,-102.0,360
2024-07-08,30.0,-101.5,450
2024-07-08,30.0,-101.0,990
2024-07-08,30.0,-100.5,1170
2024-07-08,30.0,-100.0,900
2024-07-08,30.0,-99.5,540
2024-07-08,30.0,-99.0,990
2024-07-08,30.0,-98.5,270
2024-07-08,30.0,-98.0,630
2024-07-08,30.0,-97.5,900
2024-07-08,30.0,-97.0,990
2024-07-08,30.0,-96.0,180
2024-07-08,30.0,-95.5,1260
2024-07-08,30.0,-95.0,1350
2024-07-08,30.0,-94.5,720
2024-07-08,30.0,-94.0,3060
2024-07-08,30.0,-93.5,2880
2024-07-08,30.0,-93.0,1350
2024-07-08,30.0,-92.5,1170
2024-07-08,30.0,-92.0,900
2024-07-08,30.0,-91.5,2070
2024-07-08,30.0,-91.0,360
2024-07-08,30.0,-90.5,270
2024-07-08,30.0,-90.0,540
2024-07-08,30.0,-89.5,1350
2024-07-08,30.0,-89.0,990
2024-07-08,30.0,-88.5,1890
2024-07-08,30.0,-88.0,1980
2024-07-08,30.0,-87.5,1980
2024-07-08,30.0,-85.5,1440
2024-07-08,30.0,-85.0,2070
2024-07-08,30.0,-84.5,540
2024-07-08,30.0,-84.0,180
2024-07-08,30.0,-83.5,630
2024-07-08,30.0,-83.0,1260
2024-07-08,30.0,-82.5,720
2024-07-08,30.0,-82.0,2520
2024-07-08,30.0,-81.5,1260
2024-07-08,30.0,-80.0,450
2024-07-08,30.0,-79.5,540
2024-07-08,30.0,-79.0,1530
2024-07-08,30.0,-78.5,450
2024-07-08,30.0,-78.0,90
2024-07-08,30.0,-77.5,360
2024-07-08,30.0,-76.5,180
2024-07-08,30.0,-75.5,450
2024-07-08,30.0,-75.0,90
2024-07-08,30.0,-74.5,180
2024-07-08,30.0,-74.0,90
2024-07-08,30.0,-73.5,990
2024-07-08,30.0,-72.5,2250
2024-07-08,30.0,-72.0,900
2024-07-08,30.0,-71.5,1170
2024-07-08,30.0,-71.0,630
2024-07-08,30.0,-70.5,180
2024-07-08,30.0,-70.0,90
2024-07-08,30.5,-115.5,90
2024-07-08,30.5,-113.0,360
2024-07-08,30.5,-112.5,630
2024-07-08,30.5,-112.0,2070
2024-07-08,30.5,-111.5,3240
2024-07-08,30.5,-111.0,1890
2024-07-08,30.5,-110.5,1980
2024-07-08,30.5,-110.0,270
2024-07-08,30.5,-109.5,270
2024-07-08,30.5,-109.0,1260
2024-07-08,30.5,-108.5,360
2024-07-08,30.5,-107.5,90
2024-07-08,30.5,-107.0,90
2024-07-08,30.5,-106.5,270
2024-07-08,30.5,-106.0,270
2024-07-08,30.5,-105.0,360
2024-07-08,30.5,-104.5,810
2024-07-08,30.5,-104.0,1080
2024-07-08,30.5,-103.5,180
2024-07-08,30.5,-103.0,360
2024-07-08,30.5,-102.5,630
2024-07-08,30.5,-102.0,360
2024-07-08,30.5,-101.5,720
2024-07-08,30.5,-101.0,1440
2024-07-08,30.5,-100.5,270
2024-07-08,30.5,-100.0,360
2024-07-08,30.5,-99.5,450
2024-07-08,30.5,-99.0,90
2024-07-08,30.5,-98.5,90
2024-07-08,30.5,-98.0,270
2024-07-08,30.5,-97.0,630
2024-07-08,30.5,-96.5,720
2024-07-08,30.5,-96.0,180
2024-07-08,30.5,-95.5,90
2024-07-08,30.5,-95.0,540
2024-07-08,30.5,-94.5,720
2024-07-08,30.5,-94.0,180
2024-07-08,30.5,-93.5,1260
2024-07-08,30.5,-93.0,2880
2024-07-08,30.5,-92.5,450
2024-07-08,30.5,-92.0,1170
2024-07-08,30.5,-91.5,360
2024-07-08,30.5,-91.0,900
2024-07-08,30.5,-90.5,900
2024-07-08,30.5,-90.0,540
2024-07-08,30.5,-89.5,6480
2024-07-08,30.5,-89.0,3510
2024-07-08,30.5,-88.5,630
2024-07-08,30.5,-88.0,720
2024-07-08,30.5,-87.5,1080
2024-07-08,30.5,-87.0,630
2024-07-08,30.5,-86.5,540
2024-07-08,30.5,-86.0,810
2024-07-08,30.5,-85.5,810
2024-07-08,30.5,-85.0,990
2024-07-08,30.5,-84.5,360
2024-07-08,30.5,-84.0,900
2024-07-08,30.5,-83.5,1440
2024-07-08,30.5,-83.0,720
2024-07-08,30.5,-82.5,450
2024-07-08,30.5,-82.0,2340
2024-07-08,30.5,-81.5,180
2024-07-08,30.5,-79.5,270
2024-07-08,30.5,-79.0,180
2024-07-08,30.5,-77.5,270
2024-07-08,30.5,-77.0,180
2024-07-08,30.5,-76.5,180
2024-07-08,30.5,-76.0,180
2024-07-08,30.5,-75.5,90
2024-07-08,30.5,-75.0,180
2024-07-08,30.5,-74.0,90
2024-07-08,30.5,-73.5,450
2024-07-08,30.5,-73.0,180
2024-07-08,30.5,-72.0,1080
2024-07-08,30.5,-71.5,180
2024-07-08,30.5,-71.0,270
2024-07-08,30.5,-70.0,90
2024-07-08,31.0,-118.5,180
2024-07-08,31.0,-118.0,90
2024-07-08,31.0,-116.0,360
2024-07-08,31.0,-113.0,90
2024-07-08,31.0,-112.5,1170
2024-07-08,31.0,-112.0,3150
2024-07-08,31.0,-111.5,3960
2024-07-08,31.0,-111.0,1530
2024-07-08,31.0,-110.5,990
2024-07-08,31.0,-110.0,540
2024-07-08,31.0,-109.5,180
2024-07-08,31.0,-109.0,450
2024-07-08,31.0,-107.0,540
2024-07-08,31.0,-106.5,90
2024-07-08,31.0,-102.5,90
2024-07-08,31.0,-102.0,450
2024-07-08,31.0,-101.5,180
2024-07-08,31.0,-99.0,90
2024-07-08,31.0,-97.5,90
2024-07-08,31.0,-97.0,630
2024-07-08,31.0,-96.5,810
2024-07-08,31.0,-96.0,1620
2024-07-08,31.0,-95.5,90
2024-07-08,31.0,-95.0,900
2024-07-08,31.0,-94.5,270
2024-07-08,31.0,-94.0,1800
2024-07-08,31.0,-93.5,1260
2024-07-08,31.0,-93.0,3060
2024-07-08,31.0,-92.5,1080
2024-07-08,31.0,-92.0,810
2024-07-08,31.0,-91.5,1890
2024-07-08,31.0,-91.0,720
2024-07-08,31.0,-90.5,3420
2024-07-08,31.0,-90.0,1260
2024-07-08,31.0,-89.5,2610
2024-07-08,31.0,-89.0,6210
2024-07-08,31.0,-88.5,3600
2024-07-08,31.0,-88.0,2790
2024-07-08,31.0,-87.5,1530
2024-07-08,31.0,-87.0,720
2024-07-08,31.0,-86.0,270
2024-07-08,31.0,-85.5,180
2024-07-08,31.0,-85.0,1080
2024-07-08,31.0,-84.5,180
2024-07-08,31.0,-84.0,720
2024-07-08,31.0,-83.5,810
2024-07-08,31.0,-83.0,90
2024-07-08,31.0,-82.5,900
2024-07-08,31.0,-82.0,2790
2024-07-08,31.0,-81.5,1620
2024-07-08,31.0,-81.0,90
2024-07-08,31.0,-79.5,720
2024-07-08,31.0,-79.0,720
2024-07-08,31.0,-78.5,180
2024-07-08,31.0,-78.0,180
2024-07-08,31.0,-76.5,180
2024-07-08,31.0,-76.0,180
2024-07-08,31.0,-74.5,270
2024-07-08,31.0,-74.0,90
2024-07-08,31.0,-73.5,180
2024-07-08,31.0,-68.0,360
2024-07-08,31.5,-119.0,90
2024-07-08,31.5,-118.5,360
2024-07-08,31.5,-116.0,360
2024-07-08,31.5,-114.0,180
2024-07-08,31.5,-113.0,990
2024-07-08,31.5,-112.5,1710
2024-07-08,31.5,-112.0,2340
2024-07-08,31.5,-111.5,1530
2024-07-08,31.5,-111.0,630
2024-07-08,31.5,-110.5,1080
2024-07-08,31.5,-110.0,540
2024-07-08,31.5,-109.5,360
2024-07-08,31.5,-109.0,90
2024-07-08,31.5,-108.5,360
2024-07-08,31.5,-108.0,90
2024-07-08,31.5,-107.5,720
2024-07-08,31.5,-107.0,450
2024-07-08,31.5,-106.5,630
2024-07-08,31.5,-106.0,630
2024-07-08,31.5,-105.5,90
2024-07-08,31.5,-105.0,90
2024-07-08,31.5,-104.0,90
2024-07-08,31.5,-102.5,450
2024-07-08,31.5,-101.0,90
2024-07-08,31.5,-100.5,720
2024-07-08,31.5,-98.0,360
2024-07-08,31.5,-97.5,90
2024-07-08,31.5,-97.0,90
2024-07-08,31.5,-96.5,180
2024-07-08,31.5,-96.0,450
2024-07-08,31.5,-95.5,180
2024-07-08,31.5,-94.0,900
2024-07-08,31.5,-93.5,450
2024-07-08,31.5,-93.0,630
2024-07-08,31.5,-92.5,1170
2024-07-08,31.5,-92.0,180
2024-07-08,31.5,-90.5,990
2024-07-08,31.5,-90.0,2700
2024-07-08,31.5,-89.5,1170
2024-07-08,31.5,-89.0,90
2024-07-08,31.5,-88.5,3330
2024-07-08,31.5,-88.0,1710
2024-07-08,31.5,-87.5,720
2024-07-08,31.5,-87.0,270
2024-07-08,31.5,-86.5,360
2024-07-08,31.5,-86.0,270
2024-07-08,31.5,-85.5,810
2024-07-08,31.5,-85.0,810
2024-07-08,31.5,-84.5,180
2024-07-08,31.5,-84.0,1080
2024-07-08,31.5,-83.5,990
2024-07-08,31.5,-83.0,540
2024-07-08,31.5,-82.5,540
2024-07-08,31.5,-82.0,1530
2024-07-08,31.5,-81.5,5490
2024-07-08,31.5,-80.5,90
2024-07-08,31.5,-80.0,90
2024-07-08,31.5,-79.5,360
2024-07-08,31.5,-79.0,2700
2024-07-08,31.5,-78.5,1080
2024-07-08,31.5,-78.0,180
2024-07-08,31.5,-75.5,90
2024-07-08,31.5,-75.0,270
2024-07-08,31.5,-74.5,90
2024-07-08,31.5,-74.0,180
2024-07-08,31.5,-73.0,90
2024-07-08,32.0,-116.5,270
2024-07-08,32.0,-115.0,90
2024-07-08,32.0,-114.5,180
2024-07-08,32.0,-114.0,90
2024-07-08,32.0,-113.0,1170
2024-07-08,32.0,-112.5,900
2024-07-08,32.0,-112.0,90
2024-07-08,32.0,-111.5,450
2024-07-08,32.0,-111.0,1260
2024-07-08,32.0,-110.5,990
2024-07-08,32.0,-110.0,360
2024-07-08,32.0,-109.5,270
2024-07-08,32.0,-109.0,180
2024-07-08,32.0,-108.5,360
2024-07-08,32.0,-108.0,360
2024-07-08,32.0,-107.5,720
2024-07-08,32.0,-107.0,360
2024-07-08,32.0,-106.5,630
2024-07-08,32.0,-106.0,810
2024-07-08,32.0,-105.5,450
2024-07-08,32.0,-105.0,720
2024-07-08,32.0,-104.5,90
2024-07-08,32.0,-103.5,630
2024-07-08,32.0,-103.0,1440
2024-07-08,32.0,-102.5,450
2024-07-08,32.0,-102.0,450
2024-07-08,32.0,-101.5,360
2024-07-08,32.0,-101.0,900
2024-07-08,32.0,-100.5,180
2024-07-08,32.0,-98.5,270
2024-07-08,32.0,-98.0,90
2024-07-08,32.0,-97.5,720
2024-07-08,32.0,-97.0,270
2024-07-08,32.0,-96.5,180
2024-07-08,32.0,-95.5,180
2024-07-08,32.0,-94.0,540
2024-07-08,32.0,-93.5,180
2024-07-08,32.0,-93.0,630
2024-07-08,32.0,-92.5,90
2024-07-08,32.0,-92.0,90
2024-07-08,32.0,-91.5,180
2024-07-08,32.0,-90.0,810
2024-07-08,32.0,-89.5,1530
2024-07-08,32.0,-89.0,990
2024-07-08,32.0,-88.5,2610
2024-07-08,32.0,-88.0,1080
2024-07-08,32.0,-87.5,450
2024-07-08,32.0,-87.0,360
2024-07-08,32.0,-86.5,990
2024-07-08,32.0,-86.0,1530
2024-07-08,32.0,-85.5,810
2024-07-08,32.0,-85.0,900
2024-07-08,32.0,-84.5,1170
2024-07-08,32.0,-84.0,2250
2024-07-08,32.0,-83.5,990
2024-07-08,32.0,-83.0,1260
2024-07-08,32.0,-82.0,180
2024-07-08,32.0,-81.5,2520
2024-07-08,32.0,-81.0,2070
2024-07-08,32.0,-80.5,1080
2024-07-08,32.0,-80.0,180
2024-07-08,32.0,-79.5,630
2024-07-08,32.0,-79.0,90
2024-07-08,32.0,-78.5,630
2024-07-08,32.0,-78.0,90
2024-07-08,32.0,-76.0,90
2024-07-08,32.0,-75.0,180
2024-07-08,32.0,-74.5,90
2024-07-08,32.0,-74.0,180
2024-07-08,32.0,-73.5,180
2024-07-08,32.5,-119.0,90
2024-07-08,32.5,-116.5,360
2024-07-08,32.5,-115.5,270
2024-07-08,32.5,-115.0,270
2024-07-08,32.5,-114.5,180
2024-07-08,32.5,-114.0,180
2024-07-08,32.5,-112.5,90
2024-07-08,32.5,-112.0,90
2024-07-08,32.5,-111.5,90
2024-07-08,32.5,-111.0,270
2024-07-08,32.5,-110.5,270
2024-07-08,32.5,-109.5,270
2024-07-08,32.5,-109.0,1620
2024-07-08,32.5,-108.5,1440
2024-07-08,32.5,-108.0,1260
2024-07-08,32.5,-107.5,630
2024-07-08,32.5,-107.0,720
2024-07-08,32.5,-106.5,450
2024-07-08,32.5,-106.0,720
2024-07-08,32.5,-105.5,810
2024-07-08,32.5,-105.0,90
2024-07-08,32.5,-104.0,630
2024-07-08,32.5,-103.5,720
2024-07-08,32.5,-103.0,900
2024-07-08,32.5,-102.5,1710
2024-07-08,32.5,-102.0,720
2024-07-08,32.5,-101.0,720
2024-07-08,32.5,-100.5,180
2024-07-08,32.5,-100.0,90
2024-07-08,32.5,-99.5,270
2024-07-08,32.5,-99.0,2520
2024-07-08,32.5,-98.5,450
2024-07-08,32.5,-96.5,90
2024-07-08,32.5,-94.5,90
2024-07-08,32.5,-93.5,270
2024-07-08,32.5,-93.0,450
2024-07-08,32.5,-92.5,720
2024-07-08,32.5,-92.0,1260
2024-07-08,32.5,-91.0,180
2024-07-08,32.5,-90.5,810
2024-07-08,32.5,-90.0,180
2024-07-08,32.5,-89.5,450
2024-07-08,32.5,-89.0,990
2024-07-08,32.5,-88.5,1080
2024-07-08,32.5,-88.0,630
2024-07-08,32.5,-87.5,630
2024-07-08,32.5,-87.0,2520
2024-07-08,32.5,-86.5,2880
2024-07-08,32.5,-86.0,1260
2024-07-08,32.5,-85.5,1440
2024-07-08,32.5,-85.0,2070
2024-07-08,32.5,-84.5,540
2024-07-08,32.5,-84.0,450
2024-07-08,32.5,-83.5,180
2024-07-08,32.5,-83.0,360
2024-07-08,32.5,-82.5,360
2024-07-08,32.5,-81.5,90
2024-07-08,32.5,-81.0,4500
2024-07-08,32.5,-80.5,2970
2024-07-08,32.5,-80.0,3240
2024-07-08,32.5,-79.5,540
2024-07-08,32.5,-79.0,900
2024-07-08,32.5,-78.5,360
2024-07-08,32.5,-78.0,270
2024-07-08,32.5,-77.5,90
2024-07-08,32.5,-77.0,180
2024-07-08,32.5,-76.0,180
2024-07-08,32.5,-75.5,180
2024-07-08,32.5,-74.5,90
2024-07-08,32.5,-74.0,90
2024-07-08,33.0,-119.0,180
2024-07-08,33.0,-117.0,90
2024-07-08,33.0,-115.5,180
2024-07-08,33.0,-114.5,450
2024-07-08,33.0,-112.0,270
2024-07-08,33.0,-111.5,630
2024-07-08,33.0,-111.0,450
2024-07-08,33.0,-110.5,450
2024-07-08,33.0,-110.0,720
2024-07-08,33.0,-109.5,270
2024-07-08,33.0,-109.0,1530
2024-07-08,33.0,-108.5,1710
2024-07-08,33.0,-108.0,810
2024-07-08,33.0,-107.5,360
2024-07-08,33.0,-107.0,720
2024-07-08,33.0,-106.5,630
2024-07-08,33.0,-106.0,900
2024-07-08,33.0,-105.5,270
2024-07-08,33.0,-104.5,90
2024-07-08,33.0,-104.0,270
2024-07-08,33.0,-103.5,360
2024-07-08,33.0,-103.0,360
2024-07-08,33.0,-102.5,1980
2024-07-08,33.0,-102.0,1620
2024-07-08,33.0,-101.5,1170
2024-07-08,33.0,-101.0,1260
2024-07-08,33.0,-100.5,540
2024-07-08,33.0,-100.0,630
2024-07-08,33.0,-99.5,4590
2024-07-08,33.0,-99.0,900
2024-07-08,33.0,-98.5,180
2024-07-08,33.0,-97.0,90
2024-07-08,33.0,-96.5,270
2024-07-08,33.0,-96.0,90
2024-07-08,33.0,-94.0,630
2024-07-08,33.0,-93.5,360
2024-07-08,33.0,-93.0,180
2024-07-08,33.0,-92.5,180
2024-07-08,33.0,-90.5,90
2024-07-08,33.0,-90.0,270
2024-07-08,33.0,-89.5,270
2024-07-08,33.0,-89.0,720
2024-07-08,33.0,-88.5,270
2024-07-08,33.0,-88.0,990
2024-07-08,33.0,-87.5,1080
2024-07-08,33.0,-87.0,630
2024-07-08,33.0,-86.5,1890
2024-07-08,33.0,-86.0,1080
2024-07-08,33.0,-85.5,810
2024-07-08,33.0,-85.0,1440
2024-07-08,33.0,-84.5,450
2024-07-08,33.0,-84.0,90
2024-07-08,33.0,-83.5,90
2024-07-08,33.0,-83.0,90
2024-07-08,33.0,-82.5,810
2024-07-08,33.0,-82.0,1530
2024-07-08,33.0,-81.5,270
2024-07-08,33.0,-81.0,1350
2024-07-08,33.0,-80.5,1620
2024-07-08,33.0,-80.0,3060
2024-07-08,33.0,-79.5,360
2024-07-08,33.0,-79.0,1080
2024-07-08,33.0,-78.5,360
2024-07-08,33.0,-78.0,90
2024-07-08,33.0,-77.5,180
2024-07-08,33.0,-76.5,720
2024-07-08,33.0,-76.0,540
2024-07-08,33.0,-75.5,720
2024-07-08,33.0,-75.0,180
2024-07-08,33.0,-74.0,90
2024-07-08,33.0,-73.5,90
2024-07-08,33.5,-116.5,90
2024-07-08,33.5,-114.0,180
2024-07-08,33.5,-112.0,360
2024-07-08,33.5,-111.5,1170
2024-07-08,33.5,-111.0,270
2024-07-08,33.5,-110.5,990
2024-07-08,33.5,-110.0,900
2024-07-08,33.5,-109.5,360
2024-07-08,33.5,-109.0,630
2024-07-08,33.5,-108.5,450
2024-07-08,33.5,-108.0,990
2024-07-08,33.5,-107.5,810
2024-07-08,33.5,-107.0,270
2024-07-08,33.5,-106.5,540
2024-07-08,33.5,-106.0,630
2024-07-08,33.5,-105.5,1080
2024-07-08,33.5,-104.5,720
2024-07-08,33.5,-104.0,540
2024-07-08,33.5,-103.5,1080
2024-07-08,33.5,-103.0,1260
2024-07-08,33.5,-102.5,1080
2024-07-08,33.5,-102.0,990
2024-07-08,33.5,-101.5,990
2024-07-08,33.5,-101.0,3240
2024-07-08,33.5,-100.5,2790
2024-07-08,33.5,-100.0,1260
2024-07-08,33.5,-99.5,2250
2024-07-08,33.5,-99.0,360
2024-07-08,33.5,-98.5,1620
2024-07-08,33.5,-98.0,1080
2024-07-08,33.5,-97.5,180
2024-07-08,33.5,-96.0,270
2024-07-08,33.5,-94.0,90
2024-07-08,33.5,-93.5,720
2024-07-08,33.5,-93.0,3600
2024-07-08,33.5,-92.5,900
2024-07-08,33.5,-91.0,270
2024-07-08,33.5,-90.0,90
2024-07-08,33.5,-89.5,90
2024-07-08,33.5,-88.0,90
2024-07-08,33.5,-87.5,810
2024-07-08,33.5,-87.0,900
2024-07-08,33.5,-86.5,1170
2024-07-08,33.5,-86.0,990
2024-07-08,33.5,-85.5,810
2024-07-08,33.5,-85.0,1710
2024-07-08,33.5,-84.5,2880
2024-07-08,33.5,-84.0,810
2024-07-08,33.5,-83.0,180
2024-07-08,33.5,-82.5,540
2024-07-08,33.5,-82.0,1080
2024-07-08,33.5,-81.5,450
2024-07-08,33.5,-81.0,1350
2024-07-08,33.5,-80.5,810
2024-07-08,33.5,-80.0,360
2024-07-08,33.5,-79.5,720
2024-07-08,33.5,-79.0,2160
2024-07-08,33.5,-78.5,630
2024-07-08,33.5,-78.0,630
2024-07-08,33.5,-77.5,180
2024-07-08,33.5,-77.0,180
2024-07-08,33.5,-76.5,270
2024-07-08,33.5,-75.5,630
2024-07-08,33.5,-75.0,360
2024-07-08,33.5,-74.5,180
2024-07-08,34.0,-118.5,90
2024-07-08,34.0,-118.0,90
2024-07-08,34.0,-117.0,90
2024-07-08,34.0,-116.5,360
2024-07-08,34.0,-116.0,630
2024-07-08,34.0,-113.0,450
2024-07-08,34.0,-112.5,540
2024-07-08,34.0,-112.0,900
2024-07-08,34.0,-111.5,720
2024-07-08,34.0,-111.0,1710
2024-07-08,34.0,-110.5,360
2024-07-08,34.0,-110.0,180
2024-07-08,34.0,-109.5,1080
2024-07-08,34.0,-109.0,540
2024-07-08,34.0,-108.5,270
2024-07-08,34.0,-108.0,270
2024-07-08,34.0,-107.5,360
2024-07-08,34.0,-107.0,90
2024-07-08,34.0,-106.5,360
2024-07-08,34.0,-106.0,1260
2024-07-08,34.0,-105.5,450
2024-07-08,34.0,-105.0,90
2024-07-08,34.0,-104.0,1170
2024-07-08,34.0,-103.5,3150
2024-07-08,34.0,-103.0,2070
2024-07-08,34.0,-102.0,180
2024-07-08,34.0,-101.0,450
2024-07-08,34.0,-100.5,3330
2024-07-08,34.0,-100.0,3060
2024-07-08,34.0,-99.5,810
2024-07-08,34.0,-99.0,4140
2024-07-08,34.0,-98.5,4050
2024-07-08,34.0,-98.0,5670
2024-07-08,34.0,-97.5,2160
2024-07-08,34.0,-97.0,360
2024-07-08,34.0,-96.5,270
2024-07-08,34.0,-94.5,90
2024-07-08,34.0,-93.5,1170
2024-07-08,34.0,-93.0,3150
2024-07-08,34.0,-92.5,1170
2024-07-08,34.0,-92.0,1440
2024-07-08,34.0,-91.0,360
2024-07-08,34.0,-90.5,1620
2024-07-08,34.0,-90.0,1080
2024-07-08,34.0,-89.5,360
2024-07-08,34.0,-89.0,1710
2024-07-08,34.0,-88.5,450
2024-07-08,34.0,-87.5,1260
2024-07-08,34.0,-87.0,1620
2024-07-08,34.0,-86.5,1440
2024-07-08,34.0,-86.0,1440
2024-07-08,34.0,-85.5,3960
2024-07-08,34.0,-85.0,3330
2024-07-08,34.0,-84.5,1710
2024-07-08,34.0,-84.0,2520
2024-07-08,34.0,-83.5,90
2024-07-08,34.0,-83.0,180
2024-07-08,34.0,-82.5,90
2024-07-08,34.0,-82.0,450
2024-07-08,34.0,-81.5,990
2024-07-08,34.0,-81.0,720
2024-07-08,34.0,-80.5,540
2024-07-08,34.0,-80.0,450
2024-07-08,34.0,-79.5,540
2024-07-08,34.0,-79.0,1440
2024-07-08,34.0,-78.5,1800
2024-07-08,34.0,-78.0,450
2024-07-08,34.0,-77.5,810
2024-07-08,34.0,-77.0,990
2024-07-08,34.0,-75.0,900
2024-07-08,34.0,-74.5,270
2024-07-08,34.5,-119.5,90
2024-07-08,34.5,-118.0,270
2024-07-08,34.5,-117.5,90
2024-07-08,34.5,-117.0,90
2024-07-08,34.5,-114.0,90
2024-07-08,34.5,-113.5,810
2024-07-08,34.5,-113.0,1530
2024-07-08,34.5,-112.5,810
2024-07-08,34.5,-112.0,450
2024-07-08,34.5,-111.5,1080
2024-07-08,34.5,-111.0,450
2024-07-08,34.5,-110.5,180
2024-07-08,34.5,-110.0,1440
2024-07-08,34.5,-109.5,450
2024-07-08,34.5,-109.0,720
2024-07-08,34.5,-108.5,90
2024-07-08,34.5,-108.0,180
2024-07-08,34.5,-107.5,180
2024-07-08,34.5,-107.0,540
2024-07-08,34.5,-106.5,900
2024-07-08,34.5,-106.0,720
2024-07-08,34.5,-105.5,630
2024-07-08,34.5,-105.0,90
2024-07-08,34.5,-104.5,4320
2024-07-08,34.5,-104.0,2880
2024-07-08,34.5,-103.5,450
2024-07-08,34.5,-103.0,720
2024-07-08,34.5,-102.5,720
2024-07-08,34.5,-102.0,180
2024-07-08,34.5,-101.5,540
2024-07-08,34.5,-101.0,360
2024-07-08,34.5,-100.5,540
2024-07-08,34.5,-100.0,360
2024-07-08,34.5,-99.5,1260
2024-07-08,34.5,-99.0,2610
2024-07-08,34.5,-98.5,360
2024-07-08,34.5,-98.0,1350
2024-07-08,34.5,-97.5,3780
2024-07-08,34.5,-95.5,90
2024-07-08,34.5,-95.0,180
2024-07-08,34.5,-93.5,180
2024-07-08,34.5,-93.0,360
2024-07-08,34.5,-92.5,540
2024-07-08,34.5,-92.0,2070
2024-07-08,34.5,-91.5,90
2024-07-08,34.5,-91.0,1080
2024-07-08,34.5,-90.5,2160
2024-07-08,34.5,-90.0,2610
2024-07-08,34.5,-89.5,2160
2024-07-08,34.5,-89.0,1350
2024-07-08,34.5,-88.5,270
2024-07-08,34.5,-88.0,360
2024-07-08,34.5,-87.5,90
2024-07-08,34.5,-87.0,360
2024-07-08,34.5,-86.5,900
2024-07-08,34.5,-86.0,450
2024-07-08,34.5,-85.5,990
2024-07-08,34.5,-85.0,1350
2024-07-08,34.5,-84.5,1980
2024-07-08,34.5,-84.0,630
2024-07-08,34.5,-83.5,540
2024-07-08,34.5,-82.0,540
2024-07-08,34.5,-81.5,1710
2024-07-08,34.5,-81.0,1260
2024-07-08,34.5,-80.5,630
2024-07-08,34.5,-79.5,180
2024-07-08,34.5,-79.0,810
2024-07-08,34.5,-78.5,1350
2024-07-08,34.5,-78.0,3150
2024-07-08,34.5,-77.5,540
2024-07-08,34.5,-77.0,270
2024-07-08,34.5,-76.5,270
2024-07-08,34.5,-76.0,270
2024-07-08,34.5,-75.5,90
2024-07-08,34.5,-75.0,360
2024-07-08,34.5,-74.5,540
2024-07-08,34.5,-74.0,270
2024-07-08,34.5,-72.5,90
2024-07-08,35.0,-120.0,90
2024-07-08,35.0,-118.5,270
2024-07-08,35.0,-118.0,720
2024-07-08,35.0,-117.5,270
2024-07-08,35.0,-117.0,90
2024-07-08,35.0,-116.5,90
2024-07-08,35.0,-116.0,90
2024-07-08,35.0,-115.5,180
2024-07-08,35.0,-114.0,1260
2024-07-08,35.0,-113.5,1800
2024-07-08,35.0,-113.0,450
2024-07-08,35.0,-112.5,360
2024-07-08,35.0,-112.0,990
2024-07-08,35.0,-111.5,540
2024-07-08,35.0,-111.0,180
2024-07-08,35.0,-110.5,180
2024-07-08,35.0,-110.0,180
2024-07-08,35.0,-109.5,450
2024-07-08,35.0,-109.0,540
2024-07-08,35.0,-108.5,630
2024-07-08,35.0,-108.0,270
2024-07-08,35.0,-107.5,270
2024-07-08,35.0,-107.0,180
2024-07-08,35.0,-106.5,900
2024-07-08,35.0,-106.0,1350
2024-07-08,35.0,-105.5,1440
2024-07-08,35.0,-105.0,2520
2024-07-08,35.0,-104.5,1350
2024-07-08,35.0,-104.0,720
2024-07-08,35.0,-103.5,630
2024-07-08,35.0,-103.0,270
2024-07-08,35.0,-102.5,720
2024-07-08,35.0,-101.5,180
2024-07-08,35.0,-101.0,180
2024-07-08,35.0,-100.5,360
2024-07-08,35.0,-100.0,900
2024-07-08,35.0,-99.5,810
2024-07-08,35.0,-99.0,450
2024-07-08,35.0,-98.5,270
2024-07-08,35.0,-98.0,270
2024-07-08,35.0,-96.0,270
2024-07-08,35.0,-95.5,360
2024-07-08,35.0,-95.0,270
2024-07-08,35.0,-94.5,90
2024-07-08,35.0,-94.0,90
2024-07-08,35.0,-93.0,270
2024-07-08,35.0,-92.5,180
2024-07-08,35.0,-92.0,360
2024-07-08,35.0,-91.5,90
2024-07-08,35.0,-91.0,990
2024-07-08,35.0,-90.5,180
2024-07-08,35.0,-90.0,2070
2024-07-08,35.0,-89.5,1260
2024-07-08,35.0,-89.0,1620
2024-07-08,35.0,-88.5,2880
2024-07-08,35.0,-88.0,360
2024-07-08,35.0,-87.5,270
2024-07-08,35.0,-86.5,90
2024-07-08,35.0,-85.0,2070
2024-07-08,35.0,-84.0,270
2024-07-08,35.0,-83.0,90
2024-07-08,35.0,-81.5,540
2024-07-08,35.0,-80.5,450
2024-07-08,35.0,-80.0,270
2024-07-08,35.0,-79.5,540
2024-07-08,35.0,-79.0,990
2024-07-08,35.0,-78.5,180
2024-07-08,35.0,-78.0,1170
2024-07-08,35.0,-77.5,1620
2024-07-08,35.0,-77.0,1980
2024-07-08,35.0,-76.5,180
2024-07-08,35.0,-76.0,90
2024-07-08,35.0,-75.5,90
2024-07-08,35.0,-75.0,90
2024-07-08,35.0,-74.5,180
2024-07-08,35.0,-74.0,540
2024-07-08,35.5,-119.0,90
2024-07-08,35.5,-118.5,180
2024-07-08,35.5,-118.0,180
2024-07-08,35.5,-117.5,180
2024-07-08,35.5,-117.0,180
2024-07-08,35.5,-116.5,180
2024-07-08,35.5,-116.0,180
2024-07-08,35.5,-115.5,180
2024-07-08,35.5,-115.0,270
2024-07-08,35.5,-114.5,270
2024-07-08,35.5,-114.0,810
2024-07-08,35.5,-113.5,270
2024-07-08,35.5,-113.0,450
2024-07-08,35.5,-112.5,360
2024-07-08,35.5,-112.0,90
2024-07-08,35.5,-110.5,90
2024-07-08,35.5,-110.0,180
2024-07-08,35.5,-108.5,90
2024-07-08,35.5,-108.0,180
2024-07-08,35.5,-107.5,900
2024-07-08,35.5,-107.0,1710
2024-07-08,35.5,-106.5,1800
2024-07-08,35.5,-106.0,1800
2024-07-08,35.5,-105.5,1980
2024-07-08,35.5,-105.0,1800
2024-07-08,35.5,-104.5,1890
2024-07-08,35.5,-104.0,1080
2024-07-08,35.5,-103.5,810
2024-07-08,35.5,-102.5,540
2024-07-08,35.5,-102.0,180
2024-07-08,35.5,-100.5,90
2024-07-08,35.5,-100.0,900
2024-07-08,35.5,-99.5,540
2024-07-08,35.5,-98.0,90
2024-07-08,35.5,-95.5,180
2024-07-08,35.5,-95.0,90
2024-07-08,35.5,-94.5,360
2024-07-08,35.5,-94.0,180
2024-07-08,35.5,-93.5,180
2024-07-08,35.5,-92.5,180
2024-07-08,35.5,-91.5,90
2024-07-08,35.5,-91.0,90
2024-07-08,35.5,-90.5,90
2024-07-08,35.5,-90.0,90
2024-07-08,35.5,-89.5,270
2024-07-08,35.5,-89.0,2250
2024-07-08,35.5,-88.5,990
2024-07-08,35.5,-88.0,540
2024-07-08,35.5,-87.5,180
2024-07-08,35.5,-87.0,90
2024-07-08,35.5,-86.5,90
2024-07-08,35.5,-85.0,90
2024-07-08,35.5,-83.5,90
2024-07-08,35.5,-81.0,360
2024-07-08,35.5,-80.0,270
2024-07-08,35.5,-79.5,540
2024-07-08,35.5,-79.0,990
2024-07-08,35.5,-78.5,720
2024-07-08,35.5,-78.0,990
2024-07-08,35.5,-77.5,1170
2024-07-08,35.5,-77.0,2070
2024-07-08,35.5,-76.5,810
2024-07-08,35.5,-76.0,90
2024-07-08,35.5,-75.5,360
2024-07-08,35.5,-75.0,270
2024-07-08,35.5,-74.5,90
2024-07-08,35.5,-74.0,270
2024-07-08,35.5,-73.5,180
2024-07-08,35.5,-71.5,90
2024-07-08,35.5,-71.0,90
2024-07-08,35.5,-70.5,90
2024-07-08,35.5,-69.0,90
2024-07-08,36.0,-120.0,90
2024-07-08,36.0,-119.0,90
2024-07-08,36.0,-118.5,450
2024-07-08,36.0,-118.0,180
2024-07-08,36.0,-117.5,180
2024-07-08,36.0,-117.0,450
2024-07-08,36.0,-116.0,270
2024-07-08,36.0,-115.5,630
2024-07-08,36.0,-114.5,90
2024-07-08,36.0,-114.0,270
2024-07-08,36.0,-113.5,90
2024-07-08,36.0,-113.0,90
2024-07-08,36.0,-110.5,90
2024-07-08,36.0,-110.0,90
2024-07-08,36.0,-109.5,90
2024-07-08,36.0,-108.0,180
2024-07-08,36.0,-107.5,450
2024-07-08,36.0,-107.0,810
2024-07-08,36.0,-106.5,1170
2024-07-08,36.0,-106.0,810
2024-07-08,36.0,-105.5,2070
2024-07-08,36.0,-105.0,2430
2024-07-08,36.0,-104.5,1350
2024-07-08,36.0,-104.0,2610
2024-07-08,36.0,-103.5,180
2024-07-08,36.0,-103.0,180
2024-07-08,36.0,-100.5,180
2024-07-08,36.0,-100.0,720
2024-07-08,36.0,-97.5,270
2024-07-08,36.0,-96.0,270
2024-07-08,36.0,-95.5,990
2024-07-08,36.0,-95.0,1260
2024-07-08,36.0,-94.5,180
2024-07-08,36.0,-94.0,90
2024-07-08,36.0,-93.5,1620
2024-07-08,36.0,-93.0,720
2024-07-08,36.0,-92.5,450
2024-07-08,36.0,-92.0,90
2024-07-08,36.0,-91.5,360
2024-07-08,36.0,-91.0,180
2024-07-08,36.0,-90.5,270
2024-07-08,36.0,-90.0,270
2024-07-08,36.0,-89.5,90
2024-07-08,36.0,-89.0,270
2024-07-08,36.0,-88.5,180
2024-07-08,36.0,-88.0,270
2024-07-08,36.0,-87.5,180
2024-07-08,36.0,-86.0,90
2024-07-08,36.0,-84.5,360
2024-07-08,36.0,-82.5,90
2024-07-08,36.0,-82.0,90
2024-07-08,36.0,-79.0,450
2024-07-08,36.0,-78.5,810
2024-07-08,36.0,-78.0,1260
2024-07-08,36.0,-77.5,1080
2024-07-08,36.0,-77.0,3420
2024-07-08,36.0,-76.5,1080
2024-07-08,36.0,-76.0,540
2024-07-08,36.0,-74.5,180
2024-07-08,36.0,-73.5,90
2024-07-08,36.0,-73.0,180
2024-07-08,36.0,-72.5,90
2024-07-08,36.0,-72.0,90
2024-07-08,36.0,-71.5,360
2024-07-08,36.0,-70.5,90
2024-07-08,36.5,-119.0,180
2024-07-08,36.5,-117.0,180
2024-07-08,36.5,-116.5,90
2024-07-08,36.5,-115.5,270
2024-07-08,36.5,-114.0,180
2024-07-08,36.5,-113.5,270
2024-07-08,36.5,-110.5,90
2024-07-08,36.5,-109.5,180
2024-07-08,36.5,-108.5,90
2024-07-08,36.5,-108.0,270
2024-07-08,36.5,-107.5,990
2024-07-08,36.5,-107.0,810
2024-07-08,36.5,-106.5,990
2024-07-08,36.5,-106.0,900
2024-07-08,36.5,-105.5,1260
2024-07-08,36.5,-105.0,2070
2024-07-08,36.5,-104.5,3330
2024-07-08,36.5,-104.0,1620
2024-07-08,36.5,-103.5,270
2024-07-08,36.5,-103.0,360
2024-07-08,36.5,-102.5,270
2024-07-08,36.5,-102.0,90
2024-07-08,36.5,-101.5,90
2024-07-08,36.5,-99.0,90
2024-07-08,36.5,-98.5,90
2024-07-08,36.5,-97.0,270
2024-07-08,36.5,-95.5,180
2024-07-08,36.5,-95.0,3510
2024-07-08,36.5,-94.5,1350
2024-07-08,36.5,-94.0,810
2024-07-08,36.5,-93.5,720
2024-07-08,36.5,-93.0,90
2024-07-08,36.5,-92.5,90
2024-07-08,36.5,-92.0,270
2024-07-08,36.5,-91.5,450
2024-07-08,36.5,-91.0,720
2024-07-08,36.5,-90.5,1530
2024-07-08,36.5,-90.0,630
2024-07-08,36.5,-89.0,270
2024-07-08,36.5,-88.5,720
2024-07-08,36.5,-88.0,450
2024-07-08,36.5,-87.5,270
2024-07-08,36.5,-86.5,90
2024-07-08,36.5,-86.0,270
2024-07-08,36.5,-85.5,450
2024-07-08,36.5,-85.0,90
2024-07-08,36.5,-84.0,180
2024-07-08,36.5,-83.5,180
2024-07-08,36.5,-82.5,270
2024-07-08,36.5,-82.0,180
2024-07-08,36.5,-81.5,180
2024-07-08,36.5,-80.5,90
2024-07-08,36.5,-79.0,90
2024-07-08,36.5,-78.5,540
2024-07-08,36.5,-78.0,360
2024-07-08,36.5,-77.5,1440
2024-07-08,36.5,-77.0,990
2024-07-08,36.5,-76.5,1440
2024-07-08,36.5,-76.0,630
2024-07-08,36.5,-74.5,180
2024-07-08,36.5,-72.0,180
2024-07-08,36.5,-71.0,270
2024-07-08,36.5,-70.5,1170
2024-07-08,36.5,-70.0,90
2024-07-08,37.0,-120.0,180
2024-07-08,37.0,-119.5,360
2024-07-08,37.0,-119.0,270
2024-07-08,37.0,-118.5,90
2024-07-08,37.0,-116.0,180
2024-07-08,37.0,-115.0,90
2024-07-08,37.0,-114.0,90
2024-07-08,37.0,-113.5,450
2024-07-08,37.0,-113.0,90
2024-07-08,37.0,-112.5,90
2024-07-08,37.0,-109.5,90
2024-07-08,37.0,-109.0,270
2024-07-08,37.0,-108.5,630
2024-07-08,37.0,-108.0,360
2024-07-08,37.0,-107.5,1350
2024-07-08,37.0,-107.0,1440
2024-07-08,37.0,-106.5,270
2024-07-08,37.0,-106.0,450
2024-07-08,37.0,-105.5,720
2024-07-08,37.0,-105.0,2160
2024-07-08,37.0,-104.5,450
2024-07-08,37.0,-104.0,990
2024-07-08,37.0,-103.5,1260
2024-07-08,37.0,-102.5,180
2024-07-08,37.0,-99.0,90
2024-07-08,37.0,-98.5,180
2024-07-08,37.0,-98.0,90
2024-07-08,37.0,-97.5,90
2024-07-08,37.0,-96.5,540
2024-07-08,37.0,-96.0,90
2024-07-08,37.0,-95.5,450
2024-07-08,37.0,-95.0,6030
2024-07-08,37.0,-94.5,900
2024-07-08,37.0,-94.0,1800
2024-07-08,37.0,-93.5,1530
2024-07-08,37.0,-93.0,630
2024-07-08,37.0,-92.5,1170
2024-07-08,37.0,-92.0,450
2024-07-08,37.0,-91.5,990
2024-07-08,37.0,-91.0,1440
2024-07-08,37.0,-90.5,810
2024-07-08,37.0,-90.0,90
2024-07-08,37.0,-89.5,540
2024-07-08,37.0,-89.0,3510
2024-07-08,37.0,-88.5,450
2024-07-08,37.0,-88.0,1080
2024-07-08,37.0,-87.5,360
2024-07-08,37.0,-87.0,450
2024-07-08,37.0,-86.5,360
2024-07-08,37.0,-85.5,270
2024-07-08,37.0,-85.0,90
2024-07-08,37.0,-84.5,90
2024-07-08,37.0,-83.0,360
2024-07-08,37.0,-82.5,90
2024-07-08,37.0,-81.5,90
2024-07-08,37.0,-79.5,90
2024-07-08,37.0,-79.0,540
2024-07-08,37.0,-78.5,1620
2024-07-08,37.0,-78.0,270
2024-07-08,37.0,-77.5,630
2024-07-08,37.0,-77.0,540
2024-07-08,37.0,-76.5,2250
2024-07-08,37.0,-76.0,270
2024-07-08,37.0,-73.0,90
2024-07-08,37.0,-72.0,990
2024-07-08,37.0,-71.5,360
2024-07-08,37.0,-70.5,90
2024-07-08,37.0,-70.0,90
2024-07-08,37.5,-120.0,720
2024-07-08,37.5,-119.5,540
2024-07-08,37.5,-116.5,90
2024-07-08,37.5,-116.0,180
2024-07-08,37.5,-115.5,270
2024-07-08,37.5,-115.0,360
2024-07-08,37.5,-114.5,270
2024-07-08,37.5,-114.0,360
2024-07-08,37.5,-113.5,360
2024-07-08,37.5,-113.0,90
2024-07-08,37.5,-112.5,180
2024-07-08,37.5,-110.5,180
2024-07-08,37.5,-110.0,360
2024-07-08,37.5,-109.0,270
2024-07-08,37.5,-108.5,450
2024-07-08,37.5,-108.0,270
2024-07-08,37.5,-107.0,360
2024-07-08,37.5,-106.5,360
2024-07-08,37.5,-106.0,180
2024-07-08,37.5,-105.5,180
2024-07-08,37.5,-105.0,1530
2024-07-08,37.5,-104.5,270
2024-07-08,37.5,-104.0,1530
2024-07-08,37.5,-103.5,360
2024-07-08,37.5,-103.0,270
2024-07-08,37.5,-102.5,1080
2024-07-08,37.5,-102.0,720
2024-07-08,37.5,-99.0,270
2024-07-08,37.5,-98.5,630
2024-07-08,37.5,-98.0,90
2024-07-08,37.5,-97.5,630
2024-07-08,37.5,-97.0,1350
2024-07-08,37.5,-96.5,180
2024-07-08,37.5,-96.0,360
2024-07-08,37.5,-95.5,3150
2024-07-08,37.5,-95.0,900
2024-07-08,37.5,-94.5,540
2024-07-08,37.5,-94.0,1170
2024-07-08,37.5,-93.5,540
2024-07-08,37.5,-93.0,2970
2024-07-08,37.5,-92.5,8100
2024-07-08,37.5,-92.0,1080
2024-07-08,37.5,-91.5,1530
2024-07-08,37.5,-91.0,180
2024-07-08,37.5,-90.5,1170
2024-07-08,37.5,-90.0,1170
2024-07-08,37.5,-89.5,4410
2024-07-08,37.5,-89.0,2610
2024-07-08,37.5,-88.5,1170
2024-07-08,37.5,-88.0,1080
2024-07-08,37.5,-87.5,270
2024-07-08,37.5,-87.0,1350
2024-07-08,37.5,-86.5,1350
2024-07-08,37.5,-86.0,270
2024-07-08,37.5,-85.5,630
2024-07-08,37.5,-84.0,90
2024-07-08,37.5,-82.5,540
2024-07-08,37.5,-81.0,90
2024-07-08,37.5,-79.0,1170
2024-07-08,37.5,-78.5,1350
2024-07-08,37.5,-78.0,900
2024-07-08,37.5,-77.5,360
2024-07-08,37.5,-77.0,270
2024-07-08,37.5,-76.5,1710
2024-07-08,37.5,-76.0,90
2024-07-08,37.5,-72.5,90
2024-07-08,37.5,-72.0,180
2024-07-08,37.5,-71.5,270
2024-07-08,37.5,-71.0,630
2024-07-08,37.5,-68.5,90
2024-07-08,38.0,-120.5,90
2024-07-08,38.0,-120.0,450
2024-07-08,38.0,-119.5,180
2024-07-08,38.0,-119.0,90
2024-07-08,38.0,-118.5,90
2024-07-08,38.0,-116.5,90
2024-07-08,38.0,-115.5,360
2024-07-08,38.0,-115.0,270
2024-07-08,38.0,-114.0,180
2024-07-08,38.0,-109.0,90
2024-07-08,38.0,-108.0,180
2024-07-08,38.0,-107.5,270
2024-07-08,38.0,-107.0,360
2024-07-08,38.0,-106.5,360
2024-07-08,38.0,-106.0,90
2024-07-08,38.0,-105.5,180
2024-07-08,38.0,-105.0,1350
2024-07-08,38.0,-104.5,1890
2024-07-08,38.0,-104.0,1350
2024-07-08,38.0,-103.5,720
2024-07-08,38.0,-103.0,1350
2024-07-08,38.0,-102.5,90
2024-07-08,38.0,-100.0,180
2024-07-08,38.0,-99.5,630
2024-07-08,38.0,-98.5,90
2024-07-08,38.0,-98.0,360
2024-07-08,38.0,-97.5,1620
2024-07-08,38.0,-97.0,1080
2024-07-08,38.0,-96.5,450
2024-07-08,38.0,-96.0,540
2024-07-08,38.0,-95.5,4140
2024-07-08,38.0,-95.0,450
2024-07-08,38.0,-94.5,2610
2024-07-08,38.0,-94.0,3420
2024-07-08,38.0,-93.5,360
2024-07-08,38.0,-93.0,3060
2024-07-08,38.0,-92.5,2160
2024-07-08,38.0,-92.0,1170
2024-07-08,38.0,-91.5,540
2024-07-08,38.0,-91.0,900
2024-07-08,38.0,-90.5,450
2024-07-08,38.0,-90.0,1260
2024-07-08,38.0,-89.5,2790
2024-07-08,38.0,-89.0,720
2024-07-08,38.0,-88.5,810
2024-07-08,38.0,-88.0,1260
2024-07-08,38.0,-87.5,270
2024-07-08,38.0,-87.0,900
2024-07-08,38.0,-86.5,360
2024-07-08,38.0,-86.0,270
2024-07-08,38.0,-85.5,90
2024-07-08,38.0,-83.5,90
2024-07-08,38.0,-78.5,720
2024-07-08,38.0,-78.0,630
2024-07-08,38.0,-77.5,270
2024-07-08,38.0,-77.0,180
2024-07-08,38.0,-76.5,1350
2024-07-08,38.0,-76.0,1080
2024-07-08,38.0,-75.5,180
2024-07-08,38.0,-72.5,90
2024-07-08,38.0,-72.0,180
2024-07-08,38.0,-71.5,360
2024-07-08,38.0,-71.0,180
2024-07-08,38.0,-70.0,180
2024-07-08,38.0,-68.5,90
2024-07-08,38.5,-120.5,360
2024-07-08,38.5,-120.0,180
2024-07-08,38.5,-119.5,90
2024-07-08,38.5,-118.5,360
2024-07-08,38.5,-117.5,90
2024-07-08,38.5,-113.0,90
2024-07-08,38.5,-112.0,270
2024-07-08,38.5,-109.0,90
2024-07-08,38.5,-108.5,90
2024-07-08,38.5,-107.5,180
2024-07-08,38.5,-107.0,360
2024-07-08,38.5,-106.5,270
2024-07-08,38.5,-106.0,90
2024-07-08,38.5,-105.5,180
2024-07-08,38.5,-105.0,360
2024-07-08,38.5,-104.5,2070
2024-07-08,38.5,-104.0,360
2024-07-08,38.5,-103.5,990
2024-07-08,38.5,-103.0,630
2024-07-08,38.5,-102.5,450
2024-07-08,38.5,-102.0,180
2024-07-08,38.5,-101.0,180
2024-07-08,38.5,-99.5,1080
2024-07-08,38.5,-99.0,630
2024-07-08,38.5,-98.5,540
2024-07-08,38.5,-98.0,90
2024-07-08,38.5,-97.5,1260
2024-07-08,38.5,-97.0,180
2024-07-08,38.5,-96.5,720
2024-07-08,38.5,-96.0,450
2024-07-08,38.5,-95.5,1530
2024-07-08,38.5,-95.0,540
2024-07-08,38.5,-94.5,720
2024-07-08,38.5,-94.0,2070
2024-07-08,38.5,-93.5,3690
2024-07-08,38.5,-93.0,1800
2024-07-08,38.5,-92.5,720
2024-07-08,38.5,-92.0,1350
2024-07-08,38.5,-91.5,990
2024-07-08,38.5,-91.0,990
2024-07-08,38.5,-90.5,990
2024-07-08,38.5,-90.0,990
2024-07-08,38.5,-89.5,180
2024-07-08,38.5,-89.0,450
2024-07-08,38.5,-88.5,630
2024-07-08,38.5,-87.5,720
2024-07-08,38.5,-87.0,180
2024-07-08,38.5,-86.5,90
2024-07-08,38.5,-85.5,90
2024-07-08,38.5,-85.0,540
2024-07-08,38.5,-84.5,180
2024-07-08,38.5,-84.0,90
2024-07-08,38.5,-83.5,90
2024-07-08,38.5,-83.0,90
2024-07-08,38.5,-82.5,180
2024-07-08,38.5,-81.5,180
2024-07-08,38.5,-79.0,90
2024-07-08,38.5,-78.5,90
2024-07-08,38.5,-78.0,3150
2024-07-08,38.5,-77.5,1440
2024-07-08,38.5,-77.0,720
2024-07-08,38.5,-76.5,1710
2024-07-08,38.5,-76.0,450
2024-07-08,38.5,-75.5,450
2024-07-08,38.5,-75.0,90
2024-07-08,38.5,-71.0,90
2024-07-08,38.5,-70.5,90
2024-07-08,38.5,-70.0,90
2024-07-08,39.0,-120.5,90
2024-07-08,39.0,-120.0,90
2024-07-08,39.0,-118.5,360
2024-07-08,39.0,-115.5,270
2024-07-08,39.0,-115.0,90
2024-07-08,39.0,-111.5,90
2024-07-08,39.0,-109.5,90
2024-07-08,39.0,-108.0,90
2024-07-08,39.0,-107.5,90
2024-07-08,39.0,-107.0,180
2024-07-08,39.0,-106.5,180
2024-07-08,39.0,-106.0,180
2024-07-08,39.0,-104.5,360
2024-07-08,39.0,-103.0,360
2024-07-08,39.0,-102.5,450
2024-07-08,39.0,-102.0,450
2024-07-08,39.0,-101.5,90
2024-07-08,39.0,-100.0,90
2024-07-08,39.0,-99.5,630
2024-07-08,39.0,-99.0,1440
2024-07-08,39.0,-98.5,270
2024-07-08,39.0,-98.0,90
2024-07-08,39.0,-97.0,270
2024-07-08,39.0,-96.5,270
2024-07-08,39.0,-95.5,1710
2024-07-08,39.0,-95.0,3600
2024-07-08,39.0,-94.5,1170
2024-07-08,39.0,-94.0,900
2024-07-08,39.0,-93.5,1530
2024-07-08,39.0,-93.0,2250
2024-07-08,39.0,-92.5,900
2024-07-08,39.0,-92.0,180
2024-07-08,39.0,-91.5,180
2024-07-08,39.0,-91.0,270
2024-07-08,39.0,-90.5,90
2024-07-08,39.0,-90.0,360
2024-07-08,39.0,-89.0,630
2024-07-08,39.0,-88.5,360
2024-07-08,39.0,-88.0,180
2024-07-08,39.0,-87.0,180
2024-07-08,39.0,-86.5,270
2024-07-08,39.0,-86.0,720
2024-07-08,39.0,-85.5,4140
2024-07-08,39.0,-85.0,1350
2024-07-08,39.0,-84.5,270
2024-07-08,39.0,-84.0,270
2024-07-08,39.0,-83.0,360
2024-07-08,39.0,-82.5,270
2024-07-08,39.0,-78.5,90
2024-07-08,39.0,-78.0,90
2024-07-08,39.0,-77.5,720
2024-07-08,39.0,-77.0,90
2024-07-08,39.0,-76.5,720
2024-07-08,39.0,-76.0,810
2024-07-08,39.0,-75.5,180
2024-07-08,39.5,-123.0,90
2024-07-08,39.5,-120.0,90
2024-07-08,39.5,-118.5,90
2024-07-08,39.5,-117.5,360
2024-07-08,39.5,-115.5,90
2024-07-08,39.5,-115.0,180
2024-07-08,39.5,-112.0,90
2024-07-08,39.5,-111.0,180
2024-07-08,39.5,-108.0,90
2024-07-08,39.5,-107.5,270
2024-07-08,39.5,-106.0,90
2024-07-08,39.5,-104.0,90
2024-07-08,39.5,-103.5,90
2024-07-08,39.5,-102.5,990
2024-07-08,39.5,-102.0,450
2024-07-08,39.5,-99.0,450
2024-07-08,39.5,-98.5,540
2024-07-08,39.5,-98.0,90
2024-07-08,39.5,-96.5,90
2024-07-08,39.5,-96.0,810
2024-07-08,39.5,-95.5,2700
2024-07-08,39.5,-95.0,1440
2024-07-08,39.5,-94.5,1620
2024-07-08,39.5,-94.0,540
2024-07-08,39.5,-93.5,630
2024-07-08,39.5,-93.0,1890
2024-07-08,39.5,-92.5,270
2024-07-08,39.5,-91.5,270
2024-07-08,39.5,-91.0,90
2024-07-08,39.5,-88.5,180
2024-07-08,39.5,-87.5,90
2024-07-08,39.5,-87.0,450
2024-07-08,39.5,-86.5,2880
2024-07-08,39.5,-86.0,2250
2024-07-08,39.5,-85.5,450
2024-07-08,39.5,-85.0,3690
2024-07-08,39.5,-84.5,1260
2024-07-08,39.5,-83.5,180
2024-07-08,39.5,-83.0,90
2024-07-08,39.5,-78.5,360
2024-07-08,39.5,-78.0,360
2024-07-08,39.5,-77.0,90
2024-07-08,39.5,-76.5,450
2024-07-08,39.5,-76.0,360
2024-07-08,39.5,-70.0,90
2024-07-08,40.0,-117.0,90
2024-07-08,40.0,-116.5,90
2024-07-08,40.0,-115.0,90
2024-07-08,40.0,-109.0,90
2024-07-08,40.0,-106.5,180
2024-07-08,40.0,-106.0,90
2024-07-08,40.0,-105.5,180
2024-07-08,40.0,-105.0,90
2024-07-08,40.0,-104.5,180
2024-07-08,40.0,-104.0,180
2024-07-08,40.0,-103.5,450
2024-07-08,40.0,-103.0,1260
2024-07-08,40.0,-102.5,270
2024-07-08,40.0,-98.5,180
2024-07-08,40.0,-98.0,180
2024-07-08,40.0,-97.0,90
2024-07-08,40.0,-96.5,900
2024-07-08,40.0,-96.0,900
2024-07-08,40.0,-95.5,3150
2024-07-08,40.0,-95.0,900
2024-07-08,40.0,-94.5,1530
2024-07-08,40.0,-94.0,1260
2024-07-08,40.0,-93.5,1350
2024-07-08,40.0,-93.0,630
2024-07-08,40.0,-92.5,90
2024-07-08,40.0,-91.5,630
2024-07-08,40.0,-91.0,270
2024-07-08,40.0,-88.5,90
2024-07-08,40.0,-88.0,450
2024-07-08,40.0,-87.5,540
2024-07-08,40.0,-87.0,2070
2024-07-08,40.0,-86.5,1710
2024-07-08,40.0,-86.0,720
2024-07-08,40.0,-85.5,990
2024-07-08,40.0,-85.0,900
2024-07-08,40.0,-84.5,720
2024-07-08,40.0,-84.0,270
2024-07-08,40.0,-83.5,450
2024-07-08,40.0,-83.0,90
2024-07-08,40.0,-82.5,180
2024-07-08,40.0,-82.0,90
2024-07-08,40.0,-78.5,270
2024-07-08,40.0,-77.5,360
2024-07-08,40.0,-77.0,540
2024-07-08,40.0,-76.5,360
2024-07-08,40.0,-76.0,1350
2024-07-08,40.0,-75.5,1710
2024-07-08,40.0,-75.0,360
2024-07-08,40.0,-74.5,2520
2024-07-08,40.0,-68.5,90
2024-07-08,40.5,-121.0,180
2024-07-08,40.5,-117.0,90
2024-07-08,40.5,-116.5,180
2024-07-08,40.5,-114.5,90
2024-07-08,40.5,-111.0,90
2024-07-08,40.5,-110.0,90
2024-07-08,40.5,-107.0,360
2024-07-08,40.5,-106.5,360
2024-07-08,40.5,-106.0,90
2024-07-08,40.5,-105.5,360
2024-07-08,40.5,-105.0,180
2024-07-08,40.5,-104.5,540
2024-07-08,40.5,-103.5,1980
2024-07-08,40.5,-103.0,270
2024-07-08,40.5,-102.5,90
2024-07-08,40.5,-102.0,180
2024-07-08,40.5,-98.5,180
2024-07-08,40.5,-98.0,630
2024-07-08,40.5,-97.5,360
2024-07-08,40.5,-97.0,360
2024-07-08,40.5,-96.5,1170
2024-07-08,40.5,-96.0,2430
2024-07-08,40.5,-95.5,1350
2024-07-08,40.5,-95.0,3870
2024-07-08,40.5,-94.5,3060
2024-07-08,40.5,-94.0,2970
2024-07-08,40.5,-93.5,630
2024-07-08,40.5,-93.0,1890
2024-07-08,40.5,-92.5,1440
2024-07-08,40.5,-92.0,540
2024-07-08,40.5,-91.5,540
2024-07-08,40.5,-91.0,630
2024-07-08,40.5,-90.5,900
2024-07-08,40.5,-90.0,450
2024-07-08,40.5,-89.5,630
2024-07-08,40.5,-89.0,270
2024-07-08,40.5,-88.5,90
2024-07-08,40.5,-88.0,270
2024-07-08,40.5,-87.5,900
2024-07-08,40.5,-87.0,1440
2024-07-08,40.5,-86.5,1080
2024-07-08,40.5,-86.0,360
2024-07-08,40.5,-85.5,810
2024-07-08,40.5,-85.0,720
2024-07-08,40.5,-84.5,360
2024-07-08,40.5,-84.0,450
2024-07-08,40.5,-82.5,180
2024-07-08,40.5,-82.0,180
2024-07-08,40.5,-78.5,90
2024-07-08,40.5,-78.0,360
2024-07-08,40.5,-77.5,1260
2024-07-08,40.5,-77.0,2880
2024-07-08,40.5,-76.5,450
2024-07-08,40.5,-76.0,450
2024-07-08,40.5,-75.5,450
2024-07-08,40.5,-75.0,540
2024-07-08,40.5,-74.5,90
2024-07-08,40.5,-73.5,90
2024-07-08,41.0,-120.5,90
2024-07-08,41.0,-119.5,90
2024-07-08,41.0,-116.0,90
2024-07-08,41.0,-114.0,90
2024-07-08,41.0,-106.5,270
2024-07-08,41.0,-105.5,90
2024-07-08,41.0,-105.0,270
2024-07-08,41.0,-104.5,360
2024-07-08,41.0,-104.0,450
2024-07-08,41.0,-103.5,450
2024-07-08,41.0,-103.0,90
2024-07-08,41.0,-102.5,90
2024-07-08,41.0,-102.0,270
2024-07-08,41.0,-101.0,450
2024-07-08,41.0,-98.5,360
2024-07-08,41.0,-97.5,270
2024-07-08,41.0,-96.0,360
2024-07-08,41.0,-95.5,810
2024-07-08,41.0,-95.0,3240
2024-07-08,41.0,-94.5,3420
2024-07-08,41.0,-94.0,1260
2024-07-08,41.0,-93.5,900
2024-07-08,41.0,-93.0,540
2024-07-08,41.0,-92.5,90
2024-07-08,41.0,-92.0,270
2024-07-08,41.0,-91.5,270
2024-07-08,41.0,-91.0,1620
2024-07-08,41.0,-90.5,360
2024-07-08,41.0,-90.0,270
2024-07-08,41.0,-89.5,1710
2024-07-08,41.0,-89.0,1440
2024-07-08,41.0,-88.5,630
2024-07-08,41.0,-88.0,1890
2024-07-08,41.0,-87.5,720
2024-07-08,41.0,-87.0,1350
2024-07-08,41.0,-86.5,540
2024-07-08,41.0,-86.0,630
2024-07-08,41.0,-85.5,360
2024-07-08,41.0,-85.0,360
2024-07-08,41.0,-84.5,180
2024-07-08,41.0,-84.0,90
2024-07-08,41.0,-83.5,90
2024-07-08,41.0,-83.0,270
2024-07-08,41.0,-82.5,90
2024-07-08,41.0,-82.0,180
2024-07-08,41.0,-81.0,450
2024-07-08,41.0,-80.5,450
2024-07-08,41.0,-80.0,180
2024-07-08,41.0,-79.5,630
2024-07-08,41.0,-78.0,630
2024-07-08,41.0,-77.5,990
2024-07-08,41.0,-77.0,3060
2024-07-08,41.0,-76.5,540
2024-07-08,41.0,-76.0,360
2024-07-08,41.0,-75.5,360
2024-07-08,41.0,-74.5,180
2024-07-08,41.0,-74.0,90
2024-07-08,41.5,-121.5,360
2024-07-08,41.5,-115.5,90
2024-07-08,41.5,-115.0,90
2024-07-08,41.5,-114.5,90
2024-07-08,41.5,-114.0,90
2024-07-08,41.5,-113.5,90
2024-07-08,41.5,-108.0,90
2024-07-08,41.5,-107.5,90
2024-07-08,41.5,-106.5,90
2024-07-08,41.5,-106.0,180
2024-07-08,41.5,-105.5,90
2024-07-08,41.5,-105.0,90
2024-07-08,41.5,-104.0,180
2024-07-08,41.5,-103.5,180
2024-07-08,41.5,-103.0,90
2024-07-08,41.5,-102.5,270
2024-07-08,41.5,-102.0,180
2024-07-08,41.5,-101.5,450
2024-07-08,41.5,-101.0,90
2024-07-08,41.5,-98.5,90
2024-07-08,41.5,-96.0,1350
2024-07-08,41.5,-95.5,1440
2024-07-08,41.5,-95.0,810
2024-07-08,41.5,-94.5,270
2024-07-08,41.5,-94.0,630
2024-07-08,41.5,-93.5,1800
2024-07-08,41.5,-93.0,900
2024-07-08,41.5,-92.5,540
2024-07-08,41.5,-92.0,990
2024-07-08,41.5,-91.5,1530
2024-07-08,41.5,-91.0,1350
2024-07-08,41.5,-90.5,450
2024-07-08,41.5,-90.0,540
2024-07-08,41.5,-89.5,4140
2024-07-08,41.5,-89.0,2700
2024-07-08,41.5,-88.5,1170
2024-07-08,41.5,-88.0,720
2024-07-08,41.5,-87.5,360
2024-07-08,41.5,-87.0,900
2024-07-08,41.5,-86.5,540
2024-07-08,41.5,-86.0,360
2024-07-08,41.5,-85.5,90
2024-07-08,41.5,-84.0,270
2024-07-08,41.5,-83.5,450
2024-07-08,41.5,-83.0,1440
2024-07-08,41.5,-82.5,1260
2024-07-08,41.5,-82.0,450
2024-07-08,41.5,-81.5,450
2024-07-08,41.5,-81.0,180
2024-07-08,41.5,-79.5,90
2024-07-08,41.5,-78.0,270
2024-07-08,41.5,-77.5,900
2024-07-08,41.5,-77.0,180
2024-07-08,41.5,-76.5,1260
2024-07-08,41.5,-76.0,360
2024-07-08,41.5,-75.5,360
2024-07-08,41.5,-73.5,1080
2024-07-08,41.5,-73.0,180
2024-07-08,41.5,-72.5,90
2024-07-08,41.5,-70.5,90
2024-07-08,42.0,-121.0,90
2024-07-08,42.0,-104.5,180
2024-07-08,42.0,-104.0,180
2024-07-08,42.0,-103.5,630
2024-07-08,42.0,-103.0,1620
2024-07-08,42.0,-102.5,900
2024-07-08,42.0,-102.0,540
2024-07-08,42.0,-101.5,990
2024-07-08,42.0,-99.0,180
2024-07-08,42.0,-96.5,90
2024-07-08,42.0,-96.0,90
2024-07-08,42.0,-95.5,360
2024-07-08,42.0,-95.0,360
2024-07-08,42.0,-94.5,450
2024-07-08,42.0,-94.0,90
2024-07-08,42.0,-93.5,360
2024-07-08,42.0,-93.0,4140
2024-07-08,42.0,-92.5,1710
2024-07-08,42.0,-92.0,900
2024-07-08,42.0,-91.5,630
2024-07-08,42.0,-91.0,450
2024-07-08,42.0,-90.5,1530
2024-07-08,42.0,-90.0,1080
2024-07-08,42.0,-89.5,2610
2024-07-08,42.0,-89.0,3420
2024-07-08,42.0,-88.5,810
2024-07-08,42.0,-88.0,810
2024-07-08,42.0,-87.5,540
2024-07-08,42.0,-87.0,270
2024-07-08,42.0,-86.5,810
2024-07-08,42.0,-86.0,180
2024-07-08,42.0,-85.5,90
2024-07-08,42.0,-82.0,90
2024-07-08,42.0,-81.5,90
2024-07-08,42.0,-81.0,270
2024-07-08,42.0,-80.0,270
2024-07-08,42.0,-79.5,360
2024-07-08,42.0,-78.0,90
2024-07-08,42.0,-77.5,180
2024-07-08,42.0,-77.0,360
2024-07-08,42.0,-76.5,270
2024-07-08,42.0,-76.0,180
2024-07-08,42.0,-74.5,90
2024-07-08,42.0,-73.5,810
2024-07-08,42.0,-73.0,360
2024-07-08,42.0,-72.5,720
2024-07-08,42.5,-106.5,90
2024-07-08,42.5,-106.0,180
2024-07-08,42.5,-105.5,180
2024-07-08,42.5,-105.0,360
2024-07-08,42.5,-104.0,1350
2024-07-08,42.5,-103.5,2700
2024-07-08,42.5,-103.0,1530
2024-07-08,42.5,-102.5,450
2024-07-08,42.5,-102.0,450
2024-07-08,42.5,-101.5,180
2024-07-08,42.5,-100.5,270
2024-07-08,42.5,-100.0,990
2024-07-08,42.5,-99.5,360
2024-07-08,42.5,-99.0,360
2024-07-08,42.5,-98.5,90
2024-07-08,42.5,-96.5,360
2024-07-08,42.5,-96.0,1080
2024-07-08,42.5,-95.5,360
2024-07-08,42.5,-95.0,540
2024-07-08,42.5,-94.5,810
2024-07-08,42.5,-94.0,540
2024-07-08,42.5,-93.5,450
2024-07-08,42.5,-93.0,630
2024-07-08,42.5,-92.5,450
2024-07-08,42.5,-92.0,1260
2024-07-08,42.5,-91.5,1440
2024-07-08,42.5,-91.0,1980
2024-07-08,42.5,-90.5,1980
2024-07-08,42.5,-90.0,1260
2024-07-08,42.5,-89.5,1350
2024-07-08,42.5,-89.0,630
2024-07-08,42.5,-88.5,630
2024-07-08,42.5,-88.0,360
2024-07-08,42.5,-87.5,90
2024-07-08,42.5,-87.0,180
2024-07-08,42.5,-86.5,270
2024-07-08,42.5,-86.0,270
2024-07-08,42.5,-85.5,540
2024-07-08,42.5,-83.5,630
2024-07-08,42.5,-81.0,180
2024-07-08,42.5,-80.5,270
2024-07-08,42.5,-80.0,540
2024-07-08,42.5,-79.5,270
2024-07-08,42.5,-79.0,990
2024-07-08,42.5,-78.5,90
2024-07-08,42.5,-78.0,810
2024-07-08,42.5,-77.5,180
2024-07-08,42.5,-77.0,1530
2024-07-08,42.5,-76.5,180
2024-07-08,42.5,-76.0,900
2024-07-08,42.5,-75.5,450
2024-07-08,42.5,-75.0,540
2024-07-08,42.5,-74.5,90
2024-07-08,42.5,-74.0,270
2024-07-08,42.5,-73.5,90
2024-07-08,42.5,-73.0,360
2024-07-08,42.5,-72.5,1080
2024-07-08,42.5,-72.0,90
2024-07-08,42.5,-71.0,90
2024-07-08,43.0,-112.5,90
2024-07-08,43.0,-111.5,90
2024-07-08,43.0,-111.0,90
2024-07-08,43.0,-109.5,90
2024-07-08,43.0,-109.0,90
2024-07-08,43.0,-107.0,90
2024-07-08,43.0,-105.5,450
2024-07-08,43.0,-105.0,270
2024-07-08,43.0,-104.5,1890
2024-07-08,43.0,-104.0,1890
2024-07-08,43.0,-103.5,1530
2024-07-08,43.0,-103.0,810
2024-07-08,43.0,-102.5,720
2024-07-08,43.0,-102.0,450
2024-07-08,43.0,-101.5,450
2024-07-08,43.0,-101.0,450
2024-07-08,43.0,-100.5,2070
2024-07-08,43.0,-100.0,900
2024-07-08,43.0,-99.5,90
2024-07-08,43.0,-98.0,1080
2024-07-08,43.0,-97.5,450
2024-07-08,43.0,-97.0,2340
2024-07-08,43.0,-96.5,1710
2024-07-08,43.0,-96.0,1080
2024-07-08,43.0,-95.5,90
2024-07-08,43.0,-95.0,810
2024-07-08,43.0,-94.0,360
2024-07-08,43.0,-93.5,180
2024-07-08,43.0,-93.0,990
2024-07-08,43.0,-92.5,900
2024-07-08,43.0,-92.0,1080
2024-07-08,43.0,-91.5,540
2024-07-08,43.0,-91.0,1890
2024-07-08,43.0,-90.5,1080
2024-07-08,43.0,-90.0,2790
2024-07-08,43.0,-89.5,3240
2024-07-08,43.0,-89.0,1710
2024-07-08,43.0,-88.5,1530
2024-07-08,43.0,-88.0,270
2024-07-08,43.0,-87.5,180
2024-07-08,43.0,-86.0,180
2024-07-08,43.0,-85.5,90
2024-07-08,43.0,-85.0,270
2024-07-08,43.0,-84.5,90
2024-07-08,43.0,-84.0,360
2024-07-08,43.0,-83.0,90
2024-07-08,43.0,-82.5,90
2024-07-08,43.0,-81.0,360
2024-07-08,43.0,-80.5,360
2024-07-08,43.0,-80.0,360
2024-07-08,43.0,-79.5,270
2024-07-08,43.0,-79.0,360
2024-07-08,43.0,-78.5,540
2024-07-08,43.0,-78.0,1710
2024-07-08,43.0,-77.5,450
2024-07-08,43.0,-77.0,990
2024-07-08,43.0,-76.5,630
2024-07-08,43.0,-76.0,1350
2024-07-08,43.0,-75.5,720
2024-07-08,43.0,-75.0,1440
2024-07-08,43.0,-74.5,900
2024-07-08,43.0,-73.5,90
2024-07-08,43.0,-72.0,540
2024-07-08,43.0,-71.5,90
2024-07-08,43.0,-71.0,360
2024-07-08,43.0,-70.5,900
2024-07-08,43.0,-70.0,180
2024-07-08,43.5,-109.5,270
2024-07-08,43.5,-106.5,90
2024-07-08,43.5,-106.0,270
2024-07-08,43.5,-105.5,360
2024-07-08,43.5,-105.0,900
2024-07-08,43.5,-104.5,360
2024-07-08,43.5,-104.0,1350
2024-07-08,43.5,-103.5,810
2024-07-08,43.5,-103.0,900
2024-07-08,43.5,-102.5,360
2024-07-08,43.5,-102.0,270
2024-07-08,43.5,-101.5,630
2024-07-08,43.5,-101.0,1890
2024-07-08,43.5,-100.5,630
2024-07-08,43.5,-100.0,540
2024-07-08,43.5,-99.5,90
2024-07-08,43.5,-99.0,720
2024-07-08,43.5,-98.0,720
2024-07-08,43.5,-97.0,450
2024-07-08,43.5,-96.5,180
2024-07-08,43.5,-96.0,1080
2024-07-08,43.5,-95.5,270
2024-07-08,43.5,-95.0,90
2024-07-08,43.5,-94.5,270
2024-07-08,43.5,-94.0,360
2024-07-08,43.5,-93.5,810
2024-07-08,43.5,-93.0,2250
2024-07-08,43.5,-92.5,1620
2024-07-08,43.5,-92.0,810
2024-07-08,43.5,-91.5,2340
2024-07-08,43.5,-91.0,3060
2024-07-08,43.5,-90.5,4140
2024-07-08,43.5,-90.0,3960
2024-07-08,43.5,-89.5,2610
2024-07-08,43.5,-89.0,3330
2024-07-08,43.5,-88.5,990
2024-07-08,43.5,-88.0,900
2024-07-08,43.5,-87.5,90
2024-07-08,43.5,-87.0,90
2024-07-08,43.5,-86.0,270
2024-07-08,43.5,-85.5,450
2024-07-08,43.5,-85.0,450
2024-07-08,43.5,-84.5,180
2024-07-08,43.5,-84.0,90
2024-07-08,43.5,-83.5,90
2024-07-08,43.5,-83.0,360
2024-07-08,43.5,-81.0,630
2024-07-08,43.5,-80.0,90
2024-07-08,43.5,-79.5,90
2024-07-08,43.5,-78.5,90
2024-07-08,43.5,-78.0,450
2024-07-08,43.5,-77.5,900
2024-07-08,43.5,-77.0,720
2024-07-08,43.5,-76.5,2340
2024-07-08,43.5,-76.0,1350
2024-07-08,43.5,-75.5,2430
2024-07-08,43.5,-75.0,2160
2024-07-08,43.5,-74.5,990
2024-07-08,43.5,-74.0,2340
2024-07-08,43.5,-73.5,810
2024-07-08,43.5,-73.0,270
2024-07-08,43.5,-72.5,270
2024-07-08,43.5,-71.5,360
2024-07-08,43.5,-71.0,720
2024-07-08,43.5,-70.5,630
2024-07-08,43.5,-70.0,360
2024-07-08,44.0,-109.5,180
2024-07-08,44.0,-109.0,90
2024-07-08,44.0,-108.5,90
2024-07-08,44.0,-108.0,180
2024-07-08,44.0,-107.5,450
2024-07-08,44.0,-107.0,180
2024-07-08,44.0,-106.5,360
2024-07-08,44.0,-106.0,360
2024-07-08,44.0,-105.5,90
2024-07-08,44.0,-105.0,1350
2024-07-08,44.0,-104.5,1530
2024-07-08,44.0,-104.0,900
2024-07-08,44.0,-103.5,450
2024-07-08,44.0,-103.0,540
2024-07-08,44.0,-102.5,360
2024-07-08,44.0,-102.0,2070
2024-07-08,44.0,-101.5,1710
2024-07-08,44.0,-101.0,990
2024-07-08,44.0,-100.5,360
2024-07-08,44.0,-100.0,450
2024-07-08,44.0,-99.5,270
2024-07-08,44.0,-99.0,270
2024-07-08,44.0,-98.5,90
2024-07-08,44.0,-98.0,180
2024-07-08,44.0,-97.5,360
2024-07-08,44.0,-97.0,360
2024-07-08,44.0,-96.5,180
2024-07-08,44.0,-96.0,180
2024-07-08,44.0,-95.5,1080
2024-07-08,44.0,-95.0,180
2024-07-08,44.0,-94.5,450
2024-07-08,44.0,-94.0,2160
2024-07-08,44.0,-93.5,4770
2024-07-08,44.0,-93.0,2970
2024-07-08,44.0,-92.5,3060
2024-07-08,44.0,-92.0,4050
2024-07-08,44.0,-91.5,3150
2024-07-08,44.0,-91.0,2160
2024-07-08,44.0,-90.5,540
2024-07-08,44.0,-90.0,720
2024-07-08,44.0,-89.5,1800
2024-07-08,44.0,-89.0,1260
2024-07-08,44.0,-88.5,810
2024-07-08,44.0,-88.0,90
2024-07-08,44.0,-85.5,270
2024-07-08,44.0,-85.0,270
2024-07-08,44.0,-84.5,630
2024-07-08,44.0,-84.0,540
2024-07-08,44.0,-83.5,450
2024-07-08,44.0,-83.0,90
2024-07-08,44.0,-80.5,90
2024-07-08,44.0,-80.0,90
2024-07-08,44.0,-77.0,270
2024-07-08,44.0,-76.5,270
2024-07-08,44.0,-76.0,630
2024-07-08,44.0,-75.5,720
2024-07-08,44.0,-75.0,900
2024-07-08,44.0,-74.5,1890
2024-07-08,44.0,-74.0,5040
2024-07-08,44.0,-73.5,4770
2024-07-08,44.0,-73.0,2790
2024-07-08,44.0,-72.5,1530
2024-07-08,44.0,-72.0,1170
2024-07-08,44.0,-71.5,630
2024-07-08,44.0,-71.0,450
2024-07-08,44.0,-70.5,360
2024-07-08,44.0,-70.0,450
2024-07-08,44.0,-69.5,180
2024-07-08,44.5,-113.0,90
2024-07-08,44.5,-111.5,90
2024-07-08,44.5,-111.0,180
2024-07-08,44.5,-110.5,360
2024-07-08,44.5,-110.0,90
2024-07-08,44.5,-109.5,270
2024-07-08,44.5,-108.5,180
2024-07-08,44.5,-108.0,900
2024-07-08,44.5,-107.5,450
2024-07-08,44.5,-107.0,450
2024-07-08,44.5,-106.5,180
2024-07-08,44.5,-106.0,270
2024-07-08,44.5,-105.5,270
2024-07-08,44.5,-105.0,270
2024-07-08,44.5,-104.5,180
2024-07-08,44.5,-104.0,900
2024-07-08,44.5,-103.5,810
2024-07-08,44.5,-103.0,1620
2024-07-08,44.5,-102.5,1260
2024-07-08,44.5,-102.0,990
2024-07-08,44.5,-101.5,1530
2024-07-08,44.5,-101.0,1800
2024-07-08,44.5,-100.5,990
2024-07-08,44.5,-100.0,810
2024-07-08,44.5,-99.5,180
2024-07-08,44.5,-99.0,810
2024-07-08,44.5,-98.5,720
2024-07-08,44.5,-98.0,270
2024-07-08,44.5,-97.5,180
2024-07-08,44.5,-97.0,90
2024-07-08,44.5,-96.5,1710
2024-07-08,44.5,-96.0,4230
2024-07-08,44.5,-95.5,1170
2024-07-08,44.5,-95.0,810
2024-07-08,44.5,-94.5,630
2024-07-08,44.5,-94.0,810
2024-07-08,44.5,-93.5,540
2024-07-08,44.5,-93.0,5220
2024-07-08,44.5,-92.5,4230
2024-07-08,44.5,-92.0,2700
2024-07-08,44.5,-91.5,2700
2024-07-08,44.5,-91.0,2250
2024-07-08,44.5,-90.5,630
2024-07-08,44.5,-90.0,2430
2024-07-08,44.5,-89.5,1440
2024-07-08,44.5,-89.0,630
2024-07-08,44.5,-88.5,180
2024-07-08,44.5,-88.0,90
2024-07-08,44.5,-85.5,90
2024-07-08,44.5,-85.0,270
2024-07-08,44.5,-84.5,180
2024-07-08,44.5,-84.0,810
2024-07-08,44.5,-83.5,90
2024-07-08,44.5,-82.5,90
2024-07-08,44.5,-81.5,90
2024-07-08,44.5,-76.5,90
2024-07-08,44.5,-75.5,90
2024-07-08,44.5,-74.5,360
2024-07-08,44.5,-74.0,180
2024-07-08,44.5,-73.5,90
2024-07-08,44.5,-73.0,180
2024-07-08,44.5,-72.5,630
2024-07-08,44.5,-72.0,360
2024-07-08,44.5,-71.5,720
2024-07-08,44.5,-71.0,180
2024-07-08,44.5,-70.5,990
2024-07-08,44.5,-70.0,900
2024-07-08,44.5,-69.5,1620
2024-07-08,44.5,-69.0,360
2024-07-08,44.5,-68.5,180
2024-07-08,44.5,-67.5,180
2024-07-08,45.0,-112.0,90
2024-07-08,45.0,-111.0,90
2024-07-08,45.0,-110.5,270
2024-07-08,45.0,-110.0,270
2024-07-08,45.0,-109.5,90
2024-07-08,45.0,-108.5,90
2024-07-08,45.0,-108.0,630
2024-07-08,45.0,-107.5,180
2024-07-08,45.0,-107.0,270
2024-07-08,45.0,-105.5,180
2024-07-08,45.0,-105.0,360
2024-07-08,45.0,-104.5,360
2024-07-08,45.0,-104.0,720
2024-07-08,45.0,-103.5,450
2024-07-08,45.0,-103.0,810
2024-07-08,45.0,-102.5,990
2024-07-08,45.0,-102.0,1440
2024-07-08,45.0,-101.5,1980
2024-07-08,45.0,-101.0,720
2024-07-08,45.0,-100.5,810
2024-07-08,45.0,-100.0,180
2024-07-08,45.0,-99.0,180
2024-07-08,45.0,-98.5,270
2024-07-08,45.0,-98.0,810
2024-07-08,45.0,-97.5,1440
2024-07-08,45.0,-97.0,3330
2024-07-08,45.0,-96.5,1260
2024-07-08,45.0,-96.0,1620
2024-07-08,45.0,-95.5,1080
2024-07-08,45.0,-95.0,1260
2024-07-08,45.0,-94.5,2880
2024-07-08,45.0,-94.0,2520
2024-07-08,45.0,-93.5,3780
2024-07-08,45.0,-93.0,2880
2024-07-08,45.0,-92.5,900
2024-07-08,45.0,-92.0,1800
2024-07-08,45.0,-91.5,1800
2024-07-08,45.0,-91.0,540
2024-07-08,45.0,-90.5,990
2024-07-08,45.0,-90.0,1710
2024-07-08,45.0,-89.5,1080
2024-07-08,45.0,-89.0,360
2024-07-08,45.0,-88.5,180
2024-07-08,45.0,-88.0,180
2024-07-08,45.0,-87.5,180
2024-07-08,45.0,-85.5,90
2024-07-08,45.0,-85.0,540
2024-07-08,45.0,-84.5,270
2024-07-08,45.0,-84.0,540
2024-07-08,45.0,-83.5,1260
2024-07-08,45.0,-83.0,720
2024-07-08,45.0,-82.5,540
2024-07-08,45.0,-81.5,270
2024-07-08,45.0,-76.5,90
2024-07-08,45.0,-74.0,90
2024-07-08,45.0,-73.5,180
2024-07-08,45.0,-73.0,90
2024-07-08,45.0,-72.5,90
2024-07-08,45.0,-70.5,90
2024-07-08,45.0,-70.0,360
2024-07-08,45.0,-69.5,720
2024-07-08,45.0,-69.0,450
2024-07-08,45.0,-68.5,270
2024-07-08,45.0,-67.5,180
2024-07-08,45.0,-67.0,180
2024-07-08,45.0,-66.0,180
2024-07-08,45.0,-65.5,90
2024-07-08,45.5,-112.0,90
2024-07-08,45.5,-111.0,90
2024-07-08,45.5,-110.0,180
2024-07-08,45.5,-109.5,180
2024-07-08,45.5,-109.0,180
2024-07-08,45.5,-108.5,450
2024-07-08,45.5,-105.5,270
2024-07-08,45.5,-105.0,270
2024-07-08,45.5,-104.5,1710
2024-07-08,45.5,-103.5,1350
2024-07-08,45.5,-103.0,990
2024-07-08,45.5,-102.5,450
2024-07-08,45.5,-102.0,990
2024-07-08,45.5,-101.5,540
2024-07-08,45.5,-101.0,270
2024-07-08,45.5,-100.5,450
2024-07-08,45.5,-100.0,90
2024-07-08,45.5,-99.0,180
2024-07-08,45.5,-98.5,720
2024-07-08,45.5,-98.0,1800
2024-07-08,45.5,-97.5,1530
2024-07-08,45.5,-97.0,2520
2024-07-08,45.5,-96.5,1530
2024-07-08,45.5,-96.0,2520
2024-07-08,45.5,-95.5,2250
2024-07-08,45.5,-95.0,1530
2024-07-08,45.5,-94.5,3330
2024-07-08,45.5,-94.0,1080
2024-07-08,45.5,-93.5,90
2024-07-08,45.5,-93.0,720
2024-07-08,45.5,-92.5,180
2024-07-08,45.5,-92.0,360
2024-07-08,45.5,-91.5,720
2024-07-08,45.5,-91.0,810
2024-07-08,45.5,-90.5,540
2024-07-08,45.5,-90.0,180
2024-07-08,45.5,-89.5,720
2024-07-08,45.5,-89.0,180
2024-07-08,45.5,-88.5,90
2024-07-08,45.5,-88.0,540
2024-07-08,45.5,-87.5,360
2024-07-08,45.5,-84.5,180
2024-07-08,45.5,-84.0,180
2024-07-08,45.5,-82.0,90
2024-07-08,45.5,-81.0,270
2024-07-08,45.5,-80.5,90
2024-07-08,45.5,-79.5,180
2024-07-08,45.5,-79.0,180
2024-07-08,45.5,-78.5,90
2024-07-08,45.5,-77.5,90
2024-07-08,45.5,-75.5,90
2024-07-08,45.5,-75.0,90
2024-07-08,45.5,-74.5,90
2024-07-08,45.5,-73.5,270
2024-07-08,45.5,-73.0,540
2024-07-08,45.5,-72.0,90
2024-07-08,45.5,-71.5,360
2024-07-08,45.5,-70.5,270
2024-07-08,45.5,-70.0,90
2024-07-08,45.5,-69.5,90
2024-07-08,45.5,-69.0,270
2024-07-08,45.5,-68.5,450
2024-07-08,45.5,-68.0,270
2024-07-08,45.5,-67.5,360
2024-07-08,45.5,-67.0,90
2024-07-08,45.5,-66.5,90
2024-07-08,45.5,-66.0,90
2024-07-08,45.5,-65.5,90
2024-07-08,46.0,-112.5,90
2024-07-08,46.0,-111.5,90
2024-07-08,46.0,-111.0,270
2024-07-08,46.0,-110.5,90
2024-07-08,46.0,-110.0,630
2024-07-08,46.0,-109.5,810
2024-07-08,46.0,-109.0,180
2024-07-08,46.0,-108.5,180
2024-07-08,46.0,-108.0,180
2024-07-08,46.0,-106.5,90
2024-07-08,46.0,-106.0,90
2024-07-08,46.0,-105.5,540
2024-07-08,46.0,-105.0,450
2024-07-08,46.0,-104.5,450
2024-07-08,46.0,-104.0,900
2024-07-08,46.0,-103.5,180
2024-07-08,46.0,-103.0,990
2024-07-08,46.0,-102.5,360
2024-07-08,46.0,-102.0,540
2024-07-08,46.0,-101.5,270
2024-07-08,46.0,-100.5,90
2024-07-08,46.0,-100.0,180
2024-07-08,46.0,-99.5,90
2024-07-08,46.0,-99.0,450
2024-07-08,46.0,-98.5,3420
2024-07-08,46.0,-98.0,1710
2024-07-08,46.0,-97.5,360
2024-07-08,46.0,-97.0,1620
2024-07-08,46.0,-96.5,1530
2024-07-08,46.0,-96.0,4770
2024-07-08,46.0,-95.5,1530
2024-07-08,46.0,-95.0,2070
2024-07-08,46.0,-94.5,90
2024-07-08,46.0,-93.0,180
2024-07-08,46.0,-92.5,180
2024-07-08,46.0,-91.5,720
2024-07-08,46.0,-91.0,1260
2024-07-08,46.0,-90.5,450
2024-07-08,46.0,-90.0,270
2024-07-08,46.0,-89.5,1530
2024-07-08,46.0,-89.0,1800
2024-07-08,46.0,-88.5,720
2024-07-08,46.0,-88.0,990
2024-07-08,46.0,-87.5,2790
2024-07-08,46.0,-87.0,900
2024-07-08,46.0,-86.5,90
2024-07-08,46.0,-84.5,180
2024-07-08,46.0,-84.0,90
2024-07-08,46.0,-82.5,90
2024-07-08,46.0,-80.0,90
2024-07-08,46.0,-79.5,270
2024-07-08,46.0,-79.0,360
2024-07-08,46.0,-78.5,360
2024-07-08,46.0,-78.0,90
2024-07-08,46.0,-76.0,90
2024-07-08,46.0,-75.5,90
2024-07-08,46.0,-75.0,90
2024-07-08,46.0,-74.5,90
2024-07-08,46.0,-74.0,90
2024-07-08,46.0,-73.5,450
2024-07-08,46.0,-73.0,270
2024-07-08,46.0,-71.5,900
2024-07-08,46.0,-71.0,360
2024-07-08,46.0,-69.0,270
2024-07-08,46.0,-68.5,90
2024-07-08,46.0,-68.0,450
2024-07-08,46.0,-67.5,90
2024-07-08,46.0,-67.0,810
2024-07-08,46.0,-66.5,360
2024-07-08,46.0,-66.0,90
2024-07-08,46.5,-110.5,270
2024-07-08,46.5,-110.0,180
2024-07-08,46.5,-109.5,360
2024-07-08,46.5,-109.0,90
2024-07-08,46.5,-108.5,90
2024-07-08,46.5,-108.0,360
2024-07-08,46.5,-107.5,90
2024-07-08,46.5,-107.0,720
2024-07-08,46.5,-106.5,180
2024-07-08,46.5,-106.0,540
2024-07-08,46.5,-105.5,270
2024-07-08,46.5,-105.0,900
2024-07-08,46.5,-104.5,990
2024-07-08,46.5,-104.0,1080
2024-07-08,46.5,-103.5,90
2024-07-08,46.5,-103.0,540
2024-07-08,46.5,-102.5,270
2024-07-08,46.5,-102.0,360
2024-07-08,46.5,-101.5,90
2024-07-08,46.5,-101.0,360
2024-07-08,46.5,-100.5,90
2024-07-08,46.5,-100.0,540
2024-07-08,46.5,-99.5,990
2024-07-08,46.5,-99.0,2520
2024-07-08,46.5,-98.5,720
2024-07-08,46.5,-98.0,810
2024-07-08,46.5,-97.5,180
2024-07-08,46.5,-97.0,1260
2024-07-08,46.5,-96.5,4410
2024-07-08,46.5,-96.0,1710
2024-07-08,46.5,-95.5,1080
2024-07-08,46.5,-94.0,180
2024-07-08,46.5,-93.0,90
2024-07-08,46.5,-92.5,90
2024-07-08,46.5,-89.5,90
2024-07-08,46.5,-88.5,180
2024-07-08,46.5,-88.0,1170
2024-07-08,46.5,-87.5,90
2024-07-08,46.5,-87.0,90
2024-07-08,46.5,-86.5,720
2024-07-08,46.5,-86.0,90
2024-07-08,46.5,-85.5,90
2024-07-08,46.5,-85.0,90
2024-07-08,46.5,-84.5,180
2024-07-08,46.5,-83.5,90
2024-07-08,46.5,-81.0,90
2024-07-08,46.5,-79.5,90
2024-07-08,46.5,-78.5,270
2024-07-08,46.5,-77.5,270
2024-07-08,46.5,-77.0,450
2024-07-08,46.5,-76.0,360
2024-07-08,46.5,-75.5,90
2024-07-08,46.5,-75.0,270
2024-07-08,46.5,-74.5,90
2024-07-08,46.5,-74.0,180
2024-07-08,46.5,-73.5,540
2024-07-08,46.5,-73.0,1350
2024-07-08,46.5,-72.5,450
2024-07-08,46.5,-72.0,90
2024-07-08,46.5,-71.0,90
2024-07-08,46.5,-70.5,180
2024-07-08,46.5,-70.0,270
2024-07-08,46.5,-68.0,90
2024-07-08,47.0,-110.5,90
2024-07-08,47.0,-110.0,90
2024-07-08,47.0,-108.0,90
2024-07-08,47.0,-107.5,270
2024-07-08,47.0,-107.0,180
2024-07-08,47.0,-106.5,360
2024-07-08,47.0,-105.5,450
2024-07-08,47.0,-104.0,180
2024-07-08,47.0,-103.5,180
2024-07-08,47.0,-103.0,360
2024-07-08,47.0,-102.5,90
2024-07-08,47.0,-102.0,180
2024-07-08,47.0,-101.5,450
2024-07-08,47.0,-100.5,180
2024-07-08,47.0,-100.0,630
2024-07-08,47.0,-99.5,630
2024-07-08,47.0,-99.0,540
2024-07-08,47.0,-98.5,90
2024-07-08,47.0,-98.0,810
2024-07-08,47.0,-97.5,90
2024-07-08,47.0,-97.0,3780
2024-07-08,47.0,-96.5,2790
2024-07-08,47.0,-96.0,1530
2024-07-08,47.0,-94.5,180
2024-07-08,47.0,-94.0,360
2024-07-08,47.0,-93.5,360
2024-07-08,47.0,-92.5,450
2024-07-08,47.0,-92.0,450
2024-07-08,47.0,-85.5,90
2024-07-08,47.0,-85.0,90
2024-07-08,47.0,-84.0,180
2024-07-08,47.0,-83.5,90
2024-07-08,47.0,-83.0,270
2024-07-08,47.0,-81.5,270
2024-07-08,47.0,-81.0,270
2024-07-08,47.0,-80.5,270
2024-07-08,47.0,-79.0,360
2024-07-08,47.0,-78.5,90
2024-07-08,47.0,-76.0,90
2024-07-08,47.0,-75.5,180
2024-07-08,47.0,-75.0,270
2024-07-08,47.0,-74.5,180
2024-07-08,47.0,-74.0,270
2024-07-08,47.0,-73.5,900
2024-07-08,47.0,-73.0,270
2024-07-08,47.0,-72.5,720
2024-07-08,47.0,-72.0,180
2024-07-08,47.0,-71.5,360
2024-07-08,47.0,-71.0,810
2024-07-08,47.0,-70.5,180
2024-07-08,47.0,-69.5,180
2024-07-08,47.0,-68.5,90
2024-07-08,47.0,-68.0,180
2024-07-08,47.0,-67.5,90
2024-07-08,47.0,-67.0,180
2024-07-08,47.0,-66.5,180
2024-07-08,47.0,-65.5,540
2024-07-08,47.5,-109.0,180
2024-07-08,47.5,-108.5,270
2024-07-08,47.5,-108.0,270
2024-07-08,47.5,-107.5,90
2024-07-08,47.5,-106.0,270
2024-07-08,47.5,-103.0,270
2024-07-08,47.5,-102.5,180
2024-07-08,47.5,-102.0,360
2024-07-08,47.5,-101.5,180
2024-07-08,47.5,-101.0,180
2024-07-08,47.5,-100.5,450
2024-07-08,47.5,-100.0,270
2024-07-08,47.5,-99.5,90
2024-07-08,47.5,-99.0,360
2024-07-08,47.5,-98.5,270
2024-07-08,47.5,-96.5,810
2024-07-08,47.5,-96.0,1440
2024-07-08,47.5,-95.5,90
2024-07-08,47.5,-95.0,900
2024-07-08,47.5,-94.5,3420
2024-07-08,47.5,-94.0,1800
2024-07-08,47.5,-93.5,450
2024-07-08,47.5,-93.0,90
2024-07-08,47.5,-92.5,90
2024-07-08,47.5,-92.0,720
2024-07-08,47.5,-91.0,180
2024-07-08,47.5,-86.5,90
2024-07-08,47.5,-85.5,90
2024-07-08,47.5,-85.0,90
2024-07-08,47.5,-83.5,180
2024-07-08,47.5,-83.0,180
2024-07-08,47.5,-82.5,810
2024-07-08,47.5,-82.0,450
2024-07-08,47.5,-81.5,90
2024-07-08,47.5,-81.0,270
2024-07-08,47.5,-80.5,180
2024-07-08,47.5,-80.0,90
2024-07-08,47.5,-77.5,90
2024-07-08,47.5,-75.5,180
2024-07-08,47.5,-75.0,360
2024-07-08,47.5,-74.5,180
2024-07-08,47.5,-74.0,180
2024-07-08,47.5,-73.5,810
2024-07-08,47.5,-73.0,540
2024-07-08,47.5,-72.5,1170
2024-07-08,47.5,-72.0,180
2024-07-08,47.5,-71.0,90
2024-07-08,47.5,-70.5,900
2024-07-08,47.5,-68.5,90
2024-07-08,47.5,-67.5,90
2024-07-08,47.5,-67.0,360
2024-07-08,47.5,-66.0,180
2024-07-08,47.5,-65.5,270
2024-07-08,48.0,-109.5,90
2024-07-08,48.0,-109.0,360
2024-07-08,48.0,-108.5,540
2024-07-08,48.0,-108.0,90
2024-07-08,48.0,-107.5,90
2024-07-08,48.0,-106.0,90
2024-07-08,48.0,-105.5,270
2024-07-08,48.0,-104.5,180
2024-07-08,48.0,-104.0,90
2024-07-08,48.0,-103.5,180
2024-07-08,48.0,-103.0,630
2024-07-08,48.0,-102.5,900
2024-07-08,48.0,-102.0,630
2024-07-08,48.0,-101.5,360
2024-07-08,48.0,-101.0,1170
2024-07-08,48.0,-100.5,1350
2024-07-08,48.0,-100.0,1170
2024-07-08,48.0,-99.5,810
2024-07-08,48.0,-99.0,90
2024-07-08,48.0,-98.5,270
2024-07-08,48.0,-98.0,180
2024-07-08,48.0,-97.5,180
2024-07-08,48.0,-95.0,270
2024-07-08,48.0,-94.5,720
2024-07-08,48.0,-94.0,90
2024-07-08,48.0,-93.5,180
2024-07-08,48.0,-93.0,450
2024-07-08,48.0,-92.5,2430
2024-07-08,48.0,-92.0,2250
2024-07-08,48.0,-91.5,720
2024-07-08,48.0,-91.0,1170
2024-07-08,48.0,-90.5,810
2024-07-08,48.0,-90.0,630
2024-07-08,48.0,-89.5,720
2024-07-08,48.0,-86.5,540
2024-07-08,48.0,-86.0,90
2024-07-08,48.0,-85.5,90
2024-07-08,48.0,-85.0,90
2024-07-08,48.0,-84.0,90
2024-07-08,48.0,-83.5,90
2024-07-08,48.0,-83.0,90
2024-07-08,48.0,-82.5,90
2024-07-08,48.0,-82.0,180
2024-07-08,48.0,-81.5,90
2024-07-08,48.0,-80.5,90
2024-07-08,48.0,-80.0,360
2024-07-08,48.0,-79.0,270
2024-07-08,48.0,-77.0,180
2024-07-08,48.0,-75.5,90
2024-07-08,48.0,-74.5,180
2024-07-08,48.0,-73.5,1620
2024-07-08,48.0,-73.0,450
2024-07-08,48.0,-72.5,720
2024-07-08,48.0,-72.0,990
2024-07-08,48.0,-71.5,450
2024-07-08,48.0,-70.5,450
2024-07-08,48.0,-70.0,360
2024-07-08,48.0,-69.5,270
2024-07-08,48.0,-67.5,90
2024-07-08,48.0,-67.0,270
2024-07-08,48.0,-65.5,90
2024-07-08,48.5,-110.5,90
2024-07-08,48.5,-110.0,180
2024-07-08,48.5,-109.5,180
2024-07-08,48.5,-109.0,180
2024-07-08,48.5,-106.5,540
2024-07-08,48.5,-106.0,90
2024-07-08,48.5,-105.5,360
2024-07-08,48.5,-105.0,630
2024-07-08,48.5,-104.5,540
2024-07-08,48.5,-104.0,810
2024-07-08,48.5,-103.5,1080
2024-07-08,48.5,-103.0,1350
2024-07-08,48.5,-102.5,1620
2024-07-08,48.5,-102.0,720
2024-07-08,48.5,-101.5,450
2024-07-08,48.5,-101.0,450
2024-07-08,48.5,-100.5,270
2024-07-08,48.5,-100.0,180
2024-07-08,48.5,-99.5,90
2024-07-08,48.5,-98.5,90
2024-07-08,48.5,-98.0,270
2024-07-08,48.5,-97.0,90
2024-07-08,48.5,-96.5,270
2024-07-08,48.5,-95.5,180
2024-07-08,48.5,-95.0,180
2024-07-08,48.5,-94.5,810
2024-07-08,48.5,-94.0,180
2024-07-08,48.5,-93.5,1710
2024-07-08,48.5,-93.0,1440
2024-07-08,48.5,-92.5,990
2024-07-08,48.5,-92.0,270
2024-07-08,48.5,-91.5,360
2024-07-08,48.5,-91.0,630
2024-07-08,48.5,-90.5,810
2024-07-08,48.5,-90.0,270
2024-07-08,48.5,-89.0,180
2024-07-08,48.5,-85.0,180
2024-07-08,48.5,-84.5,90
2024-07-08,48.5,-84.0,450
2024-07-08,48.5,-83.5,360
2024-07-08,48.5,-83.0,450
2024-07-08,48.5,-82.5,180
2024-07-08,48.5,-82.0,90
2024-07-08,48.5,-81.5,360
2024-07-08,48.5,-81.0,270
2024-07-08,48.5,-80.5,90
2024-07-08,48.5,-80.0,90
2024-07-08,48.5,-79.5,90
2024-07-08,48.5,-79.0,90
2024-07-08,48.5,-78.5,180
2024-07-08,48.5,-76.5,180
2024-07-08,48.5,-76.0,360
2024-07-08,48.5,-75.5,90
2024-07-08,48.5,-75.0,90
2024-07-08,48.5,-74.5,180
2024-07-08,48.5,-74.0,90
2024-07-08,48.5,-73.5,180
2024-07-08,48.5,-73.0,180
2024-07-08,48.5,-72.5,720
2024-07-08,48.5,-72.0,360
2024-07-08,48.5,-71.5,90
2024-07-08,48.5,-71.0,90
2024-07-08,48.5,-70.0,90
2024-07-08,48.5,-69.0,270
2024-07-08,48.5,-67.0,180
2024-07-08,48.5,-66.5,90
2024-07-08,48.5,-66.0,180
2024-07-08,48.5,-65.5,180
2024-07-08,49.0,-110.0,90
2024-07-08,49.0,-109.0,90
2024-07-08,49.0,-107.5,180
2024-07-08,49.0,-103.5,180
2024-07-08,49.0,-103.0,360
2024-07-08,49.0,-102.5,180
2024-07-08,49.0,-102.0,1530
2024-07-08,49.0,-101.5,450
2024-07-08,49.0,-101.0,450
2024-07-08,49.0,-100.5,90
2024-07-08,49.0,-100.0,990
2024-07-08,49.0,-99.5,450
2024-07-08,49.0,-99.0,180
2024-07-08,49.0,-98.5,90
2024-07-08,49.0,-97.5,1080
2024-07-08,49.0,-97.0,630
2024-07-08,49.0,-96.5,810
2024-07-08,49.0,-96.0,360
2024-07-08,49.0,-95.5,1080
2024-07-08,49.0,-95.0,1080
2024-07-08,49.0,-94.5,180
2024-07-08,49.0,-93.5,90
2024-07-08,49.0,-93.0,1800
2024-07-08,49.0,-92.5,90
2024-07-08,49.0,-92.0,270
2024-07-08,49.0,-91.5,450
2024-07-08,49.0,-91.0,630
2024-07-08,49.0,-90.5,540
2024-07-08,49.0,-90.0,540
2024-07-08,49.0,-89.5,1080
2024-07-08,49.0,-89.0,360
2024-07-08,49.0,-88.5,360
2024-07-08,49.0,-88.0,180
2024-07-08,49.0,-87.0,90
2024-07-08,49.0,-86.0,90
2024-07-08,49.0,-85.5,630
2024-07-08,49.0,-85.0,180
2024-07-08,49.0,-84.5,270
2024-07-08,49.0,-83.5,90
2024-07-08,49.0,-83.0,630
2024-07-08,49.0,-82.5,270
2024-07-08,49.0,-82.0,270
2024-07-08,49.0,-81.5,630
2024-07-08,49.0,-81.0,360
2024-07-08,49.0,-80.5,270
2024-07-08,49.0,-80.0,90
2024-07-08,49.0,-79.5,180
2024-07-08,49.0,-78.5,180
2024-07-08,49.0,-77.5,270
2024-07-08,49.0,-77.0,90
2024-07-08,49.0,-76.5,270
2024-07-08,49.0,-76.0,270
2024-07-08,49.0,-75.5,360
2024-07-08,49.0,-75.0,270
2024-07-08,49.0,-74.5,90
2024-07-08,49.0,-74.0,180
2024-07-08,49.0,-73.0,450
2024-07-08,49.0,-72.5,360
2024-07-08,49.0,-72.0,810
2024-07-08,49.0,-71.0,90
2024-07-08,49.0,-70.0,180
2024-07-08,49.0,-69.0,450
2024-07-08,49.0,-68.5,180
2024-07-08,49.0,-68.0,90
2024-07-08,49.0,-67.0,180
2024-07-08,49.0,-66.5,90
2024-07-08,49.0,-65.5,180
2024-07-08,49.5,-113.0,90
2024-07-08,49.5,-111.0,540
2024-07-08,49.5,-110.5,450
2024-07-08,49.5,-110.0,360
2024-07-08,49.5,-109.5,270
2024-07-08,49.5,-109.0,90
2024-07-08,49.5,-108.5,180
2024-07-08,49.5,-108.0,180
2024-07-08,49.5,-104.0,90
2024-07-08,49.5,-102.0,270
2024-07-08,49.5,-101.0,1080
2024-07-08,49.5,-100.5,360
2024-07-08,49.5,-100.0,990
2024-07-08,49.5,-99.5,810
2024-07-08,49.5,-99.0,1620
2024-07-08,49.5,-98.5,1350
2024-07-08,49.5,-98.0,990
2024-07-08,49.5,-97.5,1260
2024-07-08,49.5,-97.0,270
2024-07-08,49.5,-96.5,450
2024-07-08,49.5,-96.0,360
2024-07-08,49.5,-95.5,720
2024-07-08,49.5,-95.0,270
2024-07-08,49.5,-94.5,630
2024-07-08,49.5,-94.0,1080
2024-07-08,49.5,-93.5,90
2024-07-08,49.5,-93.0,360
2024-07-08,49.5,-92.0,270
2024-07-08,49.5,-91.5,90
2024-07-08,49.5,-91.0,180
2024-07-08,49.5,-90.5,630
2024-07-08,49.5,-90.0,450
2024-07-08,49.5,-89.5,630
2024-07-08,49.5,-89.0,90
2024-07-08,49.5,-88.5,90
2024-07-08,49.5,-88.0,360
2024-07-08,49.5,-87.5,90
2024-07-08,49.5,-84.5,360
2024-07-08,49.5,-84.0,900
2024-07-08,49.5,-83.5,630
2024-07-08,49.5,-83.0,1530
2024-07-08,49.5,-82.5,810
2024-07-08,49.5,-82.0,90
2024-07-08,49.5,-81.5,90
2024-07-08,49.5,-81.0,180
2024-07-08,49.5,-80.5,270
2024-07-08,49.5,-80.0,360
2024-07-08,49.5,-79.0,180
2024-07-08,49.5,-78.5,180
2024-07-08,49.5,-77.5,90
2024-07-08,49.5,-76.5,360
2024-07-08,49.5,-75.5,90
2024-07-08,49.5,-75.0,90
2024-07-08,49.5,-73.5,270
2024-07-08,49.5,-73.0,270
2024-07-08,49.5,-72.5,360
2024-07-08,49.5,-72.0,540
2024-07-08,49.5,-71.5,990
2024-07-08,49.5,-71.0,1620
2024-07-08,49.5,-70.5,1170
2024-07-08,49.5,-70.0,360
2024-07-08,49.5,-69.5,270
2024-07-08,49.5,-69.0,360
2024-07-08,49.5,-68.5,450
2024-07-08,49.5,-68.0,180
2024-07-08,49.5,-67.5,90
2024-07-08,49.5,-66.5,90
2024-07-08,50.0,-114.5,180
2024-07-08,50.0,-113.5,180
2024-07-08,50.0,-113.0,180
2024-07-08,50.0,-112.5,360
2024-07-08,50.0,-112.0,270
2024-07-08,50.0,-111.5,180
2024-07-08,50.0,-111.0,630
2024-07-08,50.0,-110.5,720
2024-07-08,50.0,-110.0,180
2024-07-08,50.0,-109.5,90
2024-07-08,50.0,-109.0,90
2024-07-08,50.0,-105.0,90
2024-07-08,50.0,-103.5,90
2024-07-08,50.0,-103.0,90
2024-07-08,50.0,-102.0,90
2024-07-08,50.0,-101.5,180
2024-07-08,50.0,-101.0,90
2024-07-08,50.0,-100.5,90
2024-07-08,50.0,-100.0,90
2024-07-08,50.0,-99.5,360
2024-07-08,50.0,-99.0,900
2024-07-08,50.0,-98.5,540
2024-07-08,50.0,-98.0,810
2024-07-08,50.0,-97.5,1800
2024-07-08,50.0,-97.0,810
2024-07-08,50.0,-96.5,450
2024-07-08,50.0,-96.0,360
2024-07-08,50.0,-95.5,540
2024-07-08,50.0,-95.0,360
2024-07-08,50.0,-94.5,1620
2024-07-08,50.0,-94.0,540
2024-07-08,50.0,-93.5,270
2024-07-08,50.0,-93.0,90
2024-07-08,50.0,-92.5,270
2024-07-08,50.0,-92.0,180
2024-07-08,50.0,-91.5,180
2024-07-08,50.0,-91.0,720
2024-07-08,50.0,-90.5,720
2024-07-08,50.0,-90.0,360
2024-07-08,50.0,-89.5,450
2024-07-08,50.0,-89.0,360
2024-07-08,50.0,-88.5,270
2024-07-08,50.0,-88.0,270
2024-07-08,50.0,-87.5,360
2024-07-08,50.0,-87.0,450
2024-07-08,50.0,-86.5,720
2024-07-08,50.0,-86.0,270
2024-07-08,50.0,-85.5,360
2024-07-08,50.0,-85.0,2340
2024-07-08,50.0,-84.5,2160
2024-07-08,50.0,-84.0,630
2024-07-08,50.0,-83.5,990
2024-07-08,50.0,-83.0,990
2024-07-08,50.0,-82.5,1170
2024-07-08,50.0,-82.0,360
2024-07-08,50.0,-81.5,90
2024-07-08,50.0,-81.0,90
2024-07-08,50.0,-80.0,180
2024-07-08,50.0,-79.0,540
2024-07-08,50.0,-78.5,540
2024-07-08,50.0,-78.0,90
2024-07-08,50.0,-77.5,270
2024-07-08,50.0,-76.5,90
2024-07-08,50.0,-76.0,270
2024-07-08,50.0,-75.5,270
2024-07-08,50.0,-75.0,360
2024-07-08,50.0,-74.5,1350
2024-07-08,50.0,-74.0,270
2024-07-08,50.0,-73.5,360
2024-07-08,50.0,-73.0,180
2024-07-08,50.0,-72.5,180
2024-07-08,50.0,-72.0,270
2024-07-08,50.0,-71.5,270
2024-07-08,50.0,-71.0,450
2024-07-08,50.0,-70.5,1800
2024-07-08,50.0,-70.0,720
2024-07-08,50.0,-69.5,180
2024-07-08,50.0,-69.0,270
2024-07-08,50.0,-68.5,180
2024-07-08,50.0,-67.5,360
2024-07-08,50.0,-67.0,450
2024-07-08,50.0,-66.5,90
2024-07-08,50.5,-113.0,90
2024-07-08,50.5,-112.5,270
2024-07-08,50.5,-111.5,270
2024-07-08,50.5,-111.0,90
2024-07-08,50.5,-110.5,90
2024-07-08,50.5,-110.0,90
2024-07-08,50.5,-109.0,90
2024-07-08,50.5,-108.5,90
2024-07-08,50.5,-108.0,90
2024-07-08,50.5,-107.0,180
2024-07-08,50.5,-105.0,90
2024-07-08,50.5,-104.0,270
2024-07-08,50.5,-101.5,360
2024-07-08,50.5,-101.0,180
2024-07-08,50.5,-100.5,360
2024-07-08,50.5,-100.0,630
2024-07-08,50.5,-99.5,270
2024-07-08,50.5,-99.0,630
2024-07-08,50.5,-98.0,450
2024-07-08,50.5,-97.5,3150
2024-07-08,50.5,-97.0,1080
2024-07-08,50.5,-96.5,1440
2024-07-08,50.5,-96.0,810
2024-07-08,50.5,-95.5,810
2024-07-08,50.5,-95.0,1080
2024-07-08,50.5,-94.5,810
2024-07-08,50.5,-94.0,630
2024-07-08,50.5,-93.5,450
2024-07-08,50.5,-93.0,990
2024-07-08,50.5,-92.5,180
2024-07-08,50.5,-92.0,540
2024-07-08,50.5,-91.5,630
2024-07-08,50.5,-91.0,540
2024-07-08,50.5,-90.5,450
2024-07-08,50.5,-90.0,810
2024-07-08,50.5,-89.5,1440
2024-07-08,50.5,-89.0,1350
2024-07-08,50.5,-88.5,2160
2024-07-08,50.5,-88.0,2700
2024-07-08,50.5,-87.5,1440
2024-07-08,50.5,-87.0,900
2024-07-08,50.5,-86.5,540
2024-07-08,50.5,-86.0,1530
2024-07-08,50.5,-85.5,1170
2024-07-08,50.5,-85.0,900
2024-07-08,50.5,-84.5,1080
2024-07-08,50.5,-84.0,1170
2024-07-08,50.5,-83.5,270
2024-07-08,50.5,-83.0,1350
2024-07-08,50.5,-82.5,720
2024-07-08,50.5,-82.0,180
2024-07-08,50.5,-81.5,1530
2024-07-08,50.5,-81.0,450
2024-07-08,50.5,-80.0,90
2024-07-08,50.5,-79.5,180
2024-07-08,50.5,-79.0,540
2024-07-08,50.5,-78.5,450
2024-07-08,50.5,-78.0,630
2024-07-08,50.5,-77.5,270
2024-07-08,50.5,-76.5,90
2024-07-08,50.5,-75.0,360
2024-07-08,50.5,-74.5,360
2024-07-08,50.5,-74.0,180
2024-07-08,50.5,-73.0,810
2024-07-08,50.5,-72.5,450
2024-07-08,50.5,-72.0,360
2024-07-08,50.5,-71.5,540
2024-07-08,50.5,-71.0,630
2024-07-08,50.5,-70.5,1980
2024-07-08,50.5,-69.5,90
2024-07-08,50.5,-69.0,90
2024-07-08,50.5,-68.5,180
2024-07-08,50.5,-67.0,180
2024-07-08,50.5,-66.0,450
2024-07-08,50.5,-65.5,90
2024-07-08,51.0,-113.0,90
2024-07-08,51.0,-112.0,90
2024-07-08,51.0,-111.5,630
2024-07-08,51.0,-111.0,360
2024-07-08,51.0,-110.5,180
2024-07-08,51.0,-110.0,270
2024-07-08,51.0,-109.0,90
2024-07-08,51.0,-108.5,180
2024-07-08,51.0,-108.0,180
2024-07-08,51.0,-107.5,270
2024-07-08,51.0,-107.0,360
2024-07-08,51.0,-106.0,270
2024-07-08,51.0,-105.0,1350
2024-07-08,51.0,-104.5,360
2024-07-08,51.0,-104.0,450
2024-07-08,51.0,-103.5,270
2024-07-08,51.0,-103.0,90
2024-07-08,51.0,-102.5,270
2024-07-08,51.0,-102.0,270
2024-07-08,51.0,-101.0,540
2024-07-08,51.0,-100.5,1530
2024-07-08,51.0,-100.0,180
2024-07-08,51.0,-99.0,630
2024-07-08,51.0,-98.5,1710
2024-07-08,51.0,-98.0,3240
2024-07-08,51.0,-97.5,2070
2024-07-08,51.0,-97.0,450
2024-07-08,51.0,-96.5,360
2024-07-08,51.0,-96.0,1260
2024-07-08,51.0,-95.5,2520
2024-07-08,51.0,-95.0,2520
2024-07-08,51.0,-94.5,1080
2024-07-08,51.0,-94.0,360
2024-07-08,51.0,-93.5,270
2024-07-08,51.0,-93.0,360
2024-07-08,51.0,-92.5,1710
2024-07-08,51.0,-92.0,1620
2024-07-08,51.0,-91.5,1710
2024-07-08,51.0,-91.0,1260
2024-07-08,51.0,-90.5,630
2024-07-08,51.0,-90.0,360
2024-07-08,51.0,-89.5,720
2024-07-08,51.0,-89.0,2340
2024-07-08,51.0,-88.5,900
2024-07-08,51.0,-88.0,1260
2024-07-08,51.0,-87.5,900
2024-07-08,51.0,-87.0,810
2024-07-08,51.0,-86.5,1260
2024-07-08,51.0,-86.0,810
2024-07-08,51.0,-85.5,2700
2024-07-08,51.0,-85.0,630
2024-07-08,51.0,-84.5,2520
2024-07-08,51.0,-84.0,900
2024-07-08,51.0,-83.5,720
2024-07-08,51.0,-83.0,540
2024-07-08,51.0,-82.5,2880
2024-07-08,51.0,-82.0,4410
2024-07-08,51.0,-81.5,1980
2024-07-08,51.0,-81.0,360
2024-07-08,51.0,-80.5,180
2024-07-08,51.0,-80.0,90
2024-07-08,51.0,-79.5,990
2024-07-08,51.0,-79.0,720
2024-07-08,51.0,-78.5,180
2024-07-08,51.0,-78.0,540
2024-07-08,51.0,-77.5,450
2024-07-08,51.0,-76.5,360
2024-07-08,51.0,-75.5,180
2024-07-08,51.0,-75.0,270
2024-07-08,51.0,-74.5,180
2024-07-08,51.0,-73.5,450
2024-07-08,51.0,-73.0,180
2024-07-08,51.0,-72.5,180
2024-07-08,51.0,-72.0,270
2024-07-08,51.0,-71.0,810
2024-07-08,51.0,-70.5,900
2024-07-08,51.0,-70.0,270
2024-07-08,51.0,-69.5,270
2024-07-08,51.0,-69.0,90
2024-07-08,51.0,-68.5,90
2024-07-08,51.0,-66.5,360
2024-07-08,51.0,-65.5,90
2024-07-08,51.5,-113.0,180
2024-07-08,51.5,-112.5,90
2024-07-08,51.5,-112.0,90
2024-07-08,51.5,-111.0,270
2024-07-08,51.5,-110.0,270
2024-07-08,51.5,-109.5,90
2024-07-08,51.5,-108.0,90
2024-07-08,51.5,-107.0,180
2024-07-08,51.5,-106.5,360
2024-07-08,51.5,-106.0,90
2024-07-08,51.5,-105.5,540
2024-07-08,51.5,-105.0,720
2024-07-08,51.5,-104.5,180
2024-07-08,51.5,-104.0,180
2024-07-08,51.5,-103.5,270
2024-07-08,51.5,-103.0,540
2024-07-08,51.5,-102.5,180
2024-07-08,51.5,-102.0,630
2024-07-08,51.5,-101.5,1440
2024-07-08,51.5,-101.0,1260
2024-07-08,51.5,-100.5,450
2024-07-08,51.5,-100.0,720
2024-07-08,51.5,-99.5,270
2024-07-08,51.5,-98.5,1080
2024-07-08,51.5,-98.0,810
2024-07-08,51.5,-97.0,360
2024-07-08,51.5,-96.5,990
2024-07-08,51.5,-96.0,540
2024-07-08,51.5,-95.5,360
2024-07-08,51.5,-95.0,450
2024-07-08,51.5,-94.5,810
2024-07-08,51.5,-94.0,720
2024-07-08,51.5,-93.5,1980
2024-07-08,51.5,-93.0,1980
2024-07-08,51.5,-92.5,1800
2024-07-08,51.5,-92.0,1440
2024-07-08,51.5,-91.5,1260
2024-07-08,51.5,-91.0,1890
2024-07-08,51.5,-90.5,1530
2024-07-08,51.5,-90.0,990
2024-07-08,51.5,-89.5,450
2024-07-08,51.5,-89.0,180
2024-07-08,51.5,-88.5,900
2024-07-08,51.5,-88.0,900
2024-07-08,51.5,-87.5,450
2024-07-08,51.5,-87.0,3060
2024-07-08,51.5,-86.5,1620
2024-07-08,51.5,-86.0,360
2024-07-08,51.5,-85.5,900
2024-07-08,51.5,-85.0,630
2024-07-08,51.5,-84.5,720
2024-07-08,51.5,-84.0,4590
2024-07-08,51.5,-83.5,2340
2024-07-08,51.5,-83.0,1440
2024-07-08,51.5,-82.5,900
2024-07-08,51.5,-82.0,450
2024-07-08,51.5,-81.5,360
2024-07-08,51.5,-81.0,180
2024-07-08,51.5,-78.0,90
2024-07-08,51.5,-77.5,450
2024-07-08,51.5,-77.0,270
2024-07-08,51.5,-76.5,360
2024-07-08,51.5,-76.0,990
2024-07-08,51.5,-75.5,720
2024-07-08,51.5,-75.0,270
2024-07-08,51.5,-74.5,450
2024-07-08,51.5,-74.0,360
2024-07-08,51.5,-73.0,900
2024-07-08,51.5,-72.0,720
2024-07-08,51.5,-71.5,360
2024-07-08,51.5,-71.0,720
2024-07-08,51.5,-70.5,360
2024-07-08,51.5,-70.0,630
2024-07-08,51.5,-69.5,180
2024-07-08,51.5,-69.0,90
2024-07-08,51.5,-68.5,180
2024-07-08,51.5,-68.0,90
2024-07-08,51.5,-67.5,90
2024-07-08,51.5,-67.0,90
2024-07-08,51.5,-66.5,360
2024-07-08,51.5,-65.5,180
2024-07-08,52.0,-113.0,90
2024-07-08,52.0,-111.5,180
2024-07-08,52.0,-111.0,270
2024-07-08,52.0,-110.5,90
2024-07-08,52.0,-109.5,90
2024-07-08,52.0,-109.0,90
2024-07-08,52.0,-108.5,270
2024-07-08,52.0,-108.0,180
2024-07-08,52.0,-107.5,900
2024-07-08,52.0,-107.0,540
2024-07-08,52.0,-106.5,810
2024-07-08,52.0,-106.0,630
2024-07-08,52.0,-105.5,90
2024-07-08,52.0,-105.0,630
2024-07-08,52.0,-104.5,180
2024-07-08,52.0,-103.5,810
2024-07-08,52.0,-103.0,450
2024-07-08,52.0,-102.5,1080
2024-07-08,52.0,-102.0,1980
2024-07-08,52.0,-101.5,1980
2024-07-08,52.0,-101.0,1260
2024-07-08,52.0,-100.5,360
2024-07-08,52.0,-100.0,540
2024-07-08,52.0,-99.5,1260
2024-07-08,52.0,-99.0,1080
2024-07-08,52.0,-98.5,450
2024-07-08,52.0,-98.0,1170
2024-07-08,52.0,-97.5,990
2024-07-08,52.0,-97.0,180
2024-07-08,52.0,-96.5,1440
2024-07-08,52.0,-96.0,1260
2024-07-08,52.0,-95.5,2250
2024-07-08,52.0,-95.0,1080
2024-07-08,52.0,-94.5,630
2024-07-08,52.0,-94.0,1260
2024-07-08,52.0,-93.5,1080
2024-07-08,52.0,-93.0,3960
2024-07-08,52.0,-92.5,2250
2024-07-08,52.0,-92.0,1350
2024-07-08,52.0,-91.5,630
2024-07-08,52.0,-91.0,540
2024-07-08,52.0,-90.5,90
2024-07-08,52.0,-90.0,180
2024-07-08,52.0,-89.5,540
2024-07-08,52.0,-89.0,360
2024-07-08,52.0,-88.5,630
2024-07-08,52.0,-88.0,1080
2024-07-08,52.0,-87.5,720
2024-07-08,52.0,-87.0,90
2024-07-08,52.0,-86.5,450
2024-07-08,52.0,-86.0,1530
2024-07-08,52.0,-85.5,180
2024-07-08,52.0,-85.0,360
2024-07-08,52.0,-84.5,360
2024-07-08,52.0,-84.0,1170
2024-07-08,52.0,-83.5,360
2024-07-08,52.0,-83.0,540
2024-07-08,52.0,-82.0,270
2024-07-08,52.0,-80.5,180
2024-07-08,52.0,-79.5,90
2024-07-08,52.0,-77.5,90
2024-07-08,52.0,-76.5,360
2024-07-08,52.0,-76.0,90
2024-07-08,52.0,-75.5,270
2024-07-08,52.0,-75.0,450
2024-07-08,52.0,-74.5,450
2024-07-08,52.0,-74.0,810
2024-07-08,52.0,-73.5,1260
2024-07-08,52.0,-73.0,720
2024-07-08,52.0,-72.5,540
2024-07-08,52.0,-72.0,450
2024-07-08,52.0,-71.5,360
2024-07-08,52.0,-71.0,180
2024-07-08,52.0,-70.0,270
2024-07-08,52.0,-69.5,360
2024-07-08,52.0,-69.0,90
2024-07-08,52.0,-68.5,360
2024-07-08,52.0,-68.0,180
2024-07-08,52.0,-67.5,180
2024-07-08,52.0,-67.0,90
2024-07-08,52.0,-66.5,90
2024-07-08,52.0,-66.0,180
2024-07-08,52.0,-65.5,90
2024-07-08,52.5,-116.0,180
2024-07-08,52.5,-115.0,180
2024-07-08,52.5,-114.5,180
2024-07-08,52.5,-114.0,180
2024-07-08,52.5,-113.0,90
2024-07-08,52.5,-112.0,90
2024-07-08,52.5,-111.5,180
2024-07-08,52.5,-111.0,90
2024-07-08,52.5,-110.5,540
2024-07-08,52.5,-110.0,450
2024-07-08,52.5,-109.5,810
2024-07-08,52.5,-109.0,630
2024-07-08,52.5,-108.5,1260
2024-07-08,52.5,-108.0,1260
2024-07-08,52.5,-107.5,360
2024-07-08,52.5,-107.0,810
2024-07-08,52.5,-106.5,180
2024-07-08,52.5,-106.0,180
2024-07-08,52.5,-105.5,1170
2024-07-08,52.5,-105.0,270
2024-07-08,52.5,-104.5,630
2024-07-08,52.5,-103.5,90
2024-07-08,52.5,-103.0,540
2024-07-08,52.5,-102.5,1440
2024-07-08,52.5,-102.0,1890
2024-07-08,52.5,-101.5,1620
2024-07-08,52.5,-101.0,360
2024-07-08,52.5,-100.5,90
2024-07-08,52.5,-100.0,630
2024-07-08,52.5,-99.5,810
2024-07-08,52.5,-99.0,810
2024-07-08,52.5,-98.5,900
2024-07-08,52.5,-98.0,1260
2024-07-08,52.5,-97.5,1350
2024-07-08,52.5,-97.0,630
2024-07-08,52.5,-96.5,450
2024-07-08,52.5,-96.0,990
2024-07-08,52.5,-95.5,540
2024-07-08,52.5,-95.0,630
2024-07-08,52.5,-94.5,1710
2024-07-08,52.5,-94.0,1890
2024-07-08,52.5,-93.5,3150
2024-07-08,52.5,-93.0,1620
2024-07-08,52.5,-92.5,810
2024-07-08,52.5,-92.0,630
2024-07-08,52.5,-91.5,990
2024-07-08,52.5,-91.0,270
2024-07-08,52.5,-90.5,900
2024-07-08,52.5,-90.0,1080
2024-07-08,52.5,-89.5,1170
2024-07-08,52.5,-89.0,720
2024-07-08,52.5,-88.5,630
2024-07-08,52.5,-88.0,1440
2024-07-08,52.5,-87.5,360
2024-07-08,52.5,-87.0,1440
2024-07-08,52.5,-86.5,270
2024-07-08,52.5,-86.0,90
2024-07-08,52.5,-85.5,90
2024-07-08,52.5,-85.0,360
2024-07-08,52.5,-84.5,90
2024-07-08,52.5,-84.0,180
2024-07-08,52.5,-83.5,180
2024-07-08,52.5,-82.5,90
2024-07-08,52.5,-82.0,180
2024-07-08,52.5,-81.5,90
2024-07-08,52.5,-78.5,90
2024-07-08,52.5,-75.5,360
2024-07-08,52.5,-75.0,270
2024-07-08,52.5,-74.5,1170
2024-07-08,52.5,-74.0,810
2024-07-08,52.5,-73.5,900
2024-07-08,52.5,-73.0,270
2024-07-08,52.5,-72.5,810
2024-07-08,52.5,-72.0,270
2024-07-08,52.5,-71.5,270
2024-07-08,52.5,-71.0,360
2024-07-08,52.5,-70.5,360
2024-07-08,52.5,-70.0,180
2024-07-08,52.5,-69.5,360
2024-07-08,52.5,-69.0,540
2024-07-08,52.5,-68.5,180
2024-07-08,52.5,-68.0,270
2024-07-08,52.5,-67.5,180
2024-07-08,53.0,-113.5,270
2024-07-08,53.0,-113.0,90
2024-07-08,53.0,-112.5,180
2024-07-08,53.0,-112.0,90
2024-07-08,53.0,-111.5,180
2024-07-08,53.0,-111.0,90
2024-07-08,53.0,-110.5,180
2024-07-08,53.0,-110.0,540
2024-07-08,53.0,-109.5,540
2024-07-08,53.0,-109.0,1530
2024-07-08,53.0,-108.5,1620
2024-07-08,53.0,-108.0,1080
2024-07-08,53.0,-107.5,270
2024-07-08,53.0,-107.0,810
2024-07-08,53.0,-106.5,180
2024-07-08,53.0,-106.0,1710
2024-07-08,53.0,-105.5,270
2024-07-08,53.0,-105.0,540
2024-07-08,53.0,-104.5,630
2024-07-08,53.0,-104.0,90
2024-07-08,53.0,-103.5,90
2024-07-08,53.0,-102.0,1350
2024-07-08,53.0,-101.5,990
2024-07-08,53.0,-101.0,450
2024-07-08,53.0,-100.5,360
2024-07-08,53.0,-100.0,450
2024-07-08,53.0,-99.5,360
2024-07-08,53.0,-99.0,270
2024-07-08,53.0,-98.5,180
2024-07-08,53.0,-98.0,180
2024-07-08,53.0,-96.5,180
2024-07-08,53.0,-96.0,270
2024-07-08,53.0,-95.0,1710
2024-07-08,53.0,-94.5,4680
2024-07-08,53.0,-94.0,1980
2024-07-08,53.0,-93.5,540
2024-07-08,53.0,-93.0,900
2024-07-08,53.0,-92.5,540
2024-07-08,53.0,-92.0,540
2024-07-08,53.0,-91.5,630
2024-07-08,53.0,-91.0,540
2024-07-08,53.0,-90.5,630
2024-07-08,53.0,-90.0,270
2024-07-08,53.0,-89.5,2430
2024-07-08,53.0,-89.0,180
2024-07-08,53.0,-88.5,450
2024-07-08,53.0,-88.0,360
2024-07-08,53.0,-87.0,90
2024-07-08,53.0,-85.5,90
2024-07-08,53.0,-84.0,270
2024-07-08,53.0,-83.5,360
2024-07-08,53.0,-76.5,90
2024-07-08,53.0,-76.0,90
2024-07-08,53.0,-75.5,90
2024-07-08,53.0,-74.0,540
2024-07-08,53.0,-73.5,1350
2024-07-08,53.0,-73.0,450
2024-07-08,53.0,-72.5,540
2024-07-08,53.0,-72.0,270
2024-07-08,53.0,-71.5,540
2024-07-08,53.0,-70.0,180
2024-07-08,53.0,-69.0,180
2024-07-08,53.0,-68.5,360
2024-07-08,53.0,-68.0,90
2024-07-08,53.0,-66.5,270
2024-07-08,53.0,-66.0,90
2024-07-08,53.5,-113.0,90
2024-07-08,53.5,-112.5,360
2024-07-08,53.5,-112.0,180
2024-07-08,53.5,-111.5,90
2024-07-08,53.5,-111.0,90
2024-07-08,53.5,-110.5,360
2024-07-08,53.5,-110.0,540
2024-07-08,53.5,-109.5,450
2024-07-08,53.5,-108.5,360
2024-07-08,53.5,-108.0,630
2024-07-08,53.5,-107.5,450
2024-07-08,53.5,-107.0,270
2024-07-08,53.5,-106.5,810
2024-07-08,53.5,-106.0,1260
2024-07-08,53.5,-105.5,90
2024-07-08,53.5,-105.0,810
2024-07-08,53.5,-104.5,90
2024-07-08,53.5,-104.0,180
2024-07-08,53.5,-103.5,90
2024-07-08,53.5,-102.0,360
2024-07-08,53.5,-101.5,540
2024-07-08,53.5,-101.0,180
2024-07-08,53.5,-100.5,90
2024-07-08,53.5,-100.0,630
2024-07-08,53.5,-99.5,90
2024-07-08,53.5,-99.0,180
2024-07-08,53.5,-98.5,90
2024-07-08,53.5,-97.5,90
2024-07-08,53.5,-97.0,90
2024-07-08,53.5,-95.5,180
2024-07-08,53.5,-95.0,990
2024-07-08,53.5,-94.5,2250
2024-07-08,53.5,-94.0,2610
2024-07-08,53.5,-93.5,1170
2024-07-08,53.5,-93.0,270
2024-07-08,53.5,-92.5,720
2024-07-08,53.5,-92.0,270
2024-07-08,53.5,-91.5,450
2024-07-08,53.5,-91.0,180
2024-07-08,53.5,-90.5,720
2024-07-08,53.5,-90.0,90
2024-07-08,53.5,-89.0,90
2024-07-08,53.5,-87.0,270
2024-07-08,53.5,-86.5,180
2024-07-08,53.5,-84.5,180
2024-07-08,53.5,-84.0,180
2024-07-08,53.5,-83.5,270
2024-07-08,53.5,-83.0,90
2024-07-08,53.5,-82.5,180
2024-07-08,53.5,-77.0,90
2024-07-08,53.5,-74.5,90
2024-07-08,53.5,-73.5,90
2024-07-08,53.5,-72.5,270
2024-07-08,53.5,-72.0,360
2024-07-08,53.5,-71.5,360
2024-07-08,53.5,-70.5,450
2024-07-08,53.5,-69.5,90
2024-07-08,53.5,-69.0,180
2024-07-08,53.5,-68.5,270
2024-07-08,53.5,-68.0,540
2024-07-08,53.5,-67.5,900
2024-07-08,53.5,-67.0,180
2024-07-08,53.5,-66.5,180
2024-07-08,53.5,-66.0,90
2024-07-08,54.0,-115.5,90
2024-07-08,54.0,-115.0,90
2024-07-08,54.0,-112.5,360
2024-07-08,54.0,-112.0,90
2024-07-08,54.0,-111.5,180
2024-07-08,54.0,-110.0,90
2024-07-08,54.0,-109.5,180
2024-07-08,54.0,-108.5,1260
2024-07-08,54.0,-108.0,540
2024-07-08,54.0,-107.5,630
2024-07-08,54.0,-107.0,360
2024-07-08,54.0,-106.0,270
2024-07-08,54.0,-105.5,270
2024-07-08,54.0,-105.0,180
2024-07-08,54.0,-104.5,540
2024-07-08,54.0,-104.0,180
2024-07-08,54.0,-103.5,360
2024-07-08,54.0,-103.0,270
2024-07-08,54.0,-102.5,360
2024-07-08,54.0,-102.0,90
2024-07-08,54.0,-101.5,630
2024-07-08,54.0,-101.0,360
2024-07-08,54.0,-100.5,360
2024-07-08,54.0,-100.0,90
2024-07-08,54.0,-98.0,90
2024-07-08,54.0,-96.0,180
2024-07-08,54.0,-95.5,270
2024-07-08,54.0,-95.0,2250
2024-07-08,54.0,-94.5,1080
2024-07-08,54.0,-94.0,990
2024-07-08,54.0,-93.5,1620
2024-07-08,54.0,-93.0,630
2024-07-08,54.0,-92.5,1260
2024-07-08,54.0,-92.0,450
2024-07-08,54.0,-91.5,810
2024-07-08,54.0,-91.0,360
2024-07-08,54.0,-90.0,450
2024-07-08,54.0,-89.0,90
2024-07-08,54.0,-88.5,180
2024-07-08,54.0,-88.0,90
2024-07-08,54.0,-86.0,90
2024-07-08,54.0,-85.0,90
2024-07-08,54.0,-84.0,180
2024-07-08,54.0,-83.5,180
2024-07-08,54.0,-83.0,270
2024-07-08,54.0,-82.0,90
2024-07-08,54.0,-72.5,90
2024-07-08,54.0,-72.0,90
2024-07-08,54.0,-71.5,90
2024-07-08,54.0,-70.5,270
2024-07-08,54.0,-70.0,180
2024-07-08,54.0,-69.5,90
2024-07-08,54.0,-68.5,90
2024-07-08,54.0,-67.5,90
2024-07-08,54.0,-67.0,270
2024-07-08,54.0,-66.5,270
2024-07-08,54.0,-66.0,90
2024-07-08,54.0,-65.5,180
2024-07-08,54.5,-110.5,90
2024-07-08,54.5,-109.5,270
2024-07-08,54.5,-109.0,1170
2024-07-08,54.5,-108.5,1980
2024-07-08,54.5,-108.0,2430
2024-07-08,54.5,-107.5,450
2024-07-08,54.5,-107.0,450
2024-07-08,54.5,-106.5,180
2024-07-08,54.5,-106.0,90
2024-07-08,54.5,-105.5,630
2024-07-08,54.5,-105.0,270
2024-07-08,54.5,-104.5,270
2024-07-08,54.5,-104.0,900
2024-07-08,54.5,-103.5,90
2024-07-08,54.5,-103.0,180
2024-07-08,54.5,-102.5,180
2024-07-08,54.5,-99.0,90
2024-07-08,54.5,-97.0,90
2024-07-08,54.5,-95.0,540
2024-07-08,54.5,-94.5,1080
2024-07-08,54.5,-94.0,1080
2024-07-08,54.5,-93.5,1260
2024-07-08,54.5,-93.0,990
2024-07-08,54.5,-92.5,1350
2024-07-08,54.5,-92.0,540
2024-07-08,54.5,-91.5,630
2024-07-08,54.5,-91.0,360
2024-07-08,54.5,-90.5,720
2024-07-08,54.5,-90.0,90
2024-07-08,54.5,-89.5,450
2024-07-08,54.5,-88.5,180
2024-07-08,54.5,-88.0,90
2024-07-08,54.5,-87.5,180
2024-07-08,54.5,-87.0,90
2024-07-08,54.5,-83.0,90
2024-07-08,54.5,-82.0,90
2024-07-08,54.5,-80.0,90
2024-07-08,54.5,-78.0,180
2024-07-08,54.5,-77.0,90
2024-07-08,54.5,-75.5,90
2024-07-08,54.5,-75.0,90
2024-07-08,54.5,-71.5,90
2024-07-08,54.5,-71.0,90
2024-07-08,54.5,-70.5,90
2024-07-08,54.5,-70.0,180
2024-07-08,54.5,-67.0,90
2024-07-08,54.5,-66.5,90
2024-07-08,54.5,-66.0,270
2024-07-08,54.5,-65.5,360
2024-07-15,20.0,-105.5,2430
2024-07-15,20.0,-105.0,1890
2024-07-15,20.0,-104.5,3330
2024-07-15,20.0,-104.0,4230
2024-07-15,20.0,-103.5,2430
2024-07-15,20.0,-103.0,2250
2024-07-15,20.0,-102.5,1980
2024-07-15,20.0,-102.0,2880
2024-07-15,20.0,-101.5,4230
2024-07-15,20.0,-101.0,2880
2024-07-15,20.0,-100.5,1980
2024-07-15,20.0,-100.0,2160
2024-07-15,20.0,-99.5,1440
2024-07-15,20.0,-99.0,900
2024-07-15,20.0,-98.5,1350
2024-07-15,20.0,-98.0,2790
2024-07-15,20.0,-97.5,270
2024-07-15,20.0,-97.0,630
2024-07-15,20.0,-96.5,900
2024-07-15,20.0,-96.0,90
2024-07-15,20.0,-95.5,720
2024-07-15,20.0,-95.0,450
2024-07-15,20.0,-94.0,180
2024-07-15,20.0,-93.5,630
2024-07-15,20.0,-93.0,1080
2024-07-15,20.0,-92.5,270
2024-07-15,20.0,-92.0,90
2024-07-15,20.0,-91.5,270
2024-07-15,20.0,-91.0,1530
2024-07-15,20.0,-90.5,3870
2024-07-15,20.0,-90.0,1890
2024-07-15,20.0,-89.5,2790
2024-07-15,20.0,-89.0,4950
2024-07-15,20.0,-88.5,5310
2024-07-15,20.0,-88.0,1800
2024-07-15,20.0,-87.5,1080
2024-07-15,20.0,-87.0,270
2024-07-15,20.0,-86.5,630
2024-07-15,20.0,-86.0,450
2024-07-15,20.0,-85.5,180
2024-07-15,20.0,-85.0,450
2024-07-15,20.0,-84.5,360
2024-07-15,20.0,-84.0,180
2024-07-15,20.0,-83.0,90
2024-07-15,20.0,-82.5,270
2024-07-15,20.0,-82.0,270
2024-07-15,20.0,-81.5,270
2024-07-15,20.0,-80.5,1350
2024-07-15,20.0,-80.0,810
2024-07-15,20.0,-79.5,270
2024-07-15,20.0,-79.0,3780
2024-07-15,20.0,-78.5,1170
2024-07-15,20.0,-78.0,2430
2024-07-15,20.0,-77.5,7290
2024-07-15,20.0,-77.0,4860
2024-07-15,20.0,-76.5,6120
2024-07-15,20.0,-76.0,4950
2024-07-15,20.0,-75.5,3870
2024-07-15,20.0,-75.0,3690
2024-07-15,20.0,-74.5,3330
2024-07-15,20.0,-71.5,90
2024-07-15,20.0,-71.0,540
2024-07-15,20.0,-70.5,1080
2024-07-15,20.0,-70.0,2520
2024-07-15,20.0,-69.5,720
2024-07-15,20.0,-69.0,180
2024-07-15,20.0,-68.0,270
2024-07-15,20.0,-67.0,90
2024-07-15,20.5,-105.5,1260
2024-07-15,20.5,-105.0,2610
2024-07-15,20.5,-104.5,2610
2024-07-15,20.5,-104.0,7020
2024-07-15,20.5,-103.5,4860
2024-07-15,20.5,-103.0,2430
2024-07-15,20.5,-102.5,3060
2024-07-15,20.5,-102.0,2430
2024-07-15,20.5,-101.5,2070
2024-07-15,20.5,-101.0,2790
2024-07-15,20.5,-100.5,2340
2024-07-15,20.5,-100.0,2340
2024-07-15,20.5,-99.5,900
2024-07-15,20.5,-99.0,1170
2024-07-15,20.5,-98.5,2340
2024-07-15,20.5,-98.0,810
2024-07-15,20.5,-97.5,810
2024-07-15,20.5,-97.0,810
2024-07-15,20.5,-96.5,540
2024-07-15,20.5,-96.0,180
2024-07-15,20.5,-95.5,180
2024-07-15,20.5,-95.0,270
2024-07-15,20.5,-94.0,90
2024-07-15,20.5,-93.5,1080
2024-07-15,20.5,-93.0,450
2024-07-15,20.5,-92.5,450
2024-07-15,20.5,-92.0,270
2024-07-15,20.5,-91.5,90
2024-07-15,20.5,-91.0,540
2024-07-15,20.5,-90.5,2790
2024-07-15,20.5,-90.0,990
2024-07-15,20.5,-89.5,3060
2024-07-15,20.5,-89.0,3150
2024-07-15,20.5,-88.5,4500
2024-07-15,20.5,-88.0,5580
2024-07-15,20.5,-87.5,630
2024-07-15,20.5,-87.0,360
2024-07-15,20.5,-86.5,270
2024-07-15,20.5,-86.0,1890
2024-07-15,20.5,-85.5,270
2024-07-15,20.5,-85.0,540
2024-07-15,20.5,-84.5,180
2024-07-15,20.5,-83.0,360
2024-07-15,20.5,-82.5,450
2024-07-15,20.5,-82.0,360
2024-07-15,20.5,-81.5,540
2024-07-15,20.5,-81.0,990
2024-07-15,20.5,-80.5,630
2024-07-15,20.5,-80.0,810
2024-07-15,20.5,-79.5,3780
2024-07-15,20.5,-79.0,2790
2024-07-15,20.5,-78.5,2880
2024-07-15,20.5,-78.0,2070
2024-07-15,20.5,-77.5,7020
2024-07-15,20.5,-77.0,9900
2024-07-15,20.5,-76.5,3150
2024-07-15,20.5,-76.0,1530
2024-07-15,20.5,-75.5,3600
2024-07-15,20.5,-75.0,2520
2024-07-15,20.5,-74.5,2340
2024-07-15,20.5,-74.0,990
2024-07-15,20.5,-72.0,360
2024-07-15,20.5,-71.5,1080
2024-07-15,20.5,-71.0,810
2024-07-15,20.5,-70.5,540
2024-07-15,20.5,-70.0,180
2024-07-15,20.5,-69.0,180
2024-07-15,20.5,-68.0,90
2024-07-15,20.5,-67.0,90
2024-07-15,20.5,-66.5,90
2024-07-15,21.0,-105.5,450
2024-07-15,21.0,-105.0,1260
2024-07-15,21.0,-104.5,2070
2024-07-15,21.0,-104.0,2700
2024-07-15,21.0,-103.5,1980
2024-07-15,21.0,-103.0,2160
2024-07-15,21.0,-102.5,1980
2024-07-15,21.0,-102.0,1260
2024-07-15,21.0,-101.5,2250
2024-07-15,21.0,-101.0,1980
2024-07-15,21.0,-100.5,1800
2024-07-15,21.0,-100.0,1350
2024-07-15,21.0,-99.5,1530
2024-07-15,21.0,-99.0,3690
2024-07-15,21.0,-98.5,1170
2024-07-15,21.0,-98.0,810
2024-07-15,21.0,-97.5,180
2024-07-15,21.0,-97.0,270
2024-07-15,21.0,-96.5,180
2024-07-15,21.0,-96.0,180
2024-07-15,21.0,-95.5,180
2024-07-15,21.0,-95.0,90
2024-07-15,21.0,-93.5,360
2024-07-15,21.0,-93.0,1350
2024-07-15,21.0,-92.5,180
2024-07-15,21.0,-91.5,270
2024-07-15,21.0,-91.0,270
2024-07-15,21.0,-90.5,270
2024-07-15,21.0,-90.0,540
2024-07-15,21.0,-89.5,1080
2024-07-15,21.0,-89.0,4770
2024-07-15,21.0,-88.5,2430
2024-07-15,21.0,-88.0,8820
2024-07-15,21.0,-87.5,3600
2024-07-15,21.0,-87.0,900
2024-07-15,21.0,-86.5,180
2024-07-15,21.0,-86.0,630
2024-07-15,21.0,-85.5,270
2024-07-15,21.0,-85.0,270
2024-07-15,21.0,-84.5,450
2024-07-15,21.0,-84.0,180
2024-07-15,21.0,-83.5,1530
2024-07-15,21.0,-83.0,360
2024-07-15,21.0,-82.5,450
2024-07-15,21.0,-82.0,360
2024-07-15,21.0,-81.5,900
2024-07-15,21.0,-81.0,2250
2024-07-15,21.0,-80.5,3060
2024-07-15,21.0,-80.0,1800
2024-07-15,21.0,-79.5,3240
2024-07-15,21.0,-79.0,4770
2024-07-15,21.0,-78.5,5220
2024-07-15,21.0,-78.0,4680
2024-07-15,21.0,-77.5,2070
2024-07-15,21.0,-77.0,630
2024-07-15,21.0,-76.5,1080
2024-07-15,21.0,-76.0,810
2024-07-15,21.0,-75.5,360
2024-07-15,21.0,-75.0,2250
2024-07-15,21.0,-74.5,3600
2024-07-15,21.0,-74.0,270
2024-07-15,21.0,-73.5,180
2024-07-15,21.0,-72.5,180
2024-07-15,21.0,-72.0,1170
2024-07-15,21.0,-71.5,990
2024-07-15,21.0,-71.0,2520
2024-07-15,21.0,-70.5,1440
2024-07-15,21.0,-70.0,630
2024-07-15,21.0,-69.5,90
2024-07-15,21.0,-68.0,180
2024-07-15,21.0,-66.0,90
2024-07-15,21.0,-65.5,90
2024-07-15,21.5,-105.5,1170
2024-07-15,21.5,-105.0,3150
2024-07-15,21.5,-104.5,6840
2024-07-15,21.5,-104.0,2520
2024-07-15,21.5,-103.5,1890
2024-07-15,21.5,-103.0,1350
2024-07-15,21.5,-102.5,2700
2024-07-15,21.5,-102.0,1260
2024-07-15,21.5,-101.5,1710
2024-07-15,21.5,-101.0,1080
2024-07-15,21.5,-100.5,1350
2024-07-15,21.5,-100.0,540
2024-07-15,21.5,-99.5,1530
2024-07-15,21.5,-99.0,1710
2024-07-15,21.5,-98.5,720
2024-07-15,21.5,-98.0,540
2024-07-15,21.5,-97.5,90
2024-07-15,21.5,-96.5,90
2024-07-15,21.5,-96.0,90
2024-07-15,21.5,-95.5,90
2024-07-15,21.5,-95.0,90
2024-07-15,21.5,-94.0,90
2024-07-15,21.5,-93.5,90
2024-07-15,21.5,-93.0,720
2024-07-15,21.5,-92.5,90
2024-07-15,21.5,-88.5,90
2024-07-15,21.5,-88.0,1620
2024-07-15,21.5,-87.5,270
2024-07-15,21.5,-87.0,180
2024-07-15,21.5,-86.5,270
2024-07-15,21.5,-86.0,990
2024-07-15,21.5,-85.5,360
2024-07-15,21.5,-85.0,630
2024-07-15,21.5,-84.5,1620
2024-07-15,21.5,-84.0,990
2024-07-15,21.5,-83.5,1800
2024-07-15,21.5,-83.0,1620
2024-07-15,21.5,-82.5,90
2024-07-15,21.5,-82.0,1170
2024-07-15,21.5,-81.5,360
2024-07-15,21.5,-81.0,1260
2024-07-15,21.5,-80.5,7470
2024-07-15,21.5,-80.0,6300
2024-07-15,21.5,-79.5,4320
2024-07-15,21.5,-79.0,3960
2024-07-15,21.5,-78.5,1890
2024-07-15,21.5,-78.0,90
2024-07-15,21.5,-77.5,270
2024-07-15,21.5,-77.0,1440
2024-07-15,21.5,-76.5,180
2024-07-15,21.5,-75.5,270
2024-07-15,21.5,-75.0,1260
2024-07-15,21.5,-74.5,90
2024-07-15,21.5,-72.0,630
2024-07-15,21.5,-71.5,630
2024-07-15,21.5,-71.0,360
2024-07-15,21.5,-70.5,900
2024-07-15,21.5,-70.0,1080
2024-07-15,21.5,-69.5,450
2024-07-15,21.5,-69.0,270
2024-07-15,21.5,-68.5,90
2024-07-15,21.5,-68.0,90
2024-07-15,21.5,-67.5,180
2024-07-15,21.5,-67.0,90
2024-07-15,21.5,-66.0,720
2024-07-15,21.5,-65.5,720
2024-07-15,22.0,-105.5,1530
2024-07-15,22.0,-105.0,4770
2024-07-15,22.0,-104.5,6120
2024-07-15,22.0,-104.0,1440
2024-07-15,22.0,-103.5,2070
2024-07-15,22.0,-103.0,1440
2024-07-15,22.0,-102.5,1170
2024-07-15,22.0,-102.0,720
2024-07-15,22.0,-101.5,2340
2024-07-15,22.0,-101.0,180
2024-07-15,22.0,-100.5,1170
2024-07-15,22.0,-100.0,360
2024-07-15,22.0,-99.5,1980
2024-07-15,22.0,-99.0,2250
2024-07-15,22.0,-98.5,450
2024-07-15,22.0,-98.0,90
2024-07-15,22.0,-96.5,90
2024-07-15,22.0,-95.5,630
2024-07-15,22.0,-95.0,90
2024-07-15,22.0,-93.5,90
2024-07-15,22.0,-93.0,360
2024-07-15,22.0,-90.5,90
2024-07-15,22.0,-86.0,180
2024-07-15,22.0,-85.5,1350
2024-07-15,22.0,-85.0,1710
2024-07-15,22.0,-84.5,7560
2024-07-15,22.0,-84.0,1620
2024-07-15,22.0,-83.5,450
2024-07-15,22.0,-83.0,630
2024-07-15,22.0,-82.5,1350
2024-07-15,22.0,-82.0,5850
2024-07-15,22.0,-81.5,7560
2024-07-15,22.0,-81.0,5580
2024-07-15,22.0,-80.5,7560
2024-07-15,22.0,-80.0,10080
2024-07-15,22.0,-79.5,7110
2024-07-15,22.0,-79.0,2160
2024-07-15,22.0,-78.5,90
2024-07-15,22.0,-78.0,180
2024-07-15,22.0,-77.5,90
2024-07-15,22.0,-77.0,90
2024-07-15,22.0,-76.5,630
2024-07-15,22.0,-76.0,90
2024-07-15,22.0,-75.0,90
2024-07-15,22.0,-73.5,450
2024-07-15,22.0,-73.0,180
2024-07-15,22.0,-72.5,450
2024-07-15,22.0,-72.0,180
2024-07-15,22.0,-71.5,90
2024-07-15,22.0,-71.0,450
2024-07-15,22.0,-70.5,630
2024-07-15,22.0,-70.0,450
2024-07-15,22.0,-69.5,90
2024-07-15,22.0,-69.0,450
2024-07-15,22.0,-68.5,180
2024-07-15,22.0,-68.0,90
2024-07-15,22.0,-67.5,90
2024-07-15,22.0,-66.0,180
2024-07-15,22.0,-65.5,360
2024-07-15,22.5,-106.0,1170
2024-07-15,22.5,-105.5,5760
2024-07-15,22.5,-105.0,7470
2024-07-15,22.5,-104.5,1710
2024-07-15,22.5,-104.0,1170
2024-07-15,22.5,-103.5,630
2024-07-15,22.5,-103.0,450
2024-07-15,22.5,-102.5,1170
2024-07-15,22.5,-102.0,720
2024-07-15,22.5,-101.5,540
2024-07-15,22.5,-101.0,90
2024-07-15,22.5,-100.5,720
2024-07-15,22.5,-100.0,1260
2024-07-15,22.5,-99.5,2700
2024-07-15,22.5,-99.0,1080
2024-07-15,22.5,-98.5,720
2024-07-15,22.5,-98.0,90
2024-07-15,22.5,-97.0,90
2024-07-15,22.5,-96.5,1260
2024-07-15,22.5,-96.0,180
2024-07-15,22.5,-95.5,90
2024-07-15,22.5,-95.0,90
2024-07-15,22.5,-94.5,90
2024-07-15,22.5,-93.5,180
2024-07-15,22.5,-93.0,540
2024-07-15,22.5,-92.5,90
2024-07-15,22.5,-91.5,90
2024-07-15,22.5,-91.0,90
2024-07-15,22.5,-90.5,180
2024-07-15,22.5,-87.5,180
2024-07-15,22.5,-87.0,90
2024-07-15,22.5,-86.5,90
2024-07-15,22.5,-86.0,1080
2024-07-15,22.5,-85.5,2340
2024-07-15,22.5,-85.0,1350
2024-07-15,22.5,-84.5,7470
2024-07-15,22.5,-84.0,5310
2024-07-15,22.5,-83.5,5310
2024-07-15,22.5,-83.0,5220
2024-07-15,22.5,-82.5,9720
2024-07-15,22.5,-82.0,11700
2024-07-15,22.5,-81.5,9900
2024-07-15,22.5,-81.0,10710
2024-07-15,22.5,-80.5,5580
2024-07-15,22.5,-80.0,2250
2024-07-15,22.5,-79.5,900
2024-07-15,22.5,-79.0,90
2024-07-15,22.5,-78.5,810
2024-07-15,22.5,-78.0,540
2024-07-15,22.5,-77.5,450
2024-07-15,22.5,-77.0,810
2024-07-15,22.5,-76.0,900
2024-07-15,22.5,-75.5,90
2024-07-15,22.5,-75.0,90
2024-07-15,22.5,-74.0,1800
2024-07-15,22.5,-73.5,1080
2024-07-15,22.5,-73.0,90
2024-07-15,22.5,-72.0,90
2024-07-15,22.5,-71.5,270
2024-07-15,22.5,-71.0,990
2024-07-15,22.5,-70.5,810
2024-07-15,22.5,-70.0,990
2024-07-15,22.5,-69.5,900
2024-07-15,22.5,-69.0,90
2024-07-15,22.5,-66.5,90
2024-07-15,22.5,-65.5,270
2024-07-15,23.0,-110.0,540
2024-07-15,23.0,-106.5,720
2024-07-15,23.0,-106.0,2970
2024-07-15,23.0,-105.5,6030
2024-07-15,23.0,-105.0,3060
2024-07-15,23.0,-104.5,1890
2024-07-15,23.0,-104.0,720
2024-07-15,23.0,-103.5,450
2024-07-15,23.0,-103.0,720
2024-07-15,23.0,-102.5,450
2024-07-15,23.0,-102.0,990
2024-07-15,23.0,-101.5,1440
2024-07-15,23.0,-101.0,270
2024-07-15,23.0,-100.5,450
2024-07-15,23.0,-100.0,270
2024-07-15,23.0,-99.5,990
2024-07-15,23.0,-99.0,630
2024-07-15,23.0,-98.5,450
2024-07-15,23.0,-96.5,270
2024-07-15,23.0,-96.0,270
2024-07-15,23.0,-95.5,90
2024-07-15,23.0,-95.0,180
2024-07-15,23.0,-94.5,90
2024-07-15,23.0,-94.0,1530
2024-07-15,23.0,-93.5,270
2024-07-15,23.0,-92.5,180
2024-07-15,23.0,-91.0,630
2024-07-15,23.0,-90.5,270
2024-07-15,23.0,-90.0,180
2024-07-15,23.0,-89.5,90
2024-07-15,23.0,-89.0,270
2024-07-15,23.0,-87.5,90
2024-07-15,23.0,-86.5,270
2024-07-15,23.0,-86.0,180
2024-07-15,23.0,-85.5,180
2024-07-15,23.0,-85.0,360
2024-07-15,23.0,-84.5,1710
2024-07-15,23.0,-84.0,1440
2024-07-15,23.0,-83.5,1170
2024-07-15,23.0,-83.0,810
2024-07-15,23.0,-82.5,1350
2024-07-15,23.0,-82.0,2700
2024-07-15,23.0,-81.5,540
2024-07-15,23.0,-81.0,1800
2024-07-15,23.0,-80.0,360
2024-07-15,23.0,-79.5,3420
2024-07-15,23.0,-79.0,4320
2024-07-15,23.0,-78.5,2160
2024-07-15,23.0,-78.0,1980
2024-07-15,23.0,-77.5,810
2024-07-15,23.0,-77.0,1080
2024-07-15,23.0,-76.5,180
2024-07-15,23.0,-76.0,180
2024-07-15,23.0,-75.5,180
2024-07-15,23.0,-75.0,990
2024-07-15,23.0,-74.5,2880
2024-07-15,23.0,-74.0,1890
2024-07-15,23.0,-73.5,180
2024-07-15,23.0,-72.0,180
2024-07-15,23.0,-71.5,360
2024-07-15,23.0,-71.0,450
2024-07-15,23.0,-70.5,810
2024-07-15,23.0,-70.0,900
2024-07-15,23.0,-69.5,90
2024-07-15,23.0,-69.0,270
2024-07-15,23.0,-68.5,90
2024-07-15,23.0,-66.5,270
2024-07-15,23.0,-66.0,270
2024-07-15,23.0,-65.5,90
2024-07-15,23.5,-110.0,90
2024-07-15,23.5,-106.5,4140
2024-07-15,23.5,-106.0,2430
2024-07-15,23.5,-105.5,3600
2024-07-15,23.5,-105.0,1260
2024-07-15,23.5,-104.5,2070
2024-07-15,23.5,-104.0,630
2024-07-15,23.5,-103.5,810
2024-07-15,23.5,-103.0,630
2024-07-15,23.5,-102.5,270
2024-07-15,23.5,-101.5,270
2024-07-15,23.5,-101.0,720
2024-07-15,23.5,-100.5,810
2024-07-15,23.5,-100.0,720
2024-07-15,23.5,-99.5,900
2024-07-15,23.5,-99.0,2520
2024-07-15,23.5,-98.5,360
2024-07-15,23.5,-98.0,90
2024-07-15,23.5,-97.5,540
2024-07-15,23.5,-96.0,180
2024-07-15,23.5,-95.0,270
2024-07-15,23.5,-94.5,90
2024-07-15,23.5,-94.0,180
2024-07-15,23.5,-93.5,180
2024-07-15,23.5,-92.5,360
2024-07-15,23.5,-92.0,540
2024-07-15,23.5,-91.5,270
2024-07-15,23.5,-91.0,360
2024-07-15,23.5,-90.0,180
2024-07-15,23.5,-88.0,630
2024-07-15,23.5,-87.5,180
2024-07-15,23.5,-87.0,270
2024-07-15,23.5,-86.5,1620
2024-07-15,23.5,-86.0,1620
2024-07-15,23.5,-85.0,540
2024-07-15,23.5,-84.5,270
2024-07-15,23.5,-84.0,270
2024-07-15,23.5,-83.5,180
2024-07-15,23.5,-83.0,270
2024-07-15,23.5,-82.0,90
2024-07-15,23.5,-80.5,360
2024-07-15,23.5,-80.0,360
2024-07-15,23.5,-79.5,1710
2024-07-15,23.5,-79.0,1440
2024-07-15,23.5,-78.5,2340
2024-07-15,23.5,-78.0,900
2024-07-15,23.5,-77.5,1080
2024-07-15,23.5,-77.0,720
2024-07-15,23.5,-76.5,270
2024-07-15,23.5,-76.0,90
2024-07-15,23.5,-75.0,90
2024-07-15,23.5,-74.5,270
2024-07-15,23.5,-74.0,180
2024-07-15,23.5,-73.0,180
2024-07-15,23.5,-72.5,90
2024-07-15,23.5,-72.0,360
2024-07-15,23.5,-71.5,360
2024-07-15,23.5,-71.0,1170
2024-07-15,23.5,-70.5,630
2024-07-15,23.5,-70.0,270
2024-07-15,23.5,-69.0,180
2024-07-15,23.5,-68.5,1170
2024-07-15,23.5,-68.0,1260
2024-07-15,23.5,-66.5,360
2024-07-15,23.5,-65.5,450
2024-07-15,24.0,-107.5,270
2024-07-15,24.0,-107.0,3060
2024-07-15,24.0,-106.5,3330
2024-07-15,24.0,-106.0,1980
2024-07-15,24.0,-105.5,2700
2024-07-15,24.0,-105.0,540
2024-07-15,24.0,-104.5,1170
2024-07-15,24.0,-104.0,2520
2024-07-15,24.0,-103.5,450
2024-07-15,24.0,-103.0,720
2024-07-15,24.0,-102.5,270
2024-07-15,24.0,-102.0,90
2024-07-15,24.0,-101.0,630
2024-07-15,24.0,-100.5,630
2024-07-15,24.0,-100.0,2970
2024-07-15,24.0,-99.5,1530
2024-07-15,24.0,-99.0,1170
2024-07-15,24.0,-97.5,360
2024-07-15,24.0,-95.5,180
2024-07-15,24.0,-95.0,360
2024-07-15,24.0,-94.5,1620
2024-07-15,24.0,-94.0,810
2024-07-15,24.0,-93.5,540
2024-07-15,24.0,-93.0,90
2024-07-15,24.0,-92.5,360
2024-07-15,24.0,-91.5,450
2024-07-15,24.0,-91.0,900
2024-07-15,24.0,-90.5,720
2024-07-15,24.0,-90.0,450
2024-07-15,24.0,-89.5,540
2024-07-15,24.0,-89.0,270
2024-07-15,24.0,-88.0,540
2024-07-15,24.0,-87.5,990
2024-07-15,24.0,-87.0,360
2024-07-15,24.0,-86.5,270
2024-07-15,24.0,-86.0,360
2024-07-15,24.0,-85.5,1260
2024-07-15,24.0,-85.0,90
2024-07-15,24.0,-84.5,270
2024-07-15,24.0,-84.0,90
2024-07-15,24.0,-83.5,270
2024-07-15,24.0,-83.0,360
2024-07-15,24.0,-82.5,180
2024-07-15,24.0,-81.5,90
2024-07-15,24.0,-81.0,180
2024-07-15,24.0,-80.5,360
2024-07-15,24.0,-80.0,720
2024-07-15,24.0,-79.5,1260
2024-07-15,24.0,-79.0,450
2024-07-15,24.0,-78.5,1350
2024-07-15,24.0,-78.0,1530
2024-07-15,24.0,-77.5,450
2024-07-15,24.0,-77.0,360
2024-07-15,24.0,-76.0,90
2024-07-15,24.0,-74.0,90
2024-07-15,24.0,-73.5,630
2024-07-15,24.0,-73.0,1620
2024-07-15,24.0,-72.0,90
2024-07-15,24.0,-71.5,270
2024-07-15,24.0,-71.0,1260
2024-07-15,24.0,-70.5,270
2024-07-15,24.0,-69.5,180
2024-07-15,24.0,-69.0,270
2024-07-15,24.0,-68.5,1440
2024-07-15,24.0,-68.0,1530
2024-07-15,24.0,-67.5,1080
2024-07-15,24.0,-66.5,270
2024-07-15,24.0,-66.0,360
2024-07-15,24.0,-65.5,1800
2024-07-15,24.5,-107.5,1530
2024-07-15,24.5,-107.0,5490
2024-07-15,24.5,-106.5,2880
2024-07-15,24.5,-106.0,1350
2024-07-15,24.5,-105.5,810
2024-07-15,24.5,-105.0,2070
2024-07-15,24.5,-104.5,990
2024-07-15,24.5,-104.0,270
2024-07-15,24.5,-103.5,540
2024-07-15,24.5,-103.0,1080
2024-07-15,24.5,-102.5,270
2024-07-15,24.5,-102.0,360
2024-07-15,24.5,-101.5,180
2024-07-15,24.5,-101.0,540
2024-07-15,24.5,-100.5,540
2024-07-15,24.5,-100.0,630
2024-07-15,24.5,-99.5,1350
2024-07-15,24.5,-99.0,270
2024-07-15,24.5,-96.5,450
2024-07-15,24.5,-96.0,90
2024-07-15,24.5,-95.5,270
2024-07-15,24.5,-95.0,90
2024-07-15,24.5,-94.5,180
2024-07-15,24.5,-94.0,450
2024-07-15,24.5,-93.5,1170
2024-07-15,24.5,-93.0,270
2024-07-15,24.5,-92.5,270
2024-07-15,24.5,-91.5,270
2024-07-15,24.5,-91.0,990
2024-07-15,24.5,-90.5,270
2024-07-15,24.5,-90.0,270
2024-07-15,24.5,-89.5,180
2024-07-15,24.5,-89.0,270
2024-07-15,24.5,-88.5,180
2024-07-15,24.5,-88.0,90
2024-07-15,24.5,-87.0,360
2024-07-15,24.5,-86.5,810
2024-07-15,24.5,-86.0,450
2024-07-15,24.5,-85.5,1170
2024-07-15,24.5,-85.0,540
2024-07-15,24.5,-84.5,180
2024-07-15,24.5,-84.0,450
2024-07-15,24.5,-83.5,540
2024-07-15,24.5,-83.0,1080
2024-07-15,24.5,-82.5,2970
2024-07-15,24.5,-82.0,720
2024-07-15,24.5,-81.5,180
2024-07-15,24.5,-81.0,450
2024-07-15,24.5,-80.5,540
2024-07-15,24.5,-80.0,990
2024-07-15,24.5,-79.5,1080
2024-07-15,24.5,-79.0,900
2024-07-15,24.5,-78.5,1710
2024-07-15,24.5,-78.0,630
2024-07-15,24.5,-77.5,90
2024-07-15,24.5,-77.0,90
2024-07-15,24.5,-76.5,90
2024-07-15,24.5,-76.0,90
2024-07-15,24.5,-74.5,90
2024-07-15,24.5,-74.0,90
2024-07-15,24.5,-73.0,360
2024-07-15,24.5,-72.5,720
2024-07-15,24.5,-72.0,90
2024-07-15,24.5,-71.5,270
2024-07-15,24.5,-71.0,630
2024-07-15,24.5,-70.5,360
2024-07-15,24.5,-70.0,180
2024-07-15,24.5,-69.5,270
2024-07-15,24.5,-69.0,270
2024-07-15,24.5,-68.5,270
2024-07-15,24.5,-68.0,450
2024-07-15,24.5,-67.5,810
2024-07-15,24.5,-67.0,810
2024-07-15,24.5,-66.5,2880
2024-07-15,24.5,-66.0,1620
2024-07-15,24.5,-65.5,1800
2024-07-15,25.0,-109.5,90
2024-07-15,25.0,-109.0,630
2024-07-15,25.0,-108.5,360
2024-07-15,25.0,-108.0,540
2024-07-15,25.0,-107.5,3870
2024-07-15,25.0,-107.0,5940
2024-07-15,25.0,-106.5,2610
2024-07-15,25.0,-106.0,990
2024-07-15,25.0,-105.5,630
2024-07-15,25.0,-105.0,1080
2024-07-15,25.0,-104.5,270
2024-07-15,25.0,-104.0,1170
2024-07-15,25.0,-103.5,810
2024-07-15,25.0,-103.0,270
2024-07-15,25.0,-102.5,810
2024-07-15,25.0,-102.0,540
2024-07-15,25.0,-101.5,1170
2024-07-15,25.0,-101.0,360
2024-07-15,25.0,-100.5,180
2024-07-15,25.0,-100.0,360
2024-07-15,25.0,-99.5,1350
2024-07-15,25.0,-99.0,270
2024-07-15,25.0,-96.5,360
2024-07-15,25.0,-96.0,180
2024-07-15,25.0,-95.5,540
2024-07-15,25.0,-95.0,270
2024-07-15,25.0,-94.5,270
2024-07-15,25.0,-94.0,810
2024-07-15,25.0,-93.5,450
2024-07-15,25.0,-93.0,990
2024-07-15,25.0,-92.5,90
2024-07-15,25.0,-92.0,180
2024-07-15,25.0,-91.5,990
2024-07-15,25.0,-91.0,270
2024-07-15,25.0,-90.5,270
2024-07-15,25.0,-90.0,360
2024-07-15,25.0,-89.5,90
2024-07-15,25.0,-89.0,90
2024-07-15,25.0,-88.5,270
2024-07-15,25.0,-88.0,810
2024-07-15,25.0,-87.5,180
2024-07-15,25.0,-87.0,180
2024-07-15,25.0,-86.5,90
2024-07-15,25.0,-86.0,1350
2024-07-15,25.0,-85.5,270
2024-07-15,25.0,-85.0,360
2024-07-15,25.0,-84.0,1620
2024-07-15,25.0,-83.5,360
2024-07-15,25.0,-83.0,360
2024-07-15,25.0,-82.0,720
2024-07-15,25.0,-81.5,900
2024-07-15,25.0,-81.0,270
2024-07-15,25.0,-80.5,720
2024-07-15,25.0,-80.0,540
2024-07-15,25.0,-79.5,1260
2024-07-15,25.0,-79.0,1440
2024-07-15,25.0,-78.5,540
2024-07-15,25.0,-78.0,810
2024-07-15,25.0,-77.5,540
2024-07-15,25.0,-77.0,180
2024-07-15,25.0,-76.0,90
2024-07-15,25.0,-74.5,450
2024-07-15,25.0,-74.0,90
2024-07-15,25.0,-73.5,90
2024-07-15,25.0,-72.5,90
2024-07-15,25.0,-72.0,360
2024-07-15,25.0,-71.5,450
2024-07-15,25.0,-71.0,90
2024-07-15,25.0,-70.5,270
2024-07-15,25.0,-70.0,270
2024-07-15,25.0,-67.5,630
2024-07-15,25.0,-67.0,990
2024-07-15,25.0,-66.5,1530
2024-07-15,25.0,-66.0,720
2024-07-15,25.0,-65.5,180
2024-07-15,25.5,-109.0,990
2024-07-15,25.5,-108.5,2250
2024-07-15,25.5,-108.0,6480
2024-07-15,25.5,-107.5,9270
2024-07-15,25.5,-107.0,1620
2024-07-15,25.5,-106.5,990
2024-07-15,25.5,-106.0,810
2024-07-15,25.5,-105.5,270
2024-07-15,25.5,-105.0,360
2024-07-15,25.5,-104.5,1260
2024-07-15,25.5,-104.0,180
2024-07-15,25.5,-103.5,180
2024-07-15,25.5,-103.0,360
2024-07-15,25.5,-102.5,630
2024-07-15,25.5,-102.0,810
2024-07-15,25.5,-101.5,1260
2024-07-15,25.5,-101.0,270
2024-07-15,25.5,-100.5,180
2024-07-15,25.5,-100.0,540
2024-07-15,25.5,-99.5,1350
2024-07-15,25.5,-98.5,270
2024-07-15,25.5,-98.0,360
2024-07-15,25.5,-97.0,90
2024-07-15,25.5,-95.5,90
2024-07-15,25.5,-95.0,360
2024-07-15,25.5,-94.5,180
2024-07-15,25.5,-94.0,450
2024-07-15,25.5,-93.5,450
2024-07-15,25.5,-93.0,540
2024-07-15,25.5,-92.5,360
2024-07-15,25.5,-92.0,90
2024-07-15,25.5,-91.5,90
2024-07-15,25.5,-91.0,360
2024-07-15,25.5,-90.5,270
2024-07-15,25.5,-89.5,180
2024-07-15,25.5,-89.0,270
2024-07-15,25.5,-88.5,90
2024-07-15,25.5,-88.0,630
2024-07-15,25.5,-87.5,900
2024-07-15,25.5,-87.0,180
2024-07-15,25.5,-86.5,540
2024-07-15,25.5,-86.0,360
2024-07-15,25.5,-85.5,630
2024-07-15,25.5,-83.0,360
2024-07-15,25.5,-82.5,90
2024-07-15,25.5,-82.0,3600
2024-07-15,25.5,-81.5,4140
2024-07-15,25.5,-81.0,1530
2024-07-15,25.5,-80.0,720
2024-07-15,25.5,-79.5,540
2024-07-15,25.5,-79.0,540
2024-07-15,25.5,-78.5,540
2024-07-15,25.5,-78.0,90
2024-07-15,25.5,-77.5,90
2024-07-15,25.5,-77.0,180
2024-07-15,25.5,-75.5,90
2024-07-15,25.5,-73.5,270
2024-07-15,25.5,-73.0,180
2024-07-15,25.5,-72.5,180
2024-07-15,25.5,-72.0,450
2024-07-15,25.5,-71.5,90
2024-07-15,25.5,-71.0,180
2024-07-15,25.5,-70.5,180
2024-07-15,25.5,-70.0,90
2024-07-15,25.5,-69.5,90
2024-07-15,25.5,-67.5,270
2024-07-15,25.5,-67.0,90
2024-07-15,25.5,-66.5,360
2024-07-15,25.5,-66.0,180
2024-07-15,25.5,-65.5,1350
2024-07-15,26.0,-109.5,180
2024-07-15,26.0,-109.0,2430
2024-07-15,26.0,-108.5,4140
2024-07-15,26.0,-108.0,9810
2024-07-15,26.0,-107.5,7560
2024-07-15,26.0,-107.0,990
2024-07-15,26.0,-106.5,450
2024-07-15,26.0,-106.0,1530
2024-07-15,26.0,-105.5,450
2024-07-15,26.0,-105.0,180
2024-07-15,26.0,-104.5,540
2024-07-15,26.0,-104.0,360
2024-07-15,26.0,-103.5,630
2024-07-15,26.0,-103.0,630
2024-07-15,26.0,-102.5,270
2024-07-15,26.0,-102.0,180
2024-07-15,26.0,-101.5,90
2024-07-15,26.0,-101.0,360
2024-07-15,26.0,-100.5,2160
2024-07-15,26.0,-100.0,1170
2024-07-15,26.0,-99.5,630
2024-07-15,26.0,-98.5,630
2024-07-15,26.0,-98.0,720
2024-07-15,26.0,-97.5,180
2024-07-15,26.0,-97.0,90
2024-07-15,26.0,-96.5,180
2024-07-15,26.0,-96.0,90
2024-07-15,26.0,-95.5,180
2024-07-15,26.0,-95.0,90
2024-07-15,26.0,-94.5,540
2024-07-15,26.0,-94.0,270
2024-07-15,26.0,-93.5,720
2024-07-15,26.0,-93.0,630
2024-07-15,26.0,-92.5,990
2024-07-15,26.0,-92.0,900
2024-07-15,26.0,-91.5,990
2024-07-15,26.0,-91.0,630
2024-07-15,26.0,-90.5,90
2024-07-15,26.0,-90.0,90
2024-07-15,26.0,-89.5,360
2024-07-15,26.0,-89.0,90
2024-07-15,26.0,-88.5,90
2024-07-15,26.0,-88.0,450
2024-07-15,26.0,-87.5,990
2024-07-15,26.0,-87.0,540
2024-07-15,26.0,-86.5,540
2024-07-15,26.0,-86.0,360
2024-07-15,26.0,-85.5,360
2024-07-15,26.0,-85.0,90
2024-07-15,26.0,-84.5,180
2024-07-15,26.0,-83.0,540
2024-07-15,26.0,-82.5,1800
2024-07-15,26.0,-82.0,4230
2024-07-15,26.0,-81.5,8640
2024-07-15,26.0,-81.0,7200
2024-07-15,26.0,-80.5,1260
2024-07-15,26.0,-80.0,810
2024-07-15,26.0,-79.5,720
2024-07-15,26.0,-79.0,90
2024-07-15,26.0,-78.0,1080
2024-07-15,26.0,-77.5,1080
2024-07-15,26.0,-74.0,180
2024-07-15,26.0,-73.0,90
2024-07-15,26.0,-72.5,90
2024-07-15,26.0,-72.0,90
2024-07-15,26.0,-70.5,270
2024-07-15,26.0,-70.0,90
2024-07-15,26.0,-69.5,90
2024-07-15,26.0,-68.5,90
2024-07-15,26.5,-118.0,90
2024-07-15,26.5,-110.0,360
2024-07-15,26.5,-109.5,1890
2024-07-15,26.5,-109.0,4680
2024-07-15,26.5,-108.5,3510
2024-07-15,26.5,-108.0,3780
2024-07-15,26.5,-107.5,1620
2024-07-15,26.5,-107.0,1260
2024-07-15,26.5,-106.5,810
2024-07-15,26.5,-106.0,900
2024-07-15,26.5,-105.5,450
2024-07-15,26.5,-105.0,1530
2024-07-15,26.5,-104.5,900
2024-07-15,26.5,-103.5,90
2024-07-15,26.5,-103.0,450
2024-07-15,26.5,-102.5,90
2024-07-15,26.5,-101.5,90
2024-07-15,26.5,-101.0,90
2024-07-15,26.5,-100.5,180
2024-07-15,26.5,-100.0,2340
2024-07-15,26.5,-99.5,450
2024-07-15,26.5,-99.0,270
2024-07-15,26.5,-98.0,1170
2024-07-15,26.5,-96.5,90
2024-07-15,26.5,-96.0,360
2024-07-15,26.5,-95.5,90
2024-07-15,26.5,-94.5,360
2024-07-15,26.5,-94.0,360
2024-07-15,26.5,-93.5,990
2024-07-15,26.5,-93.0,540
2024-07-15,26.5,-92.5,450
2024-07-15,26.5,-92.0,1350
2024-07-15,26.5,-91.5,450
2024-07-15,26.5,-91.0,1080
2024-07-15,26.5,-90.5,990
2024-07-15,26.5,-90.0,360
2024-07-15,26.5,-89.5,90
2024-07-15,26.5,-89.0,270
2024-07-15,26.5,-88.5,90
2024-07-15,26.5,-88.0,270
2024-07-15,26.5,-87.5,360
2024-07-15,26.5,-87.0,630
2024-07-15,26.5,-86.5,270
2024-07-15,26.5,-86.0,360
2024-07-15,26.5,-85.5,810
2024-07-15,26.5,-85.0,720
2024-07-15,26.5,-84.5,450
2024-07-15,26.5,-84.0,450
2024-07-15,26.5,-83.0,630
2024-07-15,26.5,-82.5,2610
2024-07-15,26.5,-82.0,10170
2024-07-15,26.5,-81.5,6570
2024-07-15,26.5,-81.0,10260
2024-07-15,26.5,-80.5,2700
2024-07-15,26.5,-80.0,630
2024-07-15,26.5,-79.5,1080
2024-07-15,26.5,-79.0,1350
2024-07-15,26.5,-78.5,90
2024-07-15,26.5,-78.0,630
2024-07-15,26.5,-77.5,1800
2024-07-15,26.5,-75.5,180
2024-07-15,26.5,-74.5,180
2024-07-15,26.5,-70.5,90
2024-07-15,26.5,-70.0,720
2024-07-15,26.5,-69.5,90
2024-07-15,26.5,-68.0,90
2024-07-15,26.5,-67.5,90
2024-07-15,26.5,-67.0,180
2024-07-15,26.5,-66.5,450
2024-07-15,26.5,-66.0,90
2024-07-15,27.0,-111.5,270
2024-07-15,27.0,-111.0,180
2024-07-15,27.0,-110.5,810
2024-07-15,27.0,-110.0,1080
2024-07-15,27.0,-109.5,4050
2024-07-15,27.0,-109.0,3870
2024-07-15,27.0,-108.5,5490
2024-07-15,27.0,-108.0,2430
2024-07-15,27.0,-107.5,1800
2024-07-15,27.0,-107.0,1080
2024-07-15,27.0,-106.5,180
2024-07-15,27.0,-106.0,1350
2024-07-15,27.0,-105.5,1080
2024-07-15,27.0,-105.0,900
2024-07-15,27.0,-104.5,720
2024-07-15,27.0,-104.0,90
2024-07-15,27.0,-103.0,720
2024-07-15,27.0,-102.5,90
2024-07-15,27.0,-102.0,270
2024-07-15,27.0,-101.5,720
2024-07-15,27.0,-101.0,180
2024-07-15,27.0,-100.0,1080
2024-07-15,27.0,-98.0,810
2024-07-15,27.0,-97.5,270
2024-07-15,27.0,-97.0,450
2024-07-15,27.0,-96.5,720
2024-07-15,27.0,-96.0,450
2024-07-15,27.0,-95.5,360
2024-07-15,27.0,-95.0,90
2024-07-15,27.0,-94.5,270
2024-07-15,27.0,-94.0,360
2024-07-15,27.0,-93.5,810
2024-07-15,27.0,-93.0,1170
2024-07-15,27.0,-92.5,990
2024-07-15,27.0,-92.0,810
2024-07-15,27.0,-91.5,540
2024-07-15,27.0,-91.0,630
2024-07-15,27.0,-90.5,1350
2024-07-15,27.0,-90.0,360
2024-07-15,27.0,-89.0,540
2024-07-15,27.0,-88.5,180
2024-07-15,27.0,-88.0,720
2024-07-15,27.0,-87.5,90
2024-07-15,27.0,-87.0,990
2024-07-15,27.0,-86.5,270
2024-07-15,27.0,-86.0,1080
2024-07-15,27.0,-85.5,450
2024-07-15,27.0,-85.0,450
2024-07-15,27.0,-84.5,90
2024-07-15,27.0,-84.0,1620
2024-07-15,27.0,-83.5,540
2024-07-15,27.0,-83.0,540
2024-07-15,27.0,-82.5,6840
2024-07-15,27.0,-82.0,5310
2024-07-15,27.0,-81.5,2250
2024-07-15,27.0,-81.0,4590
2024-07-15,27.0,-80.5,1710
2024-07-15,27.0,-80.0,180
2024-07-15,27.0,-79.5,720
2024-07-15,27.0,-79.0,450
2024-07-15,27.0,-78.5,450
2024-07-15,27.0,-78.0,90
2024-07-15,27.0,-75.5,90
2024-07-15,27.0,-75.0,90
2024-07-15,27.0,-73.5,90
2024-07-15,27.0,-72.0,180
2024-07-15,27.0,-71.0,270
2024-07-15,27.0,-70.5,720
2024-07-15,27.0,-70.0,90
2024-07-15,27.0,-68.5,90
2024-07-15,27.0,-68.0,180
2024-07-15,27.0,-66.0,90
2024-07-15,27.5,-112.0,90
2024-07-15,27.5,-111.5,450
2024-07-15,27.5,-111.0,630
2024-07-15,27.5,-110.5,90
2024-07-15,27.5,-110.0,3060
2024-07-15,27.5,-109.5,3240
2024-07-15,27.5,-109.0,6390
2024-07-15,27.5,-108.5,5040
2024-07-15,27.5,-108.0,1620
2024-07-15,27.5,-107.5,900
2024-07-15,27.5,-107.0,900
2024-07-15,27.5,-106.5,630
2024-07-15,27.5,-106.0,900
2024-07-15,27.5,-105.5,360
2024-07-15,27.5,-105.0,90
2024-07-15,27.5,-104.5,180
2024-07-15,27.5,-103.5,90
2024-07-15,27.5,-103.0,180
2024-07-15,27.5,-102.5,180
2024-07-15,27.5,-102.0,360
2024-07-15,27.5,-101.5,540
2024-07-15,27.5,-101.0,270
2024-07-15,27.5,-100.0,180
2024-07-15,27.5,-99.5,90
2024-07-15,27.5,-98.0,1800
2024-07-15,27.5,-97.5,1710
2024-07-15,27.5,-97.0,90
2024-07-15,27.5,-96.5,720
2024-07-15,27.5,-96.0,900
2024-07-15,27.5,-95.5,900
2024-07-15,27.5,-95.0,1260
2024-07-15,27.5,-94.5,1620
2024-07-15,27.5,-94.0,1440
2024-07-15,27.5,-93.5,1800
2024-07-15,27.5,-93.0,990
2024-07-15,27.5,-92.5,1620
2024-07-15,27.5,-92.0,2160
2024-07-15,27.5,-91.5,540
2024-07-15,27.5,-91.0,630
2024-07-15,27.5,-90.5,1710
2024-07-15,27.5,-90.0,2610
2024-07-15,27.5,-89.5,720
2024-07-15,27.5,-89.0,360
2024-07-15,27.5,-88.0,180
2024-07-15,27.5,-87.5,630
2024-07-15,27.5,-87.0,540
2024-07-15,27.5,-86.5,810
2024-07-15,27.5,-86.0,1260
2024-07-15,27.5,-85.5,810
2024-07-15,27.5,-85.0,360
2024-07-15,27.5,-84.5,540
2024-07-15,27.5,-84.0,360
2024-07-15,27.5,-83.5,1080
2024-07-15,27.5,-83.0,3420
2024-07-15,27.5,-82.5,9540
2024-07-15,27.5,-82.0,2520
2024-07-15,27.5,-81.5,5310
2024-07-15,27.5,-81.0,4950
2024-07-15,27.5,-80.5,360
2024-07-15,27.5,-80.0,90
2024-07-15,27.5,-79.5,270
2024-07-15,27.5,-79.0,270
2024-07-15,27.5,-78.5,90
2024-07-15,27.5,-75.5,90
2024-07-15,27.5,-74.5,90
2024-07-15,27.5,-73.5,270
2024-07-15,27.5,-71.0,90
2024-07-15,27.5,-70.5,450
2024-07-15,27.5,-69.5,270
2024-07-15,27.5,-67.0,180
2024-07-15,27.5,-66.0,90
2024-07-15,28.0,-113.5,90
2024-07-15,28.0,-112.5,90
2024-07-15,28.0,-112.0,180
2024-07-15,28.0,-111.5,180
2024-07-15,28.0,-111.0,540
2024-07-15,28.0,-110.5,1530
2024-07-15,28.0,-110.0,2610
2024-07-15,28.0,-109.5,4590
2024-07-15,28.0,-109.0,7920
2024-07-15,28.0,-108.5,3960
2024-07-15,28.0,-108.0,1170
2024-07-15,28.0,-107.5,180
2024-07-15,28.0,-107.0,540
2024-07-15,28.0,-106.5,1530
2024-07-15,28.0,-106.0,270
2024-07-15,28.0,-105.5,360
2024-07-15,28.0,-105.0,180
2024-07-15,28.0,-104.5,180
2024-07-15,28.0,-103.5,270
2024-07-15,28.0,-103.0,630
2024-07-15,28.0,-102.5,270
2024-07-15,28.0,-102.0,90
2024-07-15,28.0,-101.5,1350
2024-07-15,28.0,-101.0,990
2024-07-15,28.0,-100.5,90
2024-07-15,28.0,-99.5,90
2024-07-15,28.0,-98.5,360
2024-07-15,28.0,-98.0,1890
2024-07-15,28.0,-97.5,4590
2024-07-15,28.0,-97.0,1080
2024-07-15,28.0,-96.5,450
2024-07-15,28.0,-96.0,540
2024-07-15,28.0,-95.5,720
2024-07-15,28.0,-95.0,270
2024-07-15,28.0,-94.5,540
2024-07-15,28.0,-94.0,3060
2024-07-15,28.0,-93.5,1710
2024-07-15,28.0,-93.0,1530
2024-07-15,28.0,-92.5,1530
2024-07-15,28.0,-92.0,1620
2024-07-15,28.0,-91.5,1170
2024-07-15,28.0,-91.0,2160
2024-07-15,28.0,-90.5,1710
2024-07-15,28.0,-90.0,1080
2024-07-15,28.0,-89.5,1800
2024-07-15,28.0,-89.0,1080
2024-07-15,28.0,-88.5,1440
2024-07-15,28.0,-88.0,1530
2024-07-15,28.0,-87.5,1530
2024-07-15,28.0,-87.0,1260
2024-07-15,28.0,-86.5,1890
2024-07-15,28.0,-86.0,990
2024-07-15,28.0,-85.5,720
2024-07-15,28.0,-85.0,450
2024-07-15,28.0,-84.5,270
2024-07-15,28.0,-84.0,540
2024-07-15,28.0,-83.5,3060
2024-07-15,28.0,-83.0,4140
2024-07-15,28.0,-82.5,10080
2024-07-15,28.0,-82.0,4770
2024-07-15,28.0,-81.5,4770
2024-07-15,28.0,-81.0,1170
2024-07-15,28.0,-80.0,540
2024-07-15,28.0,-79.5,180
2024-07-15,28.0,-79.0,90
2024-07-15,28.0,-78.0,90
2024-07-15,28.0,-76.5,90
2024-07-15,28.0,-73.0,270
2024-07-15,28.0,-70.5,270
2024-07-15,28.0,-70.0,90
2024-07-15,28.0,-69.5,540
2024-07-15,28.0,-66.5,90
2024-07-15,28.0,-66.0,180
2024-07-15,28.0,-65.5,360
2024-07-15,28.5,-112.0,90
2024-07-15,28.5,-111.5,1440
2024-07-15,28.5,-111.0,810
2024-07-15,28.5,-110.5,1620
2024-07-15,28.5,-110.0,2070
2024-07-15,28.5,-109.5,3600
2024-07-15,28.5,-109.0,9090
2024-07-15,28.5,-108.5,3510
2024-07-15,28.5,-108.0,2250
2024-07-15,28.5,-107.5,900
2024-07-15,28.5,-107.0,720
2024-07-15,28.5,-106.5,810
2024-07-15,28.5,-106.0,630
2024-07-15,28.5,-104.0,180
2024-07-15,28.5,-103.5,90
2024-07-15,28.5,-103.0,450
2024-07-15,28.5,-102.5,270
2024-07-15,28.5,-102.0,720
2024-07-15,28.5,-101.0,90
2024-07-15,28.5,-100.5,360
2024-07-15,28.5,-100.0,180
2024-07-15,28.5,-99.5,180
2024-07-15,28.5,-98.5,90
2024-07-15,28.5,-98.0,270
2024-07-15,28.5,-97.5,1080
2024-07-15,28.5,-97.0,1260
2024-07-15,28.5,-96.5,810
2024-07-15,28.5,-96.0,1890
2024-07-15,28.5,-95.5,1710
2024-07-15,28.5,-95.0,1440
2024-07-15,28.5,-94.5,1800
2024-07-15,28.5,-94.0,3330
2024-07-15,28.5,-93.5,3780
2024-07-15,28.5,-93.0,2160
2024-07-15,28.5,-92.5,1800
2024-07-15,28.5,-92.0,2340
2024-07-15,28.5,-91.5,2070
2024-07-15,28.5,-91.0,2430
2024-07-15,28.5,-90.5,2520
2024-07-15,28.5,-90.0,3330
2024-07-15,28.5,-89.5,1620
2024-07-15,28.5,-89.0,2790
2024-07-15,28.5,-88.5,2970
2024-07-15,28.5,-88.0,1890
2024-07-15,28.5,-87.5,1890
2024-07-15,28.5,-87.0,1260
2024-07-15,28.5,-86.5,1440
2024-07-15,28.5,-86.0,1710
2024-07-15,28.5,-85.5,1800
2024-07-15,28.5,-85.0,90
2024-07-15,28.5,-84.5,270
2024-07-15,28.5,-84.0,1440
2024-07-15,28.5,-83.5,900
2024-07-15,28.5,-83.0,900
2024-07-15,28.5,-82.5,3870
2024-07-15,28.5,-82.0,10170
2024-07-15,28.5,-81.5,5850
2024-07-15,28.5,-81.0,1260
2024-07-15,28.5,-80.0,180
2024-07-15,28.5,-79.5,360
2024-07-15,28.5,-72.5,180
2024-07-15,28.5,-72.0,90
2024-07-15,28.5,-71.0,900
2024-07-15,28.5,-70.5,450
2024-07-15,28.5,-70.0,90
2024-07-15,28.5,-67.0,90
2024-07-15,28.5,-66.0,360
2024-07-15,29.0,-112.5,180
2024-07-15,29.0,-111.5,270
2024-07-15,29.0,-111.0,720
2024-07-15,29.0,-110.5,2610
2024-07-15,29.0,-110.0,4590
2024-07-15,29.0,-109.5,3960
2024-07-15,29.0,-109.0,3330
2024-07-15,29.0,-108.5,2430
2024-07-15,29.0,-108.0,2700
2024-07-15,29.0,-107.5,900
2024-07-15,29.0,-107.0,360
2024-07-15,29.0,-106.5,450
2024-07-15,29.0,-106.0,630
2024-07-15,29.0,-105.0,180
2024-07-15,29.0,-104.0,90
2024-07-15,29.0,-103.5,360
2024-07-15,29.0,-103.0,360
2024-07-15,29.0,-102.5,1440
2024-07-15,29.0,-102.0,270
2024-07-15,29.0,-101.0,270
2024-07-15,29.0,-100.5,180
2024-07-15,29.0,-100.0,270
2024-07-15,29.0,-99.5,90
2024-07-15,29.0,-99.0,90
2024-07-15,29.0,-98.0,1080
2024-07-15,29.0,-97.5,270
2024-07-15,29.0,-97.0,540
2024-07-15,29.0,-96.5,1710
2024-07-15,29.0,-96.0,4050
2024-07-15,29.0,-95.5,8280
2024-07-15,29.0,-95.0,3870
2024-07-15,29.0,-94.5,1980
2024-07-15,29.0,-94.0,3150
2024-07-15,29.0,-93.5,3240
2024-07-15,29.0,-93.0,1800
2024-07-15,29.0,-92.5,2340
2024-07-15,29.0,-92.0,3240
2024-07-15,29.0,-91.5,2790
2024-07-15,29.0,-91.0,5310
2024-07-15,29.0,-90.5,4230
2024-07-15,29.0,-90.0,4590
2024-07-15,29.0,-89.5,6390
2024-07-15,29.0,-89.0,7290
2024-07-15,29.0,-88.5,6480
2024-07-15,29.0,-88.0,2880
2024-07-15,29.0,-87.5,2340
2024-07-15,29.0,-87.0,1710
2024-07-15,29.0,-86.5,1350
2024-07-15,29.0,-86.0,1800
2024-07-15,29.0,-85.5,2340
2024-07-15,29.0,-85.0,810
2024-07-15,29.0,-84.5,1620
2024-07-15,29.0,-84.0,3240
2024-07-15,29.0,-83.5,4140
2024-07-15,29.0,-83.0,1260
2024-07-15,29.0,-82.5,7380
2024-07-15,29.0,-82.0,11970
2024-07-15,29.0,-81.5,6300
2024-07-15,29.0,-81.0,1530
2024-07-15,29.0,-80.5,90
2024-07-15,29.0,-80.0,810
2024-07-15,29.0,-79.5,360
2024-07-15,29.0,-79.0,90
2024-07-15,29.0,-77.0,90
2024-07-15,29.0,-73.0,90
2024-07-15,29.0,-72.0,270
2024-07-15,29.0,-71.0,360
2024-07-15,29.0,-70.5,360
2024-07-15,29.5,-113.5,630
2024-07-15,29.5,-113.0,450
2024-07-15,29.5,-112.5,450
2024-07-15,29.5,-112.0,1800
2024-07-15,29.5,-111.5,810
2024-07-15,29.5,-111.0,2160
2024-07-15,29.5,-110.5,4950
2024-07-15,29.5,-110.0,3870
2024-07-15,29.5,-109.5,1800
2024-07-15,29.5,-109.0,4770
2024-07-15,29.5,-108.5,2070
2024-07-15,29.5,-108.0,180
2024-07-15,29.5,-107.5,450
2024-07-15,29.5,-107.0,360
2024-07-15,29.5,-106.5,360
2024-07-15,29.5,-106.0,360
2024-07-15,29.5,-105.5,270
2024-07-15,29.5,-105.0,90
2024-07-15,29.5,-104.5,90
2024-07-15,29.5,-104.0,90
2024-07-15,29.5,-103.5,90
2024-07-15,29.5,-103.0,540
2024-07-15,29.5,-102.5,180
2024-07-15,29.5,-102.0,90
2024-07-15,29.5,-101.5,360
2024-07-15,29.5,-101.0,810
2024-07-15,29.5,-100.5,180
2024-07-15,29.5,-100.0,810
2024-07-15,29.5,-99.5,540
2024-07-15,29.5,-99.0,360
2024-07-15,29.5,-98.0,180
2024-07-15,29.5,-97.5,1170
2024-07-15,29.5,-97.0,1530
2024-07-15,29.5,-96.5,1350
2024-07-15,29.5,-96.0,630
2024-07-15,29.5,-95.5,4500
2024-07-15,29.5,-95.0,1170
2024-07-15,29.5,-94.5,9000
2024-07-15,29.5,-94.0,9000
2024-07-15,29.5,-93.5,4500
2024-07-15,29.5,-93.0,4050
2024-07-15,29.5,-92.5,5400
2024-07-15,29.5,-92.0,5220
2024-07-15,29.5,-91.5,8550
2024-07-15,29.5,-91.0,5580
2024-07-15,29.5,-90.5,7020
2024-07-15,29.5,-90.0,5310
2024-07-15,29.5,-89.5,1800
2024-07-15,29.5,-89.0,1080
2024-07-15,29.5,-88.5,1980
2024-07-15,29.5,-88.0,2880
2024-07-15,29.5,-87.5,4050
2024-07-15,29.5,-87.0,2250
2024-07-15,29.5,-86.5,900
2024-07-15,29.5,-86.0,1530
2024-07-15,29.5,-85.5,2340
2024-07-15,29.5,-85.0,1350
2024-07-15,29.5,-84.5,1260
2024-07-15,29.5,-84.0,1890
2024-07-15,29.5,-83.5,2880
2024-07-15,29.5,-83.0,4230
2024-07-15,29.5,-82.5,4410
2024-07-15,29.5,-82.0,11970
2024-07-15,29.5,-81.5,9630
2024-07-15,29.5,-81.0,1080
2024-07-15,29.5,-80.5,270
2024-07-15,29.5,-80.0,720
2024-07-15,29.5,-79.5,360
2024-07-15,29.5,-79.0,90
2024-07-15,29.5,-78.5,90
2024-07-15,29.5,-77.5,90
2024-07-15,29.5,-74.0,180
2024-07-15,29.5,-73.5,90
2024-07-15,29.5,-72.0,180
2024-07-15,29.5,-71.5,90
2024-07-15,29.5,-70.5,360
2024-07-15,29.5,-68.0,90
2024-07-15,29.5,-67.5,90
2024-07-15,30.0,-114.5,90
2024-07-15,30.0,-114.0,180
2024-07-15,30.0,-113.5,90
2024-07-15,30.0,-112.5,900
2024-07-15,30.0,-112.0,1980
2024-07-15,30.0,-111.5,1530
2024-07-15,30.0,-111.0,2880
2024-07-15,30.0,-110.5,1620
2024-07-15,30.0,-110.0,3870
2024-07-15,30.0,-109.5,1980
2024-07-15,30.0,-109.0,2790
2024-07-15,30.0,-108.5,810
2024-07-15,30.0,-108.0,360
2024-07-15,30.0,-107.5,90
2024-07-15,30.0,-107.0,270
2024-07-15,30.0,-106.5,90
2024-07-15,30.0,-106.0,180
2024-07-15,30.0,-105.5,630
2024-07-15,30.0,-105.0,810
2024-07-15,30.0,-104.5,1710
2024-07-15,30.0,-104.0,360
2024-07-15,30.0,-103.5,270
2024-07-15,30.0,-103.0,720
2024-07-15,30.0,-102.0,180
2024-07-15,30.0,-101.5,540
2024-07-15,30.0,-101.0,270
2024-07-15,30.0,-100.5,1170
2024-07-15,30.0,-100.0,450
2024-07-15,30.0,-99.5,90
2024-07-15,30.0,-99.0,90
2024-07-15,30.0,-98.5,720
2024-07-15,30.0,-98.0,1350
2024-07-15,30.0,-97.5,3240
2024-07-15,30.0,-97.0,1530
2024-07-15,30.0,-96.5,900
2024-07-15,30.0,-96.0,810
2024-07-15,30.0,-95.5,270
2024-07-15,30.0,-95.0,630
2024-07-15,30.0,-94.5,1620
2024-07-15,30.0,-94.0,1620
2024-07-15,30.0,-93.5,2790
2024-07-15,30.0,-93.0,2970
2024-07-15,30.0,-92.5,9270
2024-07-15,30.0,-92.0,9900
2024-07-15,30.0,-91.5,6660
2024-07-15,30.0,-91.0,3690
2024-07-15,30.0,-90.5,5580
2024-07-15,30.0,-90.0,7290
2024-07-15,30.0,-89.5,5130
2024-07-15,30.0,-89.0,3240
2024-07-15,30.0,-88.5,1260
2024-07-15,30.0,-88.0,2520
2024-07-15,30.0,-87.5,3600
2024-07-15,30.0,-87.0,1170
2024-07-15,30.0,-86.5,2250
2024-07-15,30.0,-86.0,2790
2024-07-15,30.0,-85.5,6120
2024-07-15,30.0,-85.0,3870
2024-07-15,30.0,-84.5,3060
2024-07-15,30.0,-84.0,2970
2024-07-15,30.0,-83.5,3330
2024-07-15,30.0,-83.0,2520
2024-07-15,30.0,-82.5,3060
2024-07-15,30.0,-82.0,14760
2024-07-15,30.0,-81.5,5760
2024-07-15,30.0,-81.0,900
2024-07-15,30.0,-80.5,450
2024-07-15,30.0,-80.0,990
2024-07-15,30.0,-79.5,450
2024-07-15,30.0,-79.0,90
2024-07-15,30.0,-78.5,180
2024-07-15,30.0,-78.0,90
2024-07-15,30.0,-74.5,90
2024-07-15,30.0,-73.5,360
2024-07-15,30.0,-72.5,90
2024-07-15,30.0,-71.0,90
2024-07-15,30.0,-70.5,720
2024-07-15,30.0,-70.0,90
2024-07-15,30.0,-67.5,90
2024-07-15,30.5,-116.0,90
2024-07-15,30.5,-115.5,360
2024-07-15,30.5,-115.0,90
2024-07-15,30.5,-114.5,180
2024-07-15,30.5,-113.0,180
2024-07-15,30.5,-112.5,450
2024-07-15,30.5,-112.0,900
2024-07-15,30.5,-111.5,900
2024-07-15,30.5,-111.0,2610
2024-07-15,30.5,-110.5,3600
2024-07-15,30.5,-110.0,4050
2024-07-15,30.5,-109.5,3240
2024-07-15,30.5,-109.0,1350
2024-07-15,30.5,-108.5,270
2024-07-15,30.5,-107.5,90
2024-07-15,30.5,-105.5,90
2024-07-15,30.5,-105.0,540
2024-07-15,30.5,-104.5,1080
2024-07-15,30.5,-104.0,270
2024-07-15,30.5,-103.5,1350
2024-07-15,30.5,-103.0,540
2024-07-15,30.5,-102.5,540
2024-07-15,30.5,-102.0,540
2024-07-15,30.5,-101.5,450
2024-07-15,30.5,-101.0,450
2024-07-15,30.5,-100.5,630
2024-07-15,30.5,-100.0,900
2024-07-15,30.5,-99.5,810
2024-07-15,30.5,-99.0,990
2024-07-15,30.5,-98.5,270
2024-07-15,30.5,-98.0,450
2024-07-15,30.5,-97.5,4860
2024-07-15,30.5,-97.0,2250
2024-07-15,30.5,-96.5,2790
2024-07-15,30.5,-96.0,1350
2024-07-15,30.5,-95.5,1530
2024-07-15,30.5,-95.0,2160
2024-07-15,30.5,-94.5,6120
2024-07-15,30.5,-94.0,270
2024-07-15,30.5,-93.5,1260
2024-07-15,30.5,-93.0,1890
2024-07-15,30.5,-92.5,4140
2024-07-15,30.5,-92.0,5940
2024-07-15,30.5,-91.5,5850
2024-07-15,30.5,-91.0,5040
2024-07-15,30.5,-90.5,4590
2024-07-15,30.5,-90.0,8910
2024-07-15,30.5,-89.5,5760
2024-07-15,30.5,-89.0,5400
2024-07-15,30.5,-88.5,6480
2024-07-15,30.5,-88.0,2520
2024-07-15,30.5,-87.5,1440
2024-07-15,30.5,-87.0,3870
2024-07-15,30.5,-86.5,7380
2024-07-15,30.5,-86.0,2610
2024-07-15,30.5,-85.5,4140
2024-07-15,30.5,-85.0,2160
2024-07-15,30.5,-84.5,4140
2024-07-15,30.5,-84.0,4230
2024-07-15,30.5,-83.5,4410
2024-07-15,30.5,-83.0,6390
2024-07-15,30.5,-82.5,7740
2024-07-15,30.5,-82.0,10350
2024-07-15,30.5,-81.5,3060
2024-07-15,30.5,-81.0,180
2024-07-15,30.5,-80.5,180
2024-07-15,30.5,-80.0,720
2024-07-15,30.5,-79.5,540
2024-07-15,30.5,-79.0,360
2024-07-15,30.5,-78.5,180
2024-07-15,30.5,-78.0,90
2024-07-15,30.5,-77.5,90
2024-07-15,30.5,-77.0,270
2024-07-15,30.5,-76.5,90
2024-07-15,30.5,-76.0,90
2024-07-15,30.5,-75.0,180
2024-07-15,30.5,-74.5,90
2024-07-15,30.5,-73.5,180
2024-07-15,30.5,-73.0,90
2024-07-15,30.5,-71.5,180
2024-07-15,30.5,-70.5,180
2024-07-15,30.5,-70.0,90
2024-07-15,31.0,-116.0,360
2024-07-15,31.0,-115.5,540
2024-07-15,31.0,-113.5,90
2024-07-15,31.0,-113.0,720
2024-07-15,31.0,-112.5,1530
2024-07-15,31.0,-112.0,2700
2024-07-15,31.0,-111.5,4230
2024-07-15,31.0,-111.0,2340
2024-07-15,31.0,-110.5,4590
2024-07-15,31.0,-110.0,1800
2024-07-15,31.0,-109.5,1530
2024-07-15,31.0,-109.0,450
2024-07-15,31.0,-108.5,90
2024-07-15,31.0,-108.0,90
2024-07-15,31.0,-107.5,90
2024-07-15,31.0,-106.5,180
2024-07-15,31.0,-106.0,90
2024-07-15,31.0,-105.5,90
2024-07-15,31.0,-104.0,90
2024-07-15,31.0,-102.5,90
2024-07-15,31.0,-102.0,720
2024-07-15,31.0,-101.5,360
2024-07-15,31.0,-101.0,1710
2024-07-15,31.0,-100.5,1530
2024-07-15,31.0,-100.0,810
2024-07-15,31.0,-99.5,720
2024-07-15,31.0,-99.0,720
2024-07-15,31.0,-98.5,990
2024-07-15,31.0,-98.0,720
2024-07-15,31.0,-97.5,630
2024-07-15,31.0,-97.0,4410
2024-07-15,31.0,-96.5,2520
2024-07-15,31.0,-96.0,720
2024-07-15,31.0,-95.5,1890
2024-07-15,31.0,-95.0,1620
2024-07-15,31.0,-94.5,2250
2024-07-15,31.0,-94.0,2700
2024-07-15,31.0,-93.5,2610
2024-07-15,31.0,-93.0,3240
2024-07-15,31.0,-92.5,90
2024-07-15,31.0,-92.0,1620
2024-07-15,31.0,-91.5,2070
2024-07-15,31.0,-91.0,2970
2024-07-15,31.0,-90.5,5670
2024-07-15,31.0,-90.0,5220
2024-07-15,31.0,-89.5,6120
2024-07-15,31.0,-89.0,2880
2024-07-15,31.0,-88.5,3690
2024-07-15,31.0,-88.0,7740
2024-07-15,31.0,-87.5,2250
2024-07-15,31.0,-87.0,900
2024-07-15,31.0,-86.5,1350
2024-07-15,31.0,-86.0,2160
2024-07-15,31.0,-85.5,3690
2024-07-15,31.0,-85.0,7560
2024-07-15,31.0,-84.5,5580
2024-07-15,31.0,-84.0,6210
2024-07-15,31.0,-83.5,2070
2024-07-15,31.0,-83.0,4500
2024-07-15,31.0,-82.5,6030
2024-07-15,31.0,-82.0,8910
2024-07-15,31.0,-81.5,6480
2024-07-15,31.0,-81.0,180
2024-07-15,31.0,-80.5,90
2024-07-15,31.0,-79.5,450
2024-07-15,31.0,-79.0,540
2024-07-15,31.0,-78.5,360
2024-07-15,31.0,-78.0,90
2024-07-15,31.0,-77.0,360
2024-07-15,31.0,-76.5,270
2024-07-15,31.0,-75.5,270
2024-07-15,31.0,-75.0,360
2024-07-15,31.0,-74.5,360
2024-07-15,31.0,-74.0,90
2024-07-15,31.0,-73.0,90
2024-07-15,31.0,-69.5,90
2024-07-15,31.5,-116.5,360
2024-07-15,31.5,-116.0,2250
2024-07-15,31.5,-115.5,90
2024-07-15,31.5,-113.0,720
2024-07-15,31.5,-112.5,1530
2024-07-15,31.5,-112.0,1710
2024-07-15,31.5,-111.5,3150
2024-07-15,31.5,-111.0,1890
2024-07-15,31.5,-110.5,1800
2024-07-15,31.5,-110.0,630
2024-07-15,31.5,-109.5,1980
2024-07-15,31.5,-109.0,1260
2024-07-15,31.5,-108.5,1350
2024-07-15,31.5,-107.0,270
2024-07-15,31.5,-106.5,180
2024-07-15,31.5,-106.0,360
2024-07-15,31.5,-104.5,270
2024-07-15,31.5,-104.0,180
2024-07-15,31.5,-103.5,360
2024-07-15,31.5,-102.5,270
2024-07-15,31.5,-102.0,720
2024-07-15,31.5,-101.5,720
2024-07-15,31.5,-101.0,1350
2024-07-15,31.5,-100.5,2430
2024-07-15,31.5,-100.0,990
2024-07-15,31.5,-99.5,180
2024-07-15,31.5,-99.0,180
2024-07-15,31.5,-98.5,1710
2024-07-15,31.5,-98.0,450
2024-07-15,31.5,-97.5,540
2024-07-15,31.5,-97.0,630
2024-07-15,31.5,-96.5,2610
2024-07-15,31.5,-96.0,2970
2024-07-15,31.5,-95.5,90
2024-07-15,31.5,-95.0,270
2024-07-15,31.5,-94.5,90
2024-07-15,31.5,-94.0,900
2024-07-15,31.5,-93.5,1440
2024-07-15,31.5,-93.0,2070
2024-07-15,31.5,-92.5,270
2024-07-15,31.5,-92.0,990
2024-07-15,31.5,-91.5,1260
2024-07-15,31.5,-91.0,810
2024-07-15,31.5,-90.5,3330
2024-07-15,31.5,-90.0,4230
2024-07-15,31.5,-89.5,4500
2024-07-15,31.5,-89.0,4230
2024-07-15,31.5,-88.5,5760
2024-07-15,31.5,-88.0,6660
2024-07-15,31.5,-87.5,7110
2024-07-15,31.5,-87.0,2610
2024-07-15,31.5,-86.5,3870
2024-07-15,31.5,-86.0,3150
2024-07-15,31.5,-85.5,4860
2024-07-15,31.5,-85.0,4410
2024-07-15,31.5,-84.5,3870
2024-07-15,31.5,-84.0,4050
2024-07-15,31.5,-83.5,5940
2024-07-15,31.5,-83.0,7470
2024-07-15,31.5,-82.5,5040
2024-07-15,31.5,-82.0,9450
2024-07-15,31.5,-81.5,4320
2024-07-15,31.5,-81.0,540
2024-07-15,31.5,-80.5,630
2024-07-15,31.5,-80.0,810
2024-07-15,31.5,-79.5,270
2024-07-15,31.5,-79.0,1890
2024-07-15,31.5,-78.5,180
2024-07-15,31.5,-78.0,540
2024-07-15,31.5,-77.0,180
2024-07-15,31.5,-76.5,360
2024-07-15,31.5,-75.0,540
2024-07-15,31.5,-74.5,180
2024-07-15,31.5,-73.5,90
2024-07-15,31.5,-72.5,540
2024-07-15,31.5,-72.0,90
2024-07-15,31.5,-71.0,450
2024-07-15,31.5,-70.5,270
2024-07-15,31.5,-70.0,90
2024-07-15,31.5,-69.5,90
2024-07-15,32.0,-116.5,1080
2024-07-15,32.0,-116.0,360
2024-07-15,32.0,-114.0,90
2024-07-15,32.0,-113.5,360
2024-07-15,32.0,-113.0,540
2024-07-15,32.0,-112.5,720
2024-07-15,32.0,-112.0,1710
2024-07-15,32.0,-111.5,1620
2024-07-15,32.0,-111.0,2790
2024-07-15,32.0,-110.5,1710
2024-07-15,32.0,-110.0,1260
2024-07-15,32.0,-109.5,990
2024-07-15,32.0,-109.0,810
2024-07-15,32.0,-108.5,270
2024-07-15,32.0,-108.0,180
2024-07-15,32.0,-107.5,270
2024-07-15,32.0,-107.0,360
2024-07-15,32.0,-106.5,270
2024-07-15,32.0,-105.5,180
2024-07-15,32.0,-105.0,180
2024-07-15,32.0,-104.0,450
2024-07-15,32.0,-103.0,270
2024-07-15,32.0,-102.5,900
2024-07-15,32.0,-102.0,900
2024-07-15,32.0,-101.5,1530
2024-07-15,32.0,-101.0,1080
2024-07-15,32.0,-100.5,1350
2024-07-15,32.0,-100.0,1260
2024-07-15,32.0,-99.5,1080
2024-07-15,32.0,-99.0,1890
2024-07-15,32.0,-98.5,1440
2024-07-15,32.0,-98.0,2430
2024-07-15,32.0,-97.5,810
2024-07-15,32.0,-97.0,540
2024-07-15,32.0,-96.5,1440
2024-07-15,32.0,-96.0,1350
2024-07-15,32.0,-95.5,540
2024-07-15,32.0,-95.0,810
2024-07-15,32.0,-94.5,630
2024-07-15,32.0,-94.0,180
2024-07-15,32.0,-93.5,90
2024-07-15,32.0,-93.0,810
2024-07-15,32.0,-92.5,1800
2024-07-15,32.0,-92.0,180
2024-07-15,32.0,-91.5,360
2024-07-15,32.0,-91.0,990
2024-07-15,32.0,-90.5,1440
2024-07-15,32.0,-90.0,1800
2024-07-15,32.0,-89.5,8100
2024-07-15,32.0,-89.0,4950
2024-07-15,32.0,-88.5,8010
2024-07-15,32.0,-88.0,5940
2024-07-15,32.0,-87.5,4860
2024-07-15,32.0,-87.0,3870
2024-07-15,32.0,-86.5,2430
2024-07-15,32.0,-86.0,2070
2024-07-15,32.0,-85.5,2340
2024-07-15,32.0,-85.0,4230
2024-07-15,32.0,-84.5,4230
2024-07-15,32.0,-84.0,4680
2024-07-15,32.0,-83.5,2340
2024-07-15,32.0,-83.0,4050
2024-07-15,32.0,-82.5,1080
2024-07-15,32.0,-82.0,3780
2024-07-15,32.0,-81.5,10170
2024-07-15,32.0,-81.0,3510
2024-07-15,32.0,-80.5,720
2024-07-15,32.0,-80.0,1080
2024-07-15,32.0,-79.5,990
2024-07-15,32.0,-79.0,1620
2024-07-15,32.0,-78.5,1800
2024-07-15,32.0,-78.0,1440
2024-07-15,32.0,-77.0,270
2024-07-15,32.0,-76.0,90
2024-07-15,32.0,-75.0,360
2024-07-15,32.0,-74.5,270
2024-07-15,32.0,-74.0,180
2024-07-15,32.0,-72.5,450
2024-07-15,32.0,-71.5,180
2024-07-15,32.0,-71.0,180
2024-07-15,32.0,-70.5,360
2024-07-15,32.0,-69.5,90
2024-07-15,32.0,-65.5,180
2024-07-15,32.5,-116.5,180
2024-07-15,32.5,-113.5,450
2024-07-15,32.5,-113.0,1170
2024-07-15,32.5,-112.5,270
2024-07-15,32.5,-112.0,4500
2024-07-15,32.5,-111.5,180
2024-07-15,32.5,-111.0,810
2024-07-15,32.5,-110.5,1980
2024-07-15,32.5,-110.0,1890
2024-07-15,32.5,-109.5,1710
2024-07-15,32.5,-109.0,1710
2024-07-15,32.5,-108.5,990
2024-07-15,32.5,-108.0,540
2024-07-15,32.5,-107.5,270
2024-07-15,32.5,-107.0,450
2024-07-15,32.5,-106.5,360
2024-07-15,32.5,-106.0,360
2024-07-15,32.5,-105.5,90
2024-07-15,32.5,-104.0,180
2024-07-15,32.5,-103.5,270
2024-07-15,32.5,-103.0,90
2024-07-15,32.5,-102.5,720
2024-07-15,32.5,-102.0,900
2024-07-15,32.5,-101.5,810
2024-07-15,32.5,-101.0,630
2024-07-15,32.5,-100.5,1080
2024-07-15,32.5,-100.0,270
2024-07-15,32.5,-99.5,180
2024-07-15,32.5,-99.0,180
2024-07-15,32.5,-98.5,270
2024-07-15,32.5,-98.0,450
2024-07-15,32.5,-97.5,180
2024-07-15,32.5,-97.0,180
2024-07-15,32.5,-96.5,2250
2024-07-15,32.5,-96.0,720
2024-07-15,32.5,-95.5,1080
2024-07-15,32.5,-95.0,540
2024-07-15,32.5,-94.5,810
2024-07-15,32.5,-94.0,810
2024-07-15,32.5,-93.5,1710
2024-07-15,32.5,-93.0,1260
2024-07-15,32.5,-92.5,360
2024-07-15,32.5,-91.0,270
2024-07-15,32.5,-90.5,270
2024-07-15,32.5,-90.0,720
2024-07-15,32.5,-89.5,5220
2024-07-15,32.5,-89.0,5850
2024-07-15,32.5,-88.5,2970
2024-07-15,32.5,-88.0,5580
2024-07-15,32.5,-87.5,6480
2024-07-15,32.5,-87.0,4770
2024-07-15,32.5,-86.5,4320
2024-07-15,32.5,-86.0,3150
2024-07-15,32.5,-85.5,2160
2024-07-15,32.5,-85.0,3510
2024-07-15,32.5,-84.5,4410
2024-07-15,32.5,-84.0,2790
2024-07-15,32.5,-83.5,3150
2024-07-15,32.5,-83.0,4410
2024-07-15,32.5,-82.5,4320
2024-07-15,32.5,-82.0,2160
2024-07-15,32.5,-81.5,4860
2024-07-15,32.5,-81.0,8280
2024-07-15,32.5,-80.5,2340
2024-07-15,32.5,-80.0,180
2024-07-15,32.5,-79.5,90
2024-07-15,32.5,-79.0,900
2024-07-15,32.5,-78.5,2520
2024-07-15,32.5,-78.0,2160
2024-07-15,32.5,-77.5,1980
2024-07-15,32.5,-77.0,990
2024-07-15,32.5,-76.5,540
2024-07-15,32.5,-76.0,630
2024-07-15,32.5,-74.5,360
2024-07-15,32.5,-74.0,360
2024-07-15,32.5,-73.5,90
2024-07-15,32.5,-73.0,90
2024-07-15,32.5,-72.5,270
2024-07-15,32.5,-71.5,90
2024-07-15,32.5,-70.5,180
2024-07-15,32.5,-70.0,180
2024-07-15,33.0,-113.5,90
2024-07-15,33.0,-113.0,90
2024-07-15,33.0,-112.5,1890
2024-07-15,33.0,-112.0,180
2024-07-15,33.0,-111.5,630
2024-07-15,33.0,-111.0,1530
2024-07-15,33.0,-110.5,1710
2024-07-15,33.0,-110.0,2250
2024-07-15,33.0,-109.5,1980
2024-07-15,33.0,-109.0,3510
2024-07-15,33.0,-108.5,1980
2024-07-15,33.0,-108.0,1170
2024-07-15,33.0,-107.0,720
2024-07-15,33.0,-106.5,630
2024-07-15,33.0,-106.0,1620
2024-07-15,33.0,-105.5,360
2024-07-15,33.0,-105.0,360
2024-07-15,33.0,-104.5,720
2024-07-15,33.0,-104.0,1440
2024-07-15,33.0,-103.5,720
2024-07-15,33.0,-103.0,720
2024-07-15,33.0,-102.5,360
2024-07-15,33.0,-102.0,1350
2024-07-15,33.0,-101.5,540
2024-07-15,33.0,-101.0,450
2024-07-15,33.0,-100.5,1080
2024-07-15,33.0,-100.0,90
2024-07-15,33.0,-99.0,540
2024-07-15,33.0,-98.5,450
2024-07-15,33.0,-98.0,270
2024-07-15,33.0,-96.5,810
2024-07-15,33.0,-96.0,1530
2024-07-15,33.0,-95.5,810
2024-07-15,33.0,-95.0,2250
2024-07-15,33.0,-94.5,1350
2024-07-15,33.0,-94.0,2790
2024-07-15,33.0,-93.5,5580
2024-07-15,33.0,-93.0,3150
2024-07-15,33.0,-92.5,2610
2024-07-15,33.0,-92.0,3060
2024-07-15,33.0,-91.5,90
2024-07-15,33.0,-91.0,180
2024-07-15,33.0,-90.5,270
2024-07-15,33.0,-90.0,720
2024-07-15,33.0,-89.5,6300
2024-07-15,33.0,-89.0,1800
2024-07-15,33.0,-88.5,2700
2024-07-15,33.0,-88.0,4320
2024-07-15,33.0,-87.5,900
2024-07-15,33.0,-87.0,5400
2024-07-15,33.0,-86.5,7380
2024-07-15,33.0,-86.0,3060
2024-07-15,33.0,-85.5,2970
2024-07-15,33.0,-85.0,3150
2024-07-15,33.0,-84.5,900
2024-07-15,33.0,-84.0,2880
2024-07-15,33.0,-83.5,4770
2024-07-15,33.0,-83.0,2700
2024-07-15,33.0,-82.5,2970
2024-07-15,33.0,-82.0,1440
2024-07-15,33.0,-81.5,1350
2024-07-15,33.0,-81.0,6030
2024-07-15,33.0,-80.5,3510
2024-07-15,33.0,-80.0,3420
2024-07-15,33.0,-79.5,1080
2024-07-15,33.0,-79.0,720
2024-07-15,33.0,-78.5,2160
2024-07-15,33.0,-78.0,4140
2024-07-15,33.0,-77.5,2070
2024-07-15,33.0,-77.0,1350
2024-07-15,33.0,-76.5,900
2024-07-15,33.0,-76.0,630
2024-07-15,33.0,-75.5,180
2024-07-15,33.0,-73.5,90
2024-07-15,33.0,-72.0,90
2024-07-15,33.0,-71.5,90
2024-07-15,33.0,-70.5,90
2024-07-15,33.0,-69.0,90
2024-07-15,33.5,-117.0,270
2024-07-15,33.5,-116.5,180
2024-07-15,33.5,-116.0,90
2024-07-15,33.5,-115.5,360
2024-07-15,33.5,-113.0,360
2024-07-15,33.5,-112.5,1260
2024-07-15,33.5,-112.0,720
2024-07-15,33.5,-111.5,1350
2024-07-15,33.5,-111.0,3060
2024-07-15,33.5,-110.5,2880
2024-07-15,33.5,-110.0,2790
2024-07-15,33.5,-109.5,2970
2024-07-15,33.5,-109.0,1890
2024-07-15,33.5,-108.5,810
2024-07-15,33.5,-108.0,1080
2024-07-15,33.5,-107.5,270
2024-07-15,33.5,-107.0,1080
2024-07-15,33.5,-106.5,1800
2024-07-15,33.5,-106.0,1890
2024-07-15,33.5,-105.5,1170
2024-07-15,33.5,-105.0,1620
2024-07-15,33.5,-104.5,1350
2024-07-15,33.5,-104.0,1890
2024-07-15,33.5,-103.5,1440
2024-07-15,33.5,-103.0,1080
2024-07-15,33.5,-102.5,360
2024-07-15,33.5,-102.0,180
2024-07-15,33.5,-101.5,180
2024-07-15,33.5,-101.0,630
2024-07-15,33.5,-100.5,180
2024-07-15,33.5,-100.0,360
2024-07-15,33.5,-99.5,90
2024-07-15,33.5,-98.5,270
2024-07-15,33.5,-98.0,1620
2024-07-15,33.5,-97.5,360
2024-07-15,33.5,-97.0,270
2024-07-15,33.5,-96.5,270
2024-07-15,33.5,-96.0,90
2024-07-15,33.5,-95.0,1260
2024-07-15,33.5,-94.5,180
2024-07-15,33.5,-94.0,2430
2024-07-15,33.5,-93.5,1080
2024-07-15,33.5,-93.0,720
2024-07-15,33.5,-92.5,1080
2024-07-15,33.5,-92.0,1890
2024-07-15,33.5,-91.5,5310
2024-07-15,33.5,-91.0,3060
2024-07-15,33.5,-90.5,2340
2024-07-15,33.5,-90.0,2160
2024-07-15,33.5,-89.5,5580
2024-07-15,33.5,-89.0,3060
2024-07-15,33.5,-88.5,630
2024-07-15,33.5,-88.0,1800
2024-07-15,33.5,-87.5,1170
2024-07-15,33.5,-87.0,1260
2024-07-15,33.5,-86.5,2520
2024-07-15,33.5,-86.0,5400
2024-07-15,33.5,-85.5,1800
2024-07-15,33.5,-85.0,2520
2024-07-15,33.5,-84.5,2340
2024-07-15,33.5,-84.0,1350
2024-07-15,33.5,-83.5,2430
2024-07-15,33.5,-83.0,6660
2024-07-15,33.5,-82.5,3060
2024-07-15,33.5,-82.0,1980
2024-07-15,33.5,-81.5,990
2024-07-15,33.5,-81.0,6570
2024-07-15,33.5,-80.5,5040
2024-07-15,33.5,-80.0,5580
2024-07-15,33.5,-79.5,7290
2024-07-15,33.5,-79.0,2610
2024-07-15,33.5,-78.5,720
2024-07-15,33.5,-78.0,3240
2024-07-15,33.5,-77.5,1620
2024-07-15,33.5,-77.0,360
2024-07-15,33.5,-76.5,720
2024-07-15,33.5,-76.0,720
2024-07-15,33.5,-75.5,1440
2024-07-15,33.5,-75.0,810
2024-07-15,33.5,-74.5,90
2024-07-15,33.5,-69.0,180
2024-07-15,33.5,-66.0,90
2024-07-15,34.0,-117.0,90
2024-07-15,34.0,-116.5,180
2024-07-15,34.0,-116.0,90
2024-07-15,34.0,-114.5,90
2024-07-15,34.0,-113.0,990
2024-07-15,34.0,-112.5,2430
2024-07-15,34.0,-112.0,2790
2024-07-15,34.0,-111.5,3600
2024-07-15,34.0,-111.0,3060
2024-07-15,34.0,-110.5,1170
2024-07-15,34.0,-110.0,1260
2024-07-15,34.0,-109.5,630
2024-07-15,34.0,-109.0,1440
2024-07-15,34.0,-108.5,540
2024-07-15,34.0,-108.0,1980
2024-07-15,34.0,-107.5,540
2024-07-15,34.0,-107.0,1080
2024-07-15,34.0,-106.5,3060
2024-07-15,34.0,-106.0,2340
2024-07-15,34.0,-105.5,1170
2024-07-15,34.0,-105.0,900
2024-07-15,34.0,-104.5,2250
2024-07-15,34.0,-104.0,1800
2024-07-15,34.0,-103.5,1080
2024-07-15,34.0,-103.0,810
2024-07-15,34.0,-102.5,270
2024-07-15,34.0,-102.0,270
2024-07-15,34.0,-101.5,360
2024-07-15,34.0,-101.0,270
2024-07-15,34.0,-100.5,450
2024-07-15,34.0,-99.5,900
2024-07-15,34.0,-99.0,1080
2024-07-15,34.0,-98.5,90
2024-07-15,34.0,-98.0,450
2024-07-15,34.0,-97.5,360
2024-07-15,34.0,-97.0,720
2024-07-15,34.0,-96.5,90
2024-07-15,34.0,-95.0,360
2024-07-15,34.0,-94.5,720
2024-07-15,34.0,-94.0,990
2024-07-15,34.0,-93.5,270
2024-07-15,34.0,-93.0,180
2024-07-15,34.0,-92.5,90
2024-07-15,34.0,-92.0,270
2024-07-15,34.0,-91.5,90
2024-07-15,34.0,-91.0,270
2024-07-15,34.0,-90.5,270
2024-07-15,34.0,-90.0,720
2024-07-15,34.0,-89.5,720
2024-07-15,34.0,-89.0,360
2024-07-15,34.0,-88.5,270
2024-07-15,34.0,-88.0,1710
2024-07-15,34.0,-87.5,1530
2024-07-15,34.0,-87.0,900
2024-07-15,34.0,-86.5,1890
2024-07-15,34.0,-86.0,1980
2024-07-15,34.0,-85.5,1800
2024-07-15,34.0,-85.0,2610
2024-07-15,34.0,-84.5,900
2024-07-15,34.0,-84.0,1800
2024-07-15,34.0,-83.5,1350
2024-07-15,34.0,-83.0,3330
2024-07-15,34.0,-82.5,2700
2024-07-15,34.0,-82.0,1530
2024-07-15,34.0,-81.5,4410
2024-07-15,34.0,-81.0,5040
2024-07-15,34.0,-80.5,5130
2024-07-15,34.0,-80.0,5220
2024-07-15,34.0,-79.5,8010
2024-07-15,34.0,-79.0,2970
2024-07-15,34.0,-78.5,2610
2024-07-15,34.0,-78.0,1440
2024-07-15,34.0,-77.5,1260
2024-07-15,34.0,-77.0,900
2024-07-15,34.0,-76.5,450
2024-07-15,34.0,-76.0,900
2024-07-15,34.0,-75.5,1710
2024-07-15,34.0,-75.0,1440
2024-07-15,34.0,-74.5,1080
2024-07-15,34.0,-74.0,360
2024-07-15,34.0,-72.5,90
2024-07-15,34.0,-70.5,90
2024-07-15,34.0,-69.5,90
2024-07-15,34.0,-69.0,90
2024-07-15,34.0,-68.5,90
2024-07-15,34.0,-68.0,90
2024-07-15,34.0,-67.0,90
2024-07-15,34.5,-118.0,90
2024-07-15,34.5,-117.0,90
2024-07-15,34.5,-116.5,90
2024-07-15,34.5,-115.0,630
2024-07-15,34.5,-114.5,180
2024-07-15,34.5,-114.0,1080
2024-07-15,34.5,-113.5,1710
2024-07-15,34.5,-113.0,2070
2024-07-15,34.5,-112.5,2070
2024-07-15,34.5,-112.0,2160
2024-07-15,34.5,-111.5,1890
2024-07-15,34.5,-111.0,270
2024-07-15,34.5,-110.5,90
2024-07-15,34.5,-110.0,360
2024-07-15,34.5,-109.5,540
2024-07-15,34.5,-109.0,1170
2024-07-15,34.5,-108.5,810
2024-07-15,34.5,-108.0,2520
2024-07-15,34.5,-107.5,810
2024-07-15,34.5,-107.0,990
2024-07-15,34.5,-106.5,2070
2024-07-15,34.5,-106.0,2520
2024-07-15,34.5,-105.5,1980
2024-07-15,34.5,-105.0,1440
2024-07-15,34.5,-104.5,1440
2024-07-15,34.5,-104.0,1170
2024-07-15,34.5,-103.5,1980
2024-07-15,34.5,-103.0,1080
2024-07-15,34.5,-102.5,90
2024-07-15,34.5,-102.0,450
2024-07-15,34.5,-101.5,630
2024-07-15,34.5,-101.0,450
2024-07-15,34.5,-100.0,540
2024-07-15,34.5,-99.5,1260
2024-07-15,34.5,-98.5,90
2024-07-15,34.5,-97.0,270
2024-07-15,34.5,-96.5,360
2024-07-15,34.5,-96.0,90
2024-07-15,34.5,-95.5,270
2024-07-15,34.5,-95.0,540
2024-07-15,34.5,-94.5,180
2024-07-15,34.5,-94.0,990
2024-07-15,34.5,-93.5,1710
2024-07-15,34.5,-93.0,990
2024-07-15,34.5,-92.5,900
2024-07-15,34.5,-92.0,270
2024-07-15,34.5,-91.5,180
2024-07-15,34.5,-90.0,90
2024-07-15,34.5,-89.0,90
2024-07-15,34.5,-88.5,180
2024-07-15,34.5,-88.0,810
2024-07-15,34.5,-87.5,810
2024-07-15,34.5,-87.0,1890
2024-07-15,34.5,-86.5,2700
2024-07-15,34.5,-86.0,630
2024-07-15,34.5,-85.5,990
2024-07-15,34.5,-85.0,1620
2024-07-15,34.5,-84.5,360
2024-07-15,34.5,-84.0,810
2024-07-15,34.5,-83.5,540
2024-07-15,34.5,-83.0,1440
2024-07-15,34.5,-82.5,1800
2024-07-15,34.5,-82.0,990
2024-07-15,34.5,-81.5,2160
2024-07-15,34.5,-81.0,1620
2024-07-15,34.5,-80.5,450
2024-07-15,34.5,-80.0,5400
2024-07-15,34.5,-79.5,3420
2024-07-15,34.5,-79.0,2610
2024-07-15,34.5,-78.5,6750
2024-07-15,34.5,-78.0,990
2024-07-15,34.5,-77.5,360
2024-07-15,34.5,-77.0,990
2024-07-15,34.5,-76.5,360
2024-07-15,34.5,-76.0,450
2024-07-15,34.5,-75.5,720
2024-07-15,34.5,-75.0,1080
2024-07-15,34.5,-74.5,1350
2024-07-15,34.5,-74.0,270
2024-07-15,34.5,-70.0,180
2024-07-15,34.5,-69.0,90
2024-07-15,34.5,-68.5,180
2024-07-15,34.5,-68.0,90
2024-07-15,34.5,-67.5,90
2024-07-15,35.0,-118.5,90
2024-07-15,35.0,-117.5,90
2024-07-15,35.0,-116.5,270
2024-07-15,35.0,-114.0,450
2024-07-15,35.0,-113.5,450
2024-07-15,35.0,-113.0,900
2024-07-15,35.0,-112.5,1620
2024-07-15,35.0,-112.0,1620
2024-07-15,35.0,-111.5,630
2024-07-15,35.0,-110.5,180
2024-07-15,35.0,-110.0,180
2024-07-15,35.0,-109.5,360
2024-07-15,35.0,-109.0,540
2024-07-15,35.0,-108.5,1170
2024-07-15,35.0,-108.0,540
2024-07-15,35.0,-107.5,360
2024-07-15,35.0,-107.0,720
2024-07-15,35.0,-106.5,1080
2024-07-15,35.0,-106.0,1260
2024-07-15,35.0,-105.5,1530
2024-07-15,35.0,-105.0,1170
2024-07-15,35.0,-104.5,810
2024-07-15,35.0,-104.0,1980
2024-07-15,35.0,-103.5,2340
2024-07-15,35.0,-103.0,1800
2024-07-15,35.0,-102.5,1890
2024-07-15,35.0,-102.0,990
2024-07-15,35.0,-101.5,2160
2024-07-15,35.0,-101.0,720
2024-07-15,35.0,-100.5,180
2024-07-15,35.0,-100.0,2970
2024-07-15,35.0,-99.5,630
2024-07-15,35.0,-99.0,3600
2024-07-15,35.0,-98.5,810
2024-07-15,35.0,-98.0,270
2024-07-15,35.0,-97.5,1080
2024-07-15,35.0,-97.0,810
2024-07-15,35.0,-96.5,630
2024-07-15,35.0,-96.0,360
2024-07-15,35.0,-95.5,270
2024-07-15,35.0,-95.0,1260
2024-07-15,35.0,-94.5,1800
2024-07-15,35.0,-94.0,90
2024-07-15,35.0,-93.5,270
2024-07-15,35.0,-93.0,4050
2024-07-15,35.0,-92.5,4770
2024-07-15,35.0,-92.0,360
2024-07-15,35.0,-91.5,90
2024-07-15,35.0,-91.0,90
2024-07-15,35.0,-88.5,270
2024-07-15,35.0,-88.0,540
2024-07-15,35.0,-87.5,1260
2024-07-15,35.0,-87.0,1350
2024-07-15,35.0,-86.5,1170
2024-07-15,35.0,-86.0,540
2024-07-15,35.0,-85.5,3510
2024-07-15,35.0,-85.0,1440
2024-07-15,35.0,-84.5,270
2024-07-15,35.0,-84.0,450
2024-07-15,35.0,-83.5,720
2024-07-15,35.0,-83.0,2070
2024-07-15,35.0,-82.5,3510
2024-07-15,35.0,-82.0,3600
2024-07-15,35.0,-81.5,3150
2024-07-15,35.0,-81.0,3420
2024-07-15,35.0,-80.5,720
2024-07-15,35.0,-80.0,720
2024-07-15,35.0,-79.5,720
2024-07-15,35.0,-79.0,3150
2024-07-15,35.0,-78.5,1710
2024-07-15,35.0,-78.0,990
2024-07-15,35.0,-77.5,1620
2024-07-15,35.0,-77.0,3150
2024-07-15,35.0,-76.5,1260
2024-07-15,35.0,-76.0,1620
2024-07-15,35.0,-75.5,270
2024-07-15,35.0,-75.0,720
2024-07-15,35.0,-74.5,720
2024-07-15,35.0,-74.0,630
2024-07-15,35.0,-73.5,360
2024-07-15,35.0,-73.0,270
2024-07-15,35.0,-70.5,180
2024-07-15,35.0,-68.5,90
2024-07-15,35.0,-68.0,180
2024-07-15,35.0,-67.0,90
2024-07-15,35.5,-118.5,180
2024-07-15,35.5,-118.0,180
2024-07-15,35.5,-117.0,90
2024-07-15,35.5,-116.0,90
2024-07-15,35.5,-115.5,270
2024-07-15,35.5,-115.0,270
2024-07-15,35.5,-114.5,630
2024-07-15,35.5,-114.0,630
2024-07-15,35.5,-113.5,990
2024-07-15,35.5,-113.0,1350
2024-07-15,35.5,-112.5,360
2024-07-15,35.5,-112.0,90
2024-07-15,35.5,-111.0,90
2024-07-15,35.5,-110.5,180
2024-07-15,35.5,-110.0,630
2024-07-15,35.5,-109.5,630
2024-07-15,35.5,-109.0,180
2024-07-15,35.5,-108.5,90
2024-07-15,35.5,-108.0,180
2024-07-15,35.5,-107.5,1350
2024-07-15,35.5,-107.0,1350
2024-07-15,35.5,-106.5,1620
2024-07-15,35.5,-106.0,2070
2024-07-15,35.5,-105.5,2880
2024-07-15,35.5,-105.0,1530
2024-07-15,35.5,-104.5,1440
2024-07-15,35.5,-104.0,810
2024-07-15,35.5,-103.5,630
2024-07-15,35.5,-103.0,1800
2024-07-15,35.5,-102.5,1080
2024-07-15,35.5,-102.0,2610
2024-07-15,35.5,-101.5,810
2024-07-15,35.5,-101.0,90
2024-07-15,35.5,-100.5,360
2024-07-15,35.5,-100.0,1350
2024-07-15,35.5,-99.5,990
2024-07-15,35.5,-99.0,900
2024-07-15,35.5,-98.5,2790
2024-07-15,35.5,-98.0,540
2024-07-15,35.5,-97.5,1710
2024-07-15,35.5,-97.0,3150
2024-07-15,35.5,-96.5,810
2024-07-15,35.5,-96.0,360
2024-07-15,35.5,-95.5,180
2024-07-15,35.5,-95.0,90
2024-07-15,35.5,-94.5,270
2024-07-15,35.5,-94.0,360
2024-07-15,35.5,-93.5,270
2024-07-15,35.5,-93.0,9900
2024-07-15,35.5,-92.5,17730
2024-07-15,35.5,-92.0,2610
2024-07-15,35.5,-91.5,1620
2024-07-15,35.5,-88.5,450
2024-07-15,35.5,-88.0,270
2024-07-15,35.5,-87.5,450
2024-07-15,35.5,-87.0,540
2024-07-15,35.5,-86.5,1080
2024-07-15,35.5,-86.0,1350
2024-07-15,35.5,-85.5,900
2024-07-15,35.5,-85.0,4950
2024-07-15,35.5,-84.5,810
2024-07-15,35.5,-84.0,1080
2024-07-15,35.5,-83.5,1530
2024-07-15,35.5,-83.0,1350
2024-07-15,35.5,-82.5,1260
2024-07-15,35.5,-82.0,1710
2024-07-15,35.5,-81.5,2700
2024-07-15,35.5,-81.0,2700
2024-07-15,35.5,-80.5,990
2024-07-15,35.5,-80.0,900
2024-07-15,35.5,-79.5,1350
2024-07-15,35.5,-79.0,2070
2024-07-15,35.5,-78.5,1800
2024-07-15,35.5,-78.0,990
2024-07-15,35.5,-77.5,1890
2024-07-15,35.5,-77.0,990
2024-07-15,35.5,-76.5,2160
2024-07-15,35.5,-76.0,2700
2024-07-15,35.5,-75.5,630
2024-07-15,35.5,-75.0,270
2024-07-15,35.5,-74.5,1080
2024-07-15,35.5,-74.0,630
2024-07-15,35.5,-73.5,720
2024-07-15,35.5,-73.0,360
2024-07-15,35.5,-72.5,180
2024-07-15,35.5,-72.0,90
2024-07-15,35.5,-68.5,180
2024-07-15,35.5,-68.0,90
2024-07-15,35.5,-67.5,90
2024-07-15,36.0,-116.0,90
2024-07-15,36.0,-115.5,180
2024-07-15,36.0,-114.5,450
2024-07-15,36.0,-114.0,90
2024-07-15,36.0,-113.5,900
2024-07-15,36.0,-113.0,90
2024-07-15,36.0,-112.5,360
2024-07-15,36.0,-112.0,270
2024-07-15,36.0,-111.5,180
2024-07-15,36.0,-111.0,360
2024-07-15,36.0,-110.5,270
2024-07-15,36.0,-110.0,450
2024-07-15,36.0,-109.5,90
2024-07-15,36.0,-109.0,990
2024-07-15,36.0,-108.5,360
2024-07-15,36.0,-108.0,360
2024-07-15,36.0,-107.5,720
2024-07-15,36.0,-107.0,1710
2024-07-15,36.0,-106.5,900
2024-07-15,36.0,-106.0,270
2024-07-15,36.0,-105.5,2250
2024-07-15,36.0,-105.0,1170
2024-07-15,36.0,-104.5,1170
2024-07-15,36.0,-104.0,1710
2024-07-15,36.0,-103.5,1170
2024-07-15,36.0,-103.0,2610
2024-07-15,36.0,-102.5,1440
2024-07-15,36.0,-102.0,2340
2024-07-15,36.0,-101.5,2070
2024-07-15,36.0,-101.0,1170
2024-07-15,36.0,-100.5,1350
2024-07-15,36.0,-100.0,3600
2024-07-15,36.0,-99.5,5220
2024-07-15,36.0,-99.0,1710
2024-07-15,36.0,-98.5,1800
2024-07-15,36.0,-98.0,1620
2024-07-15,36.0,-97.5,270
2024-07-15,36.0,-97.0,1350
2024-07-15,36.0,-96.5,1170
2024-07-15,36.0,-96.0,1260
2024-07-15,36.0,-95.5,360
2024-07-15,36.0,-95.0,900
2024-07-15,36.0,-94.5,180
2024-07-15,36.0,-94.0,1260
2024-07-15,36.0,-93.5,1800
2024-07-15,36.0,-93.0,16470
2024-07-15,36.0,-92.5,16920
2024-07-15,36.0,-92.0,10350
2024-07-15,36.0,-91.5,6570
2024-07-15,36.0,-91.0,270
2024-07-15,36.0,-90.5,360
2024-07-15,36.0,-90.0,90
2024-07-15,36.0,-89.5,360
2024-07-15,36.0,-88.5,270
2024-07-15,36.0,-87.5,1350
2024-07-15,36.0,-87.0,270
2024-07-15,36.0,-86.5,450
2024-07-15,36.0,-86.0,990
2024-07-15,36.0,-85.5,1170
2024-07-15,36.0,-85.0,1260
2024-07-15,36.0,-84.5,1620
2024-07-15,36.0,-84.0,540
2024-07-15,36.0,-83.5,180
2024-07-15,36.0,-83.0,270
2024-07-15,36.0,-82.5,180
2024-07-15,36.0,-82.0,630
2024-07-15,36.0,-81.5,1170
2024-07-15,36.0,-81.0,720
2024-07-15,36.0,-80.5,450
2024-07-15,36.0,-79.5,1620
2024-07-15,36.0,-79.0,4410
2024-07-15,36.0,-78.5,2880
2024-07-15,36.0,-78.0,1350
2024-07-15,36.0,-77.5,990
2024-07-15,36.0,-77.0,1800
2024-07-15,36.0,-76.5,2250
2024-07-15,36.0,-76.0,3060
2024-07-15,36.0,-75.5,900
2024-07-15,36.0,-75.0,180
2024-07-15,36.0,-74.5,180
2024-07-15,36.0,-74.0,1350
2024-07-15,36.0,-73.5,1440
2024-07-15,36.0,-73.0,810
2024-07-15,36.0,-72.5,360
2024-07-15,36.0,-70.0,90
2024-07-15,36.0,-68.5,90
2024-07-15,36.0,-67.5,180
2024-07-15,36.0,-67.0,450
2024-07-15,36.0,-66.5,270
2024-07-15,36.5,-118.5,180
2024-07-15,36.5,-116.0,90
2024-07-15,36.5,-115.5,270
2024-07-15,36.5,-115.0,450
2024-07-15,36.5,-114.5,450
2024-07-15,36.5,-114.0,630
2024-07-15,36.5,-113.5,90
2024-07-15,36.5,-113.0,90
2024-07-15,36.5,-112.5,360
2024-07-15,36.5,-112.0,90
2024-07-15,36.5,-111.0,360
2024-07-15,36.5,-110.5,360
2024-07-15,36.5,-110.0,180
2024-07-15,36.5,-109.5,450
2024-07-15,36.5,-109.0,450
2024-07-15,36.5,-108.5,90
2024-07-15,36.5,-108.0,360
2024-07-15,36.5,-107.5,720
2024-07-15,36.5,-107.0,1440
2024-07-15,36.5,-106.5,990
2024-07-15,36.5,-106.0,540
2024-07-15,36.5,-105.5,900
2024-07-15,36.5,-105.0,1890
2024-07-15,36.5,-104.5,2250
2024-07-15,36.5,-104.0,2520
2024-07-15,36.5,-103.5,1800
2024-07-15,36.5,-103.0,1440
2024-07-15,36.5,-102.5,3420
2024-07-15,36.5,-102.0,5940
2024-07-15,36.5,-101.5,810
2024-07-15,36.5,-101.0,900
2024-07-15,36.5,-100.5,900
2024-07-15,36.5,-100.0,1440
2024-07-15,36.5,-99.5,1080
2024-07-15,36.5,-99.0,1530
2024-07-15,36.5,-98.5,990
2024-07-15,36.5,-98.0,1620
2024-07-15,36.5,-97.5,2070
2024-07-15,36.5,-97.0,2340
2024-07-15,36.5,-96.5,2610
2024-07-15,36.5,-96.0,2610
2024-07-15,36.5,-95.5,2250
2024-07-15,36.5,-95.0,1260
2024-07-15,36.5,-94.5,270
2024-07-15,36.5,-94.0,450
2024-07-15,36.5,-93.5,2790
2024-07-15,36.5,-93.0,4410
2024-07-15,36.5,-92.5,1170
2024-07-15,36.5,-92.0,360
2024-07-15,36.5,-91.5,90
2024-07-15,36.5,-90.5,90
2024-07-15,36.5,-90.0,270
2024-07-15,36.5,-89.5,900
2024-07-15,36.5,-89.0,360
2024-07-15,36.5,-88.5,360
2024-07-15,36.5,-88.0,90
2024-07-15,36.5,-87.5,990
2024-07-15,36.5,-87.0,1440
2024-07-15,36.5,-86.5,720
2024-07-15,36.5,-86.0,810
2024-07-15,36.5,-85.5,630
2024-07-15,36.5,-85.0,90
2024-07-15,36.5,-84.5,810
2024-07-15,36.5,-84.0,1800
2024-07-15,36.5,-83.5,1530
2024-07-15,36.5,-83.0,270
2024-07-15,36.5,-82.5,180
2024-07-15,36.5,-82.0,360
2024-07-15,36.5,-81.5,360
2024-07-15,36.5,-81.0,900
2024-07-15,36.5,-80.5,990
2024-07-15,36.5,-80.0,450
2024-07-15,36.5,-79.5,2700
2024-07-15,36.5,-79.0,6840
2024-07-15,36.5,-78.5,2520
2024-07-15,36.5,-78.0,3870
2024-07-15,36.5,-77.5,1260
2024-07-15,36.5,-77.0,2250
2024-07-15,36.5,-76.5,1980
2024-07-15,36.5,-76.0,990
2024-07-15,36.5,-75.5,90
2024-07-15,36.5,-75.0,450
2024-07-15,36.5,-74.5,540
2024-07-15,36.5,-74.0,270
2024-07-15,36.5,-73.5,180
2024-07-15,36.5,-73.0,360
2024-07-15,36.5,-72.5,630
2024-07-15,36.5,-72.0,990
2024-07-15,36.5,-71.0,90
2024-07-15,36.5,-69.0,90
2024-07-15,36.5,-68.5,180
2024-07-15,36.5,-67.5,90
2024-07-15,36.5,-67.0,180
2024-07-15,36.5,-66.5,630
2024-07-15,36.5,-66.0,360
2024-07-15,36.5,-65.5,90
2024-07-15,37.0,-119.0,180
2024-07-15,37.0,-117.0,90
2024-07-15,37.0,-116.5,90
2024-07-15,37.0,-116.0,180
2024-07-15,37.0,-114.5,270
2024-07-15,37.0,-114.0,90
2024-07-15,37.0,-113.5,630
2024-07-15,37.0,-113.0,270
2024-07-15,37.0,-112.5,180
2024-07-15,37.0,-112.0,180
2024-07-15,37.0,-111.5,270
2024-07-15,37.0,-110.0,180
2024-07-15,37.0,-109.5,90
2024-07-15,37.0,-109.0,540
2024-07-15,37.0,-108.5,1350
2024-07-15,37.0,-108.0,1170
2024-07-15,37.0,-107.5,720
2024-07-15,37.0,-107.0,2070
2024-07-15,37.0,-106.5,1530
2024-07-15,37.0,-106.0,450
2024-07-15,37.0,-105.5,1170
2024-07-15,37.0,-105.0,1710
2024-07-15,37.0,-104.5,1170
2024-07-15,37.0,-104.0,1440
2024-07-15,37.0,-103.5,2430
2024-07-15,37.0,-103.0,3870
2024-07-15,37.0,-102.5,2340
2024-07-15,37.0,-102.0,5310
2024-07-15,37.0,-101.5,1080
2024-07-15,37.0,-100.5,1440
2024-07-15,37.0,-100.0,1890
2024-07-15,37.0,-99.5,540
2024-07-15,37.0,-99.0,2160
2024-07-15,37.0,-98.5,1800
2024-07-15,37.0,-98.0,2880
2024-07-15,37.0,-97.5,2340
2024-07-15,37.0,-97.0,1800
2024-07-15,37.0,-96.5,1800
2024-07-15,37.0,-96.0,90
2024-07-15,37.0,-95.5,810
2024-07-15,37.0,-95.0,720
2024-07-15,37.0,-94.5,1890
2024-07-15,37.0,-94.0,720
2024-07-15,37.0,-93.5,1170
2024-07-15,37.0,-93.0,360
2024-07-15,37.0,-90.0,90
2024-07-15,37.0,-89.5,180
2024-07-15,37.0,-89.0,90
2024-07-15,37.0,-88.5,990
2024-07-15,37.0,-88.0,2430
2024-07-15,37.0,-87.5,1710
2024-07-15,37.0,-87.0,630
2024-07-15,37.0,-86.5,90
2024-07-15,37.0,-86.0,540
2024-07-15,37.0,-85.5,180
2024-07-15,37.0,-85.0,360
2024-07-15,37.0,-84.5,270
2024-07-15,37.0,-84.0,360
2024-07-15,37.0,-83.5,720
2024-07-15,37.0,-83.0,630
2024-07-15,37.0,-82.5,450
2024-07-15,37.0,-82.0,1080
2024-07-15,37.0,-81.5,270
2024-07-15,37.0,-81.0,990
2024-07-15,37.0,-80.5,90
2024-07-15,37.0,-80.0,720
2024-07-15,37.0,-79.5,810
2024-07-15,37.0,-79.0,4860
2024-07-15,37.0,-78.5,990
2024-07-15,37.0,-78.0,1080
2024-07-15,37.0,-77.5,630
2024-07-15,37.0,-77.0,90
2024-07-15,37.0,-76.5,180
2024-07-15,37.0,-76.0,540
2024-07-15,37.0,-75.5,360
2024-07-15,37.0,-75.0,1260
2024-07-15,37.0,-74.5,900
2024-07-15,37.0,-74.0,540
2024-07-15,37.0,-73.5,90
2024-07-15,37.0,-73.0,270
2024-07-15,37.0,-72.5,360
2024-07-15,37.0,-72.0,360
2024-07-15,37.0,-71.5,630
2024-07-15,37.0,-71.0,270
2024-07-15,37.0,-70.5,90
2024-07-15,37.0,-70.0,90
2024-07-15,37.0,-66.5,90
2024-07-15,37.0,-66.0,270
2024-07-15,37.0,-65.5,90
2024-07-15,37.5,-119.5,360
2024-07-15,37.5,-119.0,90
2024-07-15,37.5,-116.5,180
2024-07-15,37.5,-116.0,90
2024-07-15,37.5,-115.0,180
2024-07-15,37.5,-114.5,360
2024-07-15,37.5,-114.0,90
2024-07-15,37.5,-113.5,360
2024-07-15,37.5,-113.0,360
2024-07-15,37.5,-112.5,360
2024-07-15,37.5,-112.0,360
2024-07-15,37.5,-110.0,360
2024-07-15,37.5,-109.5,720
2024-07-15,37.5,-109.0,1170
2024-07-15,37.5,-108.5,900
2024-07-15,37.5,-108.0,1080
2024-07-15,37.5,-107.5,1980
2024-07-15,37.5,-107.0,1980
2024-07-15,37.5,-106.5,1170
2024-07-15,37.5,-106.0,360
2024-07-15,37.5,-105.5,1080
2024-07-15,37.5,-105.0,1260
2024-07-15,37.5,-104.5,1620
2024-07-15,37.5,-104.0,1980
2024-07-15,37.5,-103.5,2610
2024-07-15,37.5,-103.0,2880
2024-07-15,37.5,-102.5,3060
2024-07-15,37.5,-102.0,2430
2024-07-15,37.5,-101.5,900
2024-07-15,37.5,-101.0,1710
2024-07-15,37.5,-100.5,1440
2024-07-15,37.5,-100.0,4230
2024-07-15,37.5,-99.5,450
2024-07-15,37.5,-99.0,180
2024-07-15,37.5,-98.5,360
2024-07-15,37.5,-98.0,270
2024-07-15,37.5,-97.5,720
2024-07-15,37.5,-97.0,1350
2024-07-15,37.5,-96.5,360
2024-07-15,37.5,-95.5,90
2024-07-15,37.5,-95.0,180
2024-07-15,37.5,-94.5,90
2024-07-15,37.5,-93.5,180
2024-07-15,37.5,-92.0,180
2024-07-15,37.5,-91.5,1440
2024-07-15,37.5,-91.0,1800
2024-07-15,37.5,-90.5,2880
2024-07-15,37.5,-90.0,2790
2024-07-15,37.5,-89.5,2160
2024-07-15,37.5,-89.0,720
2024-07-15,37.5,-88.5,1170
2024-07-15,37.5,-88.0,540
2024-07-15,37.5,-87.5,630
2024-07-15,37.5,-87.0,270
2024-07-15,37.5,-86.5,900
2024-07-15,37.5,-86.0,6390
2024-07-15,37.5,-85.5,720
2024-07-15,37.5,-85.0,90
2024-07-15,37.5,-84.5,90
2024-07-15,37.5,-84.0,270
2024-07-15,37.5,-83.5,450
2024-07-15,37.5,-83.0,270
2024-07-15,37.5,-82.5,450
2024-07-15,37.5,-82.0,180
2024-07-15,37.5,-81.5,90
2024-07-15,37.5,-81.0,540
2024-07-15,37.5,-80.5,720
2024-07-15,37.5,-80.0,1080
2024-07-15,37.5,-79.5,1800
2024-07-15,37.5,-79.0,2880
2024-07-15,37.5,-78.5,1440
2024-07-15,37.5,-78.0,540
2024-07-15,37.5,-77.5,1350
2024-07-15,37.5,-77.0,90
2024-07-15,37.5,-75.0,180
2024-07-15,37.5,-74.5,90
2024-07-15,37.5,-74.0,630
2024-07-15,37.5,-73.5,270
2024-07-15,37.5,-73.0,270
2024-07-15,37.5,-72.5,270
2024-07-15,37.5,-72.0,360
2024-07-15,37.5,-71.5,1080
2024-07-15,37.5,-71.0,900
2024-07-15,37.5,-70.5,90
2024-07-15,37.5,-69.5,90
2024-07-15,37.5,-69.0,90
2024-07-15,37.5,-68.0,90
2024-07-15,37.5,-66.5,90
2024-07-15,37.5,-65.5,180
2024-07-15,38.0,-120.0,270
2024-07-15,38.0,-119.5,900
2024-07-15,38.0,-119.0,90
2024-07-15,38.0,-116.5,180
2024-07-15,38.0,-116.0,90
2024-07-15,38.0,-115.0,360
2024-07-15,38.0,-114.5,180
2024-07-15,38.0,-114.0,360
2024-07-15,38.0,-113.5,180
2024-07-15,38.0,-113.0,270
2024-07-15,38.0,-112.5,270
2024-07-15,38.0,-112.0,180
2024-07-15,38.0,-111.5,270
2024-07-15,38.0,-110.0,90
2024-07-15,38.0,-109.5,270
2024-07-15,38.0,-109.0,360
2024-07-15,38.0,-108.5,270
2024-07-15,38.0,-108.0,900
2024-07-15,38.0,-107.5,720
2024-07-15,38.0,-107.0,720
2024-07-15,38.0,-106.5,810
2024-07-15,38.0,-106.0,810
2024-07-15,38.0,-105.5,900
2024-07-15,38.0,-105.0,1170
2024-07-15,38.0,-104.5,2340
2024-07-15,38.0,-104.0,2880
2024-07-15,38.0,-103.5,2970
2024-07-15,38.0,-103.0,3870
2024-07-15,38.0,-102.5,1620
2024-07-15,38.0,-102.0,4230
2024-07-15,38.0,-101.5,2430
2024-07-15,38.0,-101.0,2340
2024-07-15,38.0,-100.5,2520
2024-07-15,38.0,-100.0,990
2024-07-15,38.0,-97.0,360
2024-07-15,38.0,-96.5,1260
2024-07-15,38.0,-95.5,90
2024-07-15,38.0,-94.5,360
2024-07-15,38.0,-94.0,90
2024-07-15,38.0,-93.5,720
2024-07-15,38.0,-93.0,630
2024-07-15,38.0,-92.5,990
2024-07-15,38.0,-92.0,450
2024-07-15,38.0,-91.5,180
2024-07-15,38.0,-91.0,1710
2024-07-15,38.0,-90.5,2700
2024-07-15,38.0,-90.0,3690
2024-07-15,38.0,-89.5,4050
2024-07-15,38.0,-89.0,1980
2024-07-15,38.0,-88.5,450
2024-07-15,38.0,-88.0,180
2024-07-15,38.0,-87.5,270
2024-07-15,38.0,-86.0,90
2024-07-15,38.0,-85.5,180
2024-07-15,38.0,-84.5,90
2024-07-15,38.0,-83.5,90
2024-07-15,38.0,-83.0,270
2024-07-15,38.0,-82.5,810
2024-07-15,38.0,-82.0,540
2024-07-15,38.0,-81.0,180
2024-07-15,38.0,-79.5,810
2024-07-15,38.0,-79.0,1440
2024-07-15,38.0,-78.5,1440
2024-07-15,38.0,-78.0,900
2024-07-15,38.0,-77.5,1710
2024-07-15,38.0,-77.0,360
2024-07-15,38.0,-76.5,180
2024-07-15,38.0,-76.0,270
2024-07-15,38.0,-75.5,180
2024-07-15,38.0,-74.5,180
2024-07-15,38.0,-74.0,180
2024-07-15,38.0,-73.5,90
2024-07-15,38.0,-72.5,90
2024-07-15,38.0,-72.0,270
2024-07-15,38.0,-71.5,1170
2024-07-15,38.0,-71.0,1530
2024-07-15,38.0,-70.5,270
2024-07-15,38.0,-69.0,270
2024-07-15,38.0,-68.5,630
2024-07-15,38.0,-67.5,90
2024-07-15,38.0,-65.5,270
2024-07-15,38.5,-120.5,90
2024-07-15,38.5,-120.0,540
2024-07-15,38.5,-119.5,360
2024-07-15,38.5,-117.5,180
2024-07-15,38.5,-117.0,450
2024-07-15,38.5,-116.5,360
2024-07-15,38.5,-115.0,180
2024-07-15,38.5,-114.5,810
2024-07-15,38.5,-114.0,180
2024-07-15,38.5,-112.5,450
2024-07-15,38.5,-112.0,360
2024-07-15,38.5,-111.5,180
2024-07-15,38.5,-111.0,90
2024-07-15,38.5,-109.0,180
2024-07-15,38.5,-108.5,180
2024-07-15,38.5,-108.0,90
2024-07-15,38.5,-107.5,450
2024-07-15,38.5,-107.0,630
2024-07-15,38.5,-106.5,630
2024-07-15,38.5,-106.0,1170
2024-07-15,38.5,-105.5,2250
2024-07-15,38.5,-105.0,2790
2024-07-15,38.5,-104.5,1980
2024-07-15,38.5,-104.0,1620
2024-07-15,38.5,-103.5,2250
2024-07-15,38.5,-103.0,2340
2024-07-15,38.5,-102.5,4050
2024-07-15,38.5,-102.0,5130
2024-07-15,38.5,-101.5,1350
2024-07-15,38.5,-101.0,4770
2024-07-15,38.5,-100.5,4230
2024-07-15,38.5,-100.0,3330
2024-07-15,38.5,-99.5,2520
2024-07-15,38.5,-99.0,2880
2024-07-15,38.5,-98.5,2250
2024-07-15,38.5,-98.0,1800
2024-07-15,38.5,-97.5,1530
2024-07-15,38.5,-97.0,630
2024-07-15,38.5,-96.5,450
2024-07-15,38.5,-96.0,180
2024-07-15,38.5,-95.5,90
2024-07-15,38.5,-94.0,90
2024-07-15,38.5,-93.5,270
2024-07-15,38.5,-92.5,180
2024-07-15,38.5,-92.0,90
2024-07-15,38.5,-91.5,1080
2024-07-15,38.5,-91.0,1260
2024-07-15,38.5,-90.5,3600
2024-07-15,38.5,-90.0,3690
2024-07-15,38.5,-89.5,2880
2024-07-15,38.5,-89.0,4230
2024-07-15,38.5,-88.5,360
2024-07-15,38.5,-88.0,180
2024-07-15,38.5,-87.5,90
2024-07-15,38.5,-87.0,90
2024-07-15,38.5,-84.0,270
2024-07-15,38.5,-82.5,450
2024-07-15,38.5,-82.0,180
2024-07-15,38.5,-81.5,540
2024-07-15,38.5,-81.0,180
2024-07-15,38.5,-80.5,90
2024-07-15,38.5,-79.0,90
2024-07-15,38.5,-78.5,540
2024-07-15,38.5,-78.0,810
2024-07-15,38.5,-77.5,270
2024-07-15,38.5,-77.0,2070
2024-07-15,38.5,-76.5,990
2024-07-15,38.5,-76.0,2250
2024-07-15,38.5,-75.5,630
2024-07-15,38.5,-75.0,1260
2024-07-15,38.5,-74.5,270
2024-07-15,38.5,-71.5,450
2024-07-15,38.5,-71.0,3780
2024-07-15,38.5,-70.5,4050
2024-07-15,38.5,-70.0,2340
2024-07-15,38.5,-69.5,1980
2024-07-15,38.5,-69.0,810
2024-07-15,38.5,-68.5,360
2024-07-15,38.5,-68.0,270
2024-07-15,38.5,-67.5,360
2024-07-15,39.0,-120.5,180
2024-07-15,39.0,-120.0,90
2024-07-15,39.0,-118.0,270
2024-07-15,39.0,-117.5,180
2024-07-15,39.0,-117.0,90
2024-07-15,39.0,-116.5,360
2024-07-15,39.0,-115.5,270
2024-07-15,39.0,-115.0,90
2024-07-15,39.0,-114.5,90
2024-07-15,39.0,-114.0,270
2024-07-15,39.0,-113.5,270
2024-07-15,39.0,-113.0,90
2024-07-15,39.0,-112.5,90
2024-07-15,39.0,-112.0,360
2024-07-15,39.0,-111.5,360
2024-07-15,39.0,-111.0,90
2024-07-15,39.0,-110.5,180
2024-07-15,39.0,-110.0,360
2024-07-15,39.0,-109.0,360
2024-07-15,39.0,-108.5,90
2024-07-15,39.0,-108.0,900
2024-07-15,39.0,-107.5,90
2024-07-15,39.0,-107.0,180
2024-07-15,39.0,-106.5,270
2024-07-15,39.0,-106.0,1080
2024-07-15,39.0,-105.5,1170
2024-07-15,39.0,-105.0,1350
2024-07-15,39.0,-104.5,1890
2024-07-15,39.0,-104.0,990
2024-07-15,39.0,-103.5,1530
2024-07-15,39.0,-103.0,3600
2024-07-15,39.0,-102.5,2160
2024-07-15,39.0,-102.0,3060
2024-07-15,39.0,-101.5,1980
2024-07-15,39.0,-101.0,3150
2024-07-15,39.0,-100.5,810
2024-07-15,39.0,-100.0,2250
2024-07-15,39.0,-99.5,2160
2024-07-15,39.0,-99.0,6120
2024-07-15,39.0,-98.5,2520
2024-07-15,39.0,-98.0,1080
2024-07-15,39.0,-97.5,2250
2024-07-15,39.0,-97.0,1890
2024-07-15,39.0,-96.5,4680
2024-07-15,39.0,-96.0,1440
2024-07-15,39.0,-95.5,2250
2024-07-15,39.0,-95.0,540
2024-07-15,39.0,-94.5,450
2024-07-15,39.0,-94.0,180
2024-07-15,39.0,-92.0,1890
2024-07-15,39.0,-91.5,1710
2024-07-15,39.0,-91.0,3600
2024-07-15,39.0,-90.5,2430
2024-07-15,39.0,-90.0,3060
2024-07-15,39.0,-89.5,4410
2024-07-15,39.0,-89.0,1980
2024-07-15,39.0,-88.5,1800
2024-07-15,39.0,-88.0,630
2024-07-15,39.0,-87.5,270
2024-07-15,39.0,-87.0,360
2024-07-15,39.0,-86.5,810
2024-07-15,39.0,-86.0,810
2024-07-15,39.0,-85.5,270
2024-07-15,39.0,-84.5,990
2024-07-15,39.0,-84.0,450
2024-07-15,39.0,-83.0,270
2024-07-15,39.0,-82.5,90
2024-07-15,39.0,-81.0,270
2024-07-15,39.0,-80.5,990
2024-07-15,39.0,-80.0,990
2024-07-15,39.0,-79.0,90
2024-07-15,39.0,-78.5,90
2024-07-15,39.0,-78.0,180
2024-07-15,39.0,-77.5,990
2024-07-15,39.0,-77.0,2070
2024-07-15,39.0,-76.5,3600
2024-07-15,39.0,-76.0,5940
2024-07-15,39.0,-75.5,3420
2024-07-15,39.0,-75.0,5850
2024-07-15,39.0,-74.5,1620
2024-07-15,39.0,-74.0,540
2024-07-15,39.0,-73.0,270
2024-07-15,39.0,-72.0,90
2024-07-15,39.0,-71.5,180
2024-07-15,39.0,-71.0,180
2024-07-15,39.0,-70.5,990
2024-07-15,39.0,-70.0,2250
2024-07-15,39.0,-69.5,3510
2024-07-15,39.0,-69.0,900
2024-07-15,39.0,-68.5,360
2024-07-15,39.0,-67.5,90
2024-07-15,39.0,-67.0,90
2024-07-15,39.5,-120.5,450
2024-07-15,39.5,-118.0,90
2024-07-15,39.5,-117.5,90
2024-07-15,39.5,-117.0,90
2024-07-15,39.5,-116.0,180
2024-07-15,39.5,-115.5,180
2024-07-15,39.5,-115.0,180
2024-07-15,39.5,-114.5,90
2024-07-15,39.5,-114.0,270
2024-07-15,39.5,-113.5,90
2024-07-15,39.5,-112.5,180
2024-07-15,39.5,-112.0,90
2024-07-15,39.5,-111.5,360
2024-07-15,39.5,-111.0,180
2024-07-15,39.5,-110.5,450
2024-07-15,39.5,-110.0,180
2024-07-15,39.5,-109.0,270
2024-07-15,39.5,-108.5,270
2024-07-15,39.5,-108.0,270
2024-07-15,39.5,-107.5,540
2024-07-15,39.5,-107.0,540
2024-07-15,39.5,-106.5,450
2024-07-15,39.5,-106.0,630
2024-07-15,39.5,-105.5,810
2024-07-15,39.5,-105.0,540
2024-07-15,39.5,-104.5,270
2024-07-15,39.5,-104.0,1890
2024-07-15,39.5,-103.5,1980
2024-07-15,39.5,-103.0,2790
2024-07-15,39.5,-102.5,3240
2024-07-15,39.5,-102.0,3420
2024-07-15,39.5,-101.5,1530
2024-07-15,39.5,-101.0,1260
2024-07-15,39.5,-100.5,720
2024-07-15,39.5,-100.0,2340
2024-07-15,39.5,-99.5,360
2024-07-15,39.5,-99.0,2340
2024-07-15,39.5,-98.5,1080
2024-07-15,39.5,-98.0,540
2024-07-15,39.5,-97.5,1080
2024-07-15,39.5,-97.0,990
2024-07-15,39.5,-96.5,450
2024-07-15,39.5,-96.0,450
2024-07-15,39.5,-95.5,2070
2024-07-15,39.5,-95.0,1800
2024-07-15,39.5,-94.5,2520
2024-07-15,39.5,-94.0,1890
2024-07-15,39.5,-93.5,1800
2024-07-15,39.5,-93.0,2430
2024-07-15,39.5,-92.5,810
2024-07-15,39.5,-92.0,1620
2024-07-15,39.5,-91.5,3420
2024-07-15,39.5,-91.0,3150
2024-07-15,39.5,-90.5,3780
2024-07-15,39.5,-90.0,3690
2024-07-15,39.5,-89.5,3510
2024-07-15,39.5,-89.0,3060
2024-07-15,39.5,-88.5,1800
2024-07-15,39.5,-88.0,1080
2024-07-15,39.5,-87.5,990
2024-07-15,39.5,-87.0,360
2024-07-15,39.5,-86.5,540
2024-07-15,39.5,-86.0,4950
2024-07-15,39.5,-85.5,1170
2024-07-15,39.5,-85.0,990
2024-07-15,39.5,-84.5,900
2024-07-15,39.5,-84.0,2520
2024-07-15,39.5,-83.5,450
2024-07-15,39.5,-83.0,630
2024-07-15,39.5,-82.5,1260
2024-07-15,39.5,-82.0,540
2024-07-15,39.5,-81.5,180
2024-07-15,39.5,-81.0,1080
2024-07-15,39.5,-80.0,720
2024-07-15,39.5,-79.5,360
2024-07-15,39.5,-79.0,90
2024-07-15,39.5,-78.5,180
2024-07-15,39.5,-77.5,180
2024-07-15,39.5,-77.0,2070
2024-07-15,39.5,-76.5,3600
2024-07-15,39.5,-76.0,4590
2024-07-15,39.5,-75.5,1710
2024-07-15,39.5,-75.0,2340
2024-07-15,39.5,-74.5,810
2024-07-15,39.5,-74.0,630
2024-07-15,39.5,-73.5,90
2024-07-15,39.5,-71.5,360
2024-07-15,39.5,-71.0,360
2024-07-15,39.5,-69.5,90
2024-07-15,39.5,-69.0,540
2024-07-15,39.5,-68.5,270
2024-07-15,39.5,-68.0,180
2024-07-15,40.0,-123.5,180
2024-07-15,40.0,-121.5,270
2024-07-15,40.0,-121.0,90
2024-07-15,40.0,-120.5,180
2024-07-15,40.0,-120.0,270
2024-07-15,40.0,-118.5,180
2024-07-15,40.0,-118.0,180
2024-07-15,40.0,-115.5,360
2024-07-15,40.0,-115.0,360
2024-07-15,40.0,-114.5,270
2024-07-15,40.0,-114.0,90
2024-07-15,40.0,-113.0,90
2024-07-15,40.0,-112.0,90
2024-07-15,40.0,-111.5,90
2024-07-15,40.0,-111.0,180
2024-07-15,40.0,-110.5,90
2024-07-15,40.0,-109.0,180
2024-07-15,40.0,-107.5,270
2024-07-15,40.0,-107.0,180
2024-07-15,40.0,-106.5,450
2024-07-15,40.0,-106.0,1440
2024-07-15,40.0,-105.5,1080
2024-07-15,40.0,-105.0,540
2024-07-15,40.0,-104.5,810
2024-07-15,40.0,-104.0,1440
2024-07-15,40.0,-103.5,1260
2024-07-15,40.0,-103.0,2430
2024-07-15,40.0,-102.5,5220
2024-07-15,40.0,-102.0,3690
2024-07-15,40.0,-101.5,1440
2024-07-15,40.0,-101.0,630
2024-07-15,40.0,-100.5,1440
2024-07-15,40.0,-100.0,1440
2024-07-15,40.0,-99.5,3240
2024-07-15,40.0,-99.0,3330
2024-07-15,40.0,-98.5,180
2024-07-15,40.0,-98.0,180
2024-07-15,40.0,-96.5,90
2024-07-15,40.0,-95.5,90
2024-07-15,40.0,-91.5,720
2024-07-15,40.0,-91.0,2520
2024-07-15,40.0,-90.5,7110
2024-07-15,40.0,-90.0,4950
2024-07-15,40.0,-89.5,2430
2024-07-15,40.0,-89.0,2700
2024-07-15,40.0,-88.5,1350
2024-07-15,40.0,-88.0,990
2024-07-15,40.0,-87.5,900
2024-07-15,40.0,-87.0,90
2024-07-15,40.0,-86.5,450
2024-07-15,40.0,-86.0,90
2024-07-15,40.0,-85.5,90
2024-07-15,40.0,-85.0,180
2024-07-15,40.0,-84.5,450
2024-07-15,40.0,-84.0,90
2024-07-15,40.0,-83.5,90
2024-07-15,40.0,-83.0,360
2024-07-15,40.0,-82.5,450
2024-07-15,40.0,-82.0,180
2024-07-15,40.0,-81.0,180
2024-07-15,40.0,-80.5,270
2024-07-15,40.0,-80.0,90
2024-07-15,40.0,-79.0,90
2024-07-15,40.0,-78.5,90
2024-07-15,40.0,-77.5,90
2024-07-15,40.0,-77.0,360
2024-07-15,40.0,-76.5,1980
2024-07-15,40.0,-76.0,5130
2024-07-15,40.0,-75.5,3420
2024-07-15,40.0,-75.0,2790
2024-07-15,40.0,-74.5,810
2024-07-15,40.0,-74.0,90
2024-07-15,40.0,-71.0,360
2024-07-15,40.0,-70.5,270
2024-07-15,40.0,-70.0,90
2024-07-15,40.0,-69.5,450
2024-07-15,40.0,-69.0,2790
2024-07-15,40.0,-68.5,900
2024-07-15,40.0,-68.0,90
2024-07-15,40.5,-123.5,90
2024-07-15,40.5,-118.5,90
2024-07-15,40.5,-116.0,90
2024-07-15,40.5,-115.0,180
2024-07-15,40.5,-114.5,90
2024-07-15,40.5,-112.5,270
2024-07-15,40.5,-111.5,360
2024-07-15,40.5,-111.0,540
2024-07-15,40.5,-110.5,630
2024-07-15,40.5,-110.0,990
2024-07-15,40.5,-109.5,90
2024-07-15,40.5,-109.0,90
2024-07-15,40.5,-108.5,180
2024-07-15,40.5,-108.0,360
2024-07-15,40.5,-107.5,450
2024-07-15,40.5,-107.0,900
2024-07-15,40.5,-106.5,900
2024-07-15,40.5,-106.0,900
2024-07-15,40.5,-105.5,1710
2024-07-15,40.5,-105.0,810
2024-07-15,40.5,-104.5,900
2024-07-15,40.5,-104.0,990
2024-07-15,40.5,-103.5,1620
2024-07-15,40.5,-103.0,1620
2024-07-15,40.5,-102.5,1530
2024-07-15,40.5,-102.0,1800
2024-07-15,40.5,-101.5,630
2024-07-15,40.5,-101.0,720
2024-07-15,40.5,-100.5,990
2024-07-15,40.5,-100.0,360
2024-07-15,40.5,-99.5,2160
2024-07-15,40.5,-99.0,810
2024-07-15,40.5,-98.5,630
2024-07-15,40.5,-98.0,450
2024-07-15,40.5,-97.5,180
2024-07-15,40.5,-97.0,180
2024-07-15,40.5,-95.0,90
2024-07-15,40.5,-92.0,1530
2024-07-15,40.5,-91.5,4140
2024-07-15,40.5,-91.0,7740
2024-07-15,40.5,-90.5,6570
2024-07-15,40.5,-90.0,3600
2024-07-15,40.5,-89.5,3960
2024-07-15,40.5,-89.0,450
2024-07-15,40.5,-88.5,1710
2024-07-15,40.5,-88.0,810
2024-07-15,40.5,-87.5,720
2024-07-15,40.5,-87.0,720
2024-07-15,40.5,-86.5,90
2024-07-15,40.5,-86.0,1440
2024-07-15,40.5,-85.0,180
2024-07-15,40.5,-84.5,90
2024-07-15,40.5,-82.0,180
2024-07-15,40.5,-81.5,90
2024-07-15,40.5,-81.0,90
2024-07-15,40.5,-80.5,180
2024-07-15,40.5,-80.0,180
2024-07-15,40.5,-76.0,720
2024-07-15,40.5,-75.5,990
2024-07-15,40.5,-75.0,2070
2024-07-15,40.5,-74.5,1800
2024-07-15,40.5,-74.0,900
2024-07-15,40.5,-73.5,270
2024-07-15,40.5,-73.0,180
2024-07-15,40.5,-71.5,90
2024-07-15,40.5,-70.5,90
2024-07-15,40.5,-70.0,270
2024-07-15,40.5,-69.5,180
2024-07-15,40.5,-69.0,900
2024-07-15,40.5,-68.5,1890
2024-07-15,40.5,-68.0,1260
2024-07-15,40.5,-67.5,360
2024-07-15,41.0,-123.5,180
2024-07-15,41.0,-120.5,360
2024-07-15,41.0,-119.5,90
2024-07-15,41.0,-117.0,90
2024-07-15,41.0,-116.5,90
2024-07-15,41.0,-116.0,180
2024-07-15,41.0,-115.5,720
2024-07-15,41.0,-115.0,90
2024-07-15,41.0,-114.0,90
2024-07-15,41.0,-113.0,90
2024-07-15,41.0,-112.5,90
2024-07-15,41.0,-112.0,180
2024-07-15,41.0,-111.5,270
2024-07-15,41.0,-110.5,90
2024-07-15,41.0,-110.0,270
2024-07-15,41.0,-109.5,360
2024-07-15,41.0,-109.0,540
2024-07-15,41.0,-108.5,450
2024-07-15,41.0,-108.0,90
2024-07-15,41.0,-107.5,90
2024-07-15,41.0,-107.0,180
2024-07-15,41.0,-106.5,270
2024-07-15,41.0,-106.0,1080
2024-07-15,41.0,-105.5,1260
2024-07-15,41.0,-105.0,720
2024-07-15,41.0,-104.5,2160
2024-07-15,41.0,-104.0,1800
2024-07-15,41.0,-103.5,810
2024-07-15,41.0,-103.0,2700
2024-07-15,41.0,-102.5,1530
2024-07-15,41.0,-102.0,630
2024-07-15,41.0,-101.5,90
2024-07-15,41.0,-101.0,270
2024-07-15,41.0,-100.5,990
2024-07-15,41.0,-100.0,540
2024-07-15,41.0,-99.5,900
2024-07-15,41.0,-99.0,360
2024-07-15,41.0,-98.5,1260
2024-07-15,41.0,-98.0,180
2024-07-15,41.0,-97.5,90
2024-07-15,41.0,-95.5,450
2024-07-15,41.0,-94.0,90
2024-07-15,41.0,-93.5,360
2024-07-15,41.0,-93.0,1440
2024-07-15,41.0,-92.5,3060
2024-07-15,41.0,-92.0,1890
2024-07-15,41.0,-91.5,1440
2024-07-15,41.0,-91.0,3150
2024-07-15,41.0,-90.5,5940
2024-07-15,41.0,-90.0,630
2024-07-15,41.0,-89.5,3330
2024-07-15,41.0,-89.0,3330
2024-07-15,41.0,-88.5,360
2024-07-15,41.0,-88.0,3150
2024-07-15,41.0,-87.5,2070
2024-07-15,41.0,-87.0,1620
2024-07-15,41.0,-86.5,450
2024-07-15,41.0,-86.0,360
2024-07-15,41.0,-85.5,1800
2024-07-15,41.0,-85.0,90
2024-07-15,41.0,-83.0,180
2024-07-15,41.0,-82.0,90
2024-07-15,41.0,-81.5,90
2024-07-15,41.0,-81.0,90
2024-07-15,41.0,-80.5,90
2024-07-15,41.0,-79.5,1260
2024-07-15,41.0,-79.0,270
2024-07-15,41.0,-77.0,180
2024-07-15,41.0,-76.5,1350
2024-07-15,41.0,-76.0,990
2024-07-15,41.0,-75.5,900
2024-07-15,41.0,-75.0,1170
2024-07-15,41.0,-74.5,1170
2024-07-15,41.0,-74.0,8730
2024-07-15,41.0,-73.5,2250
2024-07-15,41.0,-73.0,1170
2024-07-15,41.0,-72.5,180
2024-07-15,41.0,-72.0,90
2024-07-15,41.0,-69.5,90
2024-07-15,41.0,-68.5,90
2024-07-15,41.0,-68.0,900
2024-07-15,41.0,-67.5,900
2024-07-15,41.0,-67.0,810
2024-07-15,41.0,-66.5,360
2024-07-15,41.0,-66.0,90
2024-07-15,41.5,-123.5,90
2024-07-15,41.5,-121.0,90
2024-07-15,41.5,-120.5,270
2024-07-15,41.5,-120.0,360
2024-07-15,41.5,-117.5,90
2024-07-15,41.5,-116.5,90
2024-07-15,41.5,-116.0,180
2024-07-15,41.5,-115.5,180
2024-07-15,41.5,-115.0,90
2024-07-15,41.5,-114.5,180
2024-07-15,41.5,-114.0,450
2024-07-15,41.5,-113.5,180
2024-07-15,41.5,-113.0,90
2024-07-15,41.5,-112.5,270
2024-07-15,41.5,-111.5,180
2024-07-15,41.5,-111.0,180
2024-07-15,41.5,-110.5,90
2024-07-15,41.5,-110.0,90
2024-07-15,41.5,-109.0,180
2024-07-15,41.5,-108.5,270
2024-07-15,41.5,-107.5,180
2024-07-15,41.5,-106.5,450
2024-07-15,41.5,-106.0,1080
2024-07-15,41.5,-105.5,720
2024-07-15,41.5,-105.0,1980
2024-07-15,41.5,-104.5,1440
2024-07-15,41.5,-104.0,900
2024-07-15,41.5,-103.5,1350
2024-07-15,41.5,-103.0,1350
2024-07-15,41.5,-102.5,1980
2024-07-15,41.5,-102.0,1260
2024-07-15,41.5,-101.5,990
2024-07-15,41.5,-101.0,270
2024-07-15,41.5,-100.5,540
2024-07-15,41.5,-100.0,2340
2024-07-15,41.5,-99.5,360
2024-07-15,41.5,-99.0,1350
2024-07-15,41.5,-98.5,720
2024-07-15,41.5,-98.0,360
2024-07-15,41.5,-97.5,90
2024-07-15,41.5,-97.0,90
2024-07-15,41.5,-96.5,90
2024-07-15,41.5,-95.0,1800
2024-07-15,41.5,-94.5,810
2024-07-15,41.5,-94.0,2250
2024-07-15,41.5,-93.5,1980
2024-07-15,41.5,-93.0,2700
2024-07-15,41.5,-92.5,1800
2024-07-15,41.5,-92.0,2520
2024-07-15,41.5,-91.5,2250
2024-07-15,41.5,-91.0,4140
2024-07-15,41.5,-90.5,4500
2024-07-15,41.5,-90.0,5760
2024-07-15,41.5,-89.5,4320
2024-07-15,41.5,-89.0,9540
2024-07-15,41.5,-88.5,1800
2024-07-15,41.5,-88.0,1980
2024-07-15,41.5,-87.5,270
2024-07-15,41.5,-87.0,540
2024-07-15,41.5,-86.5,2160
2024-07-15,41.5,-86.0,5580
2024-07-15,41.5,-85.5,2610
2024-07-15,41.5,-85.0,2430
2024-07-15,41.5,-84.5,810
2024-07-15,41.5,-83.0,810
2024-07-15,41.5,-82.5,720
2024-07-15,41.5,-82.0,810
2024-07-15,41.5,-81.5,270
2024-07-15,41.5,-81.0,720
2024-07-15,41.5,-80.5,90
2024-07-15,41.5,-80.0,270
2024-07-15,41.5,-79.5,90
2024-07-15,41.5,-79.0,180
2024-07-15,41.5,-78.5,90
2024-07-15,41.5,-78.0,630
2024-07-15,41.5,-77.5,90
2024-07-15,41.5,-77.0,1440
2024-07-15,41.5,-76.5,540
2024-07-15,41.5,-76.0,900
2024-07-15,41.5,-75.5,3060
2024-07-15,41.5,-75.0,630
2024-07-15,41.5,-74.5,1080
2024-07-15,41.5,-74.0,810
2024-07-15,41.5,-73.5,1170
2024-07-15,41.5,-73.0,1080
2024-07-15,41.5,-72.5,180
2024-07-15,41.5,-72.0,90
2024-07-15,41.5,-71.5,180
2024-07-15,41.5,-69.5,450
2024-07-15,41.5,-69.0,270
2024-07-15,41.5,-68.5,180
2024-07-15,41.5,-68.0,90
2024-07-15,41.5,-67.5,90
2024-07-15,42.0,-123.5,180
2024-07-15,42.0,-123.0,90
2024-07-15,42.0,-121.0,90
2024-07-15,42.0,-120.5,90
2024-07-15,42.0,-115.5,90
2024-07-15,42.0,-115.0,90
2024-07-15,42.0,-114.5,180
2024-07-15,42.0,-114.0,90
2024-07-15,42.0,-111.5,90
2024-07-15,42.0,-110.5,360
2024-07-15,42.0,-110.0,90
2024-07-15,42.0,-109.5,90
2024-07-15,42.0,-109.0,450
2024-07-15,42.0,-108.5,180
2024-07-15,42.0,-108.0,180
2024-07-15,42.0,-107.5,90
2024-07-15,42.0,-107.0,180
2024-07-15,42.0,-106.5,450
2024-07-15,42.0,-106.0,720
2024-07-15,42.0,-105.5,810
2024-07-15,42.0,-105.0,1080
2024-07-15,42.0,-104.5,450
2024-07-15,42.0,-104.0,1080
2024-07-15,42.0,-103.5,1800
2024-07-15,42.0,-103.0,450
2024-07-15,42.0,-102.5,2520
2024-07-15,42.0,-102.0,720
2024-07-15,42.0,-101.5,360
2024-07-15,42.0,-101.0,810
2024-07-15,42.0,-100.5,1350
2024-07-15,42.0,-100.0,1170
2024-07-15,42.0,-99.5,1980
2024-07-15,42.0,-99.0,1170
2024-07-15,42.0,-98.5,1260
2024-07-15,42.0,-98.0,360
2024-07-15,42.0,-97.5,720
2024-07-15,42.0,-97.0,270
2024-07-15,42.0,-96.0,270
2024-07-15,42.0,-95.5,1170
2024-07-15,42.0,-95.0,540
2024-07-15,42.0,-94.5,1710
2024-07-15,42.0,-94.0,2610
2024-07-15,42.0,-93.5,1350
2024-07-15,42.0,-93.0,2700
2024-07-15,42.0,-92.5,1890
2024-07-15,42.0,-92.0,4140
2024-07-15,42.0,-91.5,2520
2024-07-15,42.0,-91.0,3600
2024-07-15,42.0,-90.5,4680
2024-07-15,42.0,-90.0,4680
2024-07-15,42.0,-89.5,6210
2024-07-15,42.0,-89.0,1350
2024-07-15,42.0,-88.5,1440
2024-07-15,42.0,-88.0,6390
2024-07-15,42.0,-87.5,2700
2024-07-15,42.0,-87.0,4950
2024-07-15,42.0,-86.5,3240
2024-07-15,42.0,-86.0,3600
2024-07-15,42.0,-85.5,4500
2024-07-15,42.0,-85.0,1800
2024-07-15,42.0,-84.5,3960
2024-07-15,42.0,-84.0,360
2024-07-15,42.0,-83.5,1710
2024-07-15,42.0,-83.0,3690
2024-07-15,42.0,-82.5,180
2024-07-15,42.0,-82.0,720
2024-07-15,42.0,-81.5,270
2024-07-15,42.0,-81.0,720
2024-07-15,42.0,-80.5,360
2024-07-15,42.0,-80.0,180
2024-07-15,42.0,-79.5,720
2024-07-15,42.0,-79.0,1440
2024-07-15,42.0,-78.0,180
2024-07-15,42.0,-77.5,540
2024-07-15,42.0,-77.0,1530
2024-07-15,42.0,-76.5,1170
2024-07-15,42.0,-76.0,720
2024-07-15,42.0,-75.5,1350
2024-07-15,42.0,-75.0,180
2024-07-15,42.0,-74.5,360
2024-07-15,42.0,-74.0,990
2024-07-15,42.0,-73.5,900
2024-07-15,42.0,-73.0,2880
2024-07-15,42.0,-72.5,3600
2024-07-15,42.0,-72.0,360
2024-07-15,42.0,-71.5,270
2024-07-15,42.0,-71.0,3240
2024-07-15,42.0,-70.5,540
2024-07-15,42.0,-69.0,90
2024-07-15,42.0,-68.5,270
2024-07-15,42.5,-123.0,180
2024-07-15,42.5,-122.5,180
2024-07-15,42.5,-121.0,180
2024-07-15,42.5,-113.5,90
2024-07-15,42.5,-113.0,90
2024-07-15,42.5,-111.5,270
2024-07-15,42.5,-111.0,90
2024-07-15,42.5,-110.5,90
2024-07-15,42.5,-110.0,270
2024-07-15,42.5,-109.5,810
2024-07-15,42.5,-109.0,450
2024-07-15,42.5,-108.5,270
2024-07-15,42.5,-108.0,270
2024-07-15,42.5,-107.5,810
2024-07-15,42.5,-107.0,630
2024-07-15,42.5,-106.5,1080
2024-07-15,42.5,-106.0,450
2024-07-15,42.5,-105.5,540
2024-07-15,42.5,-105.0,1350
2024-07-15,42.5,-104.5,990
2024-07-15,42.5,-104.0,810
2024-07-15,42.5,-103.5,1170
2024-07-15,42.5,-103.0,2070
2024-07-15,42.5,-102.5,900
2024-07-15,42.5,-102.0,720
2024-07-15,42.5,-101.5,540
2024-07-15,42.5,-101.0,270
2024-07-15,42.5,-100.5,450
2024-07-15,42.5,-100.0,270
2024-07-15,42.5,-99.0,270
2024-07-15,42.5,-98.5,450
2024-07-15,42.5,-98.0,1890
2024-07-15,42.5,-97.5,2160
2024-07-15,42.5,-96.5,90
2024-07-15,42.5,-96.0,180
2024-07-15,42.5,-94.0,180
2024-07-15,42.5,-93.5,810
2024-07-15,42.5,-93.0,2520
2024-07-15,42.5,-92.5,900
2024-07-15,42.5,-92.0,1080
2024-07-15,42.5,-91.5,1890
2024-07-15,42.5,-91.0,1710
2024-07-15,42.5,-90.5,3240
2024-07-15,42.5,-90.0,2430
2024-07-15,42.5,-89.5,6570
2024-07-15,42.5,-89.0,3150
2024-07-15,42.5,-88.5,5040
2024-07-15,42.5,-88.0,2700
2024-07-15,42.5,-87.5,3330
2024-07-15,42.5,-87.0,4050
2024-07-15,42.5,-86.5,2430
2024-07-15,42.5,-86.0,1350
2024-07-15,42.5,-85.5,3960
2024-07-15,42.5,-85.0,810
2024-07-15,42.5,-84.5,1080
2024-07-15,42.5,-84.0,360
2024-07-15,42.5,-83.5,1440
2024-07-15,42.5,-83.0,270
2024-07-15,42.5,-82.5,1890
2024-07-15,42.5,-82.0,2250
2024-07-15,42.5,-81.5,2070
2024-07-15,42.5,-81.0,990
2024-07-15,42.5,-80.5,1530
2024-07-15,42.5,-80.0,540
2024-07-15,42.5,-79.5,1080
2024-07-15,42.5,-79.0,900
2024-07-15,42.5,-78.5,630
2024-07-15,42.5,-78.0,630
2024-07-15,42.5,-77.5,450
2024-07-15,42.5,-77.0,810
2024-07-15,42.5,-76.5,540
2024-07-15,42.5,-76.0,1710
2024-07-15,42.5,-75.5,360
2024-07-15,42.5,-75.0,180
2024-07-15,42.5,-74.5,1890
2024-07-15,42.5,-74.0,4590
2024-07-15,42.5,-73.5,1890
2024-07-15,42.5,-73.0,5940
2024-07-15,42.5,-72.5,1620
2024-07-15,42.5,-72.0,2970
2024-07-15,42.5,-71.5,900
2024-07-15,42.5,-71.0,630
2024-07-15,42.5,-70.5,90
2024-07-15,42.5,-70.0,450
2024-07-15,42.5,-69.0,90
2024-07-15,42.5,-67.5,90
2024-07-15,43.0,-125.0,360
2024-07-15,43.0,-124.5,180
2024-07-15,43.0,-124.0,180
2024-07-15,43.0,-123.5,90
2024-07-15,43.0,-122.5,540
2024-07-15,43.0,-121.0,180
2024-07-15,43.0,-119.5,90
2024-07-15,43.0,-118.0,180
2024-07-15,43.0,-113.5,90
2024-07-15,43.0,-113.0,90
2024-07-15,43.0,-111.5,180
2024-07-15,43.0,-111.0,180
2024-07-15,43.0,-110.5,180
2024-07-15,43.0,-110.0,360
2024-07-15,43.0,-109.5,900
2024-07-15,43.0,-109.0,450
2024-07-15,43.0,-108.0,180
2024-07-15,43.0,-107.5,180
2024-07-15,43.0,-107.0,270
2024-07-15,43.0,-106.5,1080
2024-07-15,43.0,-106.0,1350
2024-07-15,43.0,-105.5,900
2024-07-15,43.0,-105.0,720
2024-07-15,43.0,-104.5,450
2024-07-15,43.0,-104.0,90
2024-07-15,43.0,-103.5,1890
2024-07-15,43.0,-103.0,90
2024-07-15,43.0,-102.5,720
2024-07-15,43.0,-102.0,2250
2024-07-15,43.0,-101.5,270
2024-07-15,43.0,-100.5,90
2024-07-15,43.0,-100.0,810
2024-07-15,43.0,-99.5,450
2024-07-15,43.0,-98.5,180
2024-07-15,43.0,-98.0,90
2024-07-15,43.0,-97.5,630
2024-07-15,43.0,-97.0,90
2024-07-15,43.0,-96.5,270
2024-07-15,43.0,-96.0,360
2024-07-15,43.0,-94.0,270
2024-07-15,43.0,-93.0,90
2024-07-15,43.0,-92.5,90
2024-07-15,43.0,-91.5,360
2024-07-15,43.0,-91.0,720
2024-07-15,43.0,-90.5,1980
2024-07-15,43.0,-90.0,1260
2024-07-15,43.0,-89.5,1620
2024-07-15,43.0,-89.0,180
2024-07-15,43.0,-88.5,270
2024-07-15,43.0,-88.0,270
2024-07-15,43.0,-87.5,180
2024-07-15,43.0,-87.0,360
2024-07-15,43.0,-86.5,990
2024-07-15,43.0,-86.0,1080
2024-07-15,43.0,-85.5,270
2024-07-15,43.0,-84.5,1890
2024-07-15,43.0,-84.0,450
2024-07-15,43.0,-83.5,2160
2024-07-15,43.0,-83.0,1890
2024-07-15,43.0,-82.5,2430
2024-07-15,43.0,-82.0,360
2024-07-15,43.0,-81.5,990
2024-07-15,43.0,-81.0,1350
2024-07-15,43.0,-80.5,1170
2024-07-15,43.0,-80.0,90
2024-07-15,43.0,-79.5,270
2024-07-15,43.0,-79.0,90
2024-07-15,43.0,-78.5,360
2024-07-15,43.0,-78.0,450
2024-07-15,43.0,-77.5,1530
2024-07-15,43.0,-77.0,1440
2024-07-15,43.0,-76.5,1710
2024-07-15,43.0,-76.0,2340
2024-07-15,43.0,-75.5,1260
2024-07-15,43.0,-75.0,1890
2024-07-15,43.0,-74.5,2970
2024-07-15,43.0,-74.0,2520
2024-07-15,43.0,-73.5,2790
2024-07-15,43.0,-73.0,1980
2024-07-15,43.0,-72.5,1980
2024-07-15,43.0,-72.0,1350
2024-07-15,43.0,-71.5,180
2024-07-15,43.0,-71.0,900
2024-07-15,43.0,-70.0,180
2024-07-15,43.0,-69.5,90
2024-07-15,43.5,-125.0,450
2024-07-15,43.5,-123.5,90
2024-07-15,43.5,-122.5,90
2024-07-15,43.5,-121.5,90
2024-07-15,43.5,-121.0,90
2024-07-15,43.5,-118.0,90
2024-07-15,43.5,-114.0,180
2024-07-15,43.5,-113.5,270
2024-07-15,43.5,-113.0,90
2024-07-15,43.5,-112.5,90
2024-07-15,43.5,-111.5,90
2024-07-15,43.5,-111.0,90
2024-07-15,43.5,-110.5,450
2024-07-15,43.5,-110.0,180
2024-07-15,43.5,-109.5,900
2024-07-15,43.5,-109.0,1080
2024-07-15,43.5,-108.5,1170
2024-07-15,43.5,-108.0,180
2024-07-15,43.5,-107.5,720
2024-07-15,43.5,-107.0,1350
2024-07-15,43.5,-106.5,630
2024-07-15,43.5,-106.0,90
2024-07-15,43.5,-105.5,630
2024-07-15,43.5,-105.0,90
2024-07-15,43.5,-104.5,720
2024-07-15,43.5,-104.0,1980
2024-07-15,43.5,-103.5,450
2024-07-15,43.5,-103.0,90
2024-07-15,43.5,-102.5,630
2024-07-15,43.5,-102.0,90
2024-07-15,43.5,-101.5,450
2024-07-15,43.5,-101.0,270
2024-07-15,43.5,-100.5,270
2024-07-15,43.5,-100.0,720
2024-07-15,43.5,-99.5,720
2024-07-15,43.5,-99.0,720
2024-07-15,43.5,-98.5,180
2024-07-15,43.5,-98.0,180
2024-07-15,43.5,-96.5,360
2024-07-15,43.5,-96.0,180
2024-07-15,43.5,-95.0,270
2024-07-15,43.5,-94.5,1530
2024-07-15,43.5,-91.0,630
2024-07-15,43.5,-90.5,810
2024-07-15,43.5,-88.0,360
2024-07-15,43.5,-87.5,180
2024-07-15,43.5,-87.0,360
2024-07-15,43.5,-86.5,450
2024-07-15,43.5,-86.0,450
2024-07-15,43.5,-85.5,450
2024-07-15,43.5,-85.0,630
2024-07-15,43.5,-84.5,90
2024-07-15,43.5,-84.0,90
2024-07-15,43.5,-83.5,450
2024-07-15,43.5,-82.5,90
2024-07-15,43.5,-81.5,180
2024-07-15,43.5,-81.0,270
2024-07-15,43.5,-80.0,1440
2024-07-15,43.5,-79.5,720
2024-07-15,43.5,-79.0,900
2024-07-15,43.5,-78.5,1530
2024-07-15,43.5,-78.0,180
2024-07-15,43.5,-77.5,360
2024-07-15,43.5,-77.0,990
2024-07-15,43.5,-76.5,360
2024-07-15,43.5,-76.0,1530
2024-07-15,43.5,-75.5,1260
2024-07-15,43.5,-75.0,990
2024-07-15,43.5,-74.5,990
2024-07-15,43.5,-74.0,450
2024-07-15,43.5,-73.5,450
2024-07-15,43.5,-73.0,90
2024-07-15,43.5,-72.5,630
2024-07-15,43.5,-72.0,360
2024-07-15,43.5,-71.5,720
2024-07-15,43.5,-71.0,540
2024-07-15,43.5,-70.0,270
2024-07-15,44.0,-124.5,90
2024-07-15,44.0,-124.0,90
2024-07-15,44.0,-123.5,90
2024-07-15,44.0,-121.5,90
2024-07-15,44.0,-121.0,180
2024-07-15,44.0,-114.5,90
2024-07-15,44.0,-113.0,450
2024-07-15,44.0,-112.0,270
2024-07-15,44.0,-111.5,90
2024-07-15,44.0,-111.0,180
2024-07-15,44.0,-110.5,90
2024-07-15,44.0,-110.0,270
2024-07-15,44.0,-109.5,360
2024-07-15,44.0,-109.0,270
2024-07-15,44.0,-108.5,450
2024-07-15,44.0,-108.0,180
2024-07-15,44.0,-107.5,720
2024-07-15,44.0,-107.0,540
2024-07-15,44.0,-106.5,1170
2024-07-15,44.0,-106.0,180
2024-07-15,44.0,-105.5,180
2024-07-15,44.0,-105.0,270
2024-07-15,44.0,-104.5,360
2024-07-15,44.0,-103.0,180
2024-07-15,44.0,-102.5,180
2024-07-15,44.0,-101.0,360
2024-07-15,44.0,-100.5,540
2024-07-15,44.0,-100.0,270
2024-07-15,44.0,-99.5,1440
2024-07-15,44.0,-99.0,900
2024-07-15,44.0,-98.5,90
2024-07-15,44.0,-98.0,90
2024-07-15,44.0,-97.5,540
2024-07-15,44.0,-97.0,270
2024-07-15,44.0,-96.5,90
2024-07-15,44.0,-96.0,1440
2024-07-15,44.0,-95.5,1530
2024-07-15,44.0,-95.0,2070
2024-07-15,44.0,-94.5,360
2024-07-15,44.0,-94.0,180
2024-07-15,44.0,-92.5,180
2024-07-15,44.0,-92.0,90
2024-07-15,44.0,-91.5,90
2024-07-15,44.0,-91.0,90
2024-07-15,44.0,-88.0,360
2024-07-15,44.0,-87.5,270
2024-07-15,44.0,-87.0,360
2024-07-15,44.0,-86.5,990
2024-07-15,44.0,-86.0,990
2024-07-15,44.0,-85.5,180
2024-07-15,44.0,-85.0,270
2024-07-15,44.0,-84.5,720
2024-07-15,44.0,-84.0,360
2024-07-15,44.0,-79.0,180
2024-07-15,44.0,-78.5,90
2024-07-15,44.0,-78.0,90
2024-07-15,44.0,-76.5,180
2024-07-15,44.0,-76.0,540
2024-07-15,44.0,-75.5,1080
2024-07-15,44.0,-75.0,810
2024-07-15,44.0,-74.5,360
2024-07-15,44.0,-74.0,360
2024-07-15,44.0,-73.5,180
2024-07-15,44.0,-73.0,270
2024-07-15,44.0,-72.0,270
2024-07-15,44.0,-71.5,270
2024-07-15,44.0,-71.0,90
2024-07-15,44.0,-70.5,270
2024-07-15,44.0,-70.0,180
2024-07-15,44.5,-125.0,90
2024-07-15,44.5,-123.5,90
2024-07-15,44.5,-122.5,90
2024-07-15,44.5,-121.0,90
2024-07-15,44.5,-114.5,90
2024-07-15,44.5,-113.5,180
2024-07-15,44.5,-111.5,90
2024-07-15,44.5,-111.0,180
2024-07-15,44.5,-110.5,90
2024-07-15,44.5,-110.0,450
2024-07-15,44.5,-109.5,360
2024-07-15,44.5,-109.0,450
2024-07-15,44.5,-108.5,630
2024-07-15,44.5,-108.0,810
2024-07-15,44.5,-107.5,450
2024-07-15,44.5,-107.0,270
2024-07-15,44.5,-106.5,180
2024-07-15,44.5,-105.5,90
2024-07-15,44.5,-103.5,270
2024-07-15,44.5,-103.0,180
2024-07-15,44.5,-102.5,450
2024-07-15,44.5,-102.0,720
2024-07-15,44.5,-101.5,90
2024-07-15,44.5,-101.0,630
2024-07-15,44.5,-100.5,1710
2024-07-15,44.5,-100.0,2700
2024-07-15,44.5,-99.5,450
2024-07-15,44.5,-99.0,90
2024-07-15,44.5,-98.5,360
2024-07-15,44.5,-98.0,180
2024-07-15,44.5,-97.5,1170
2024-07-15,44.5,-97.0,270
2024-07-15,44.5,-96.5,90
2024-07-15,44.5,-96.0,360
2024-07-15,44.5,-95.5,1350
2024-07-15,44.5,-95.0,1800
2024-07-15,44.5,-94.5,630
2024-07-15,44.5,-94.0,90
2024-07-15,44.5,-93.5,270
2024-07-15,44.5,-93.0,90
2024-07-15,44.5,-92.5,450
2024-07-15,44.5,-92.0,720
2024-07-15,44.5,-90.0,90
2024-07-15,44.5,-89.0,90
2024-07-15,44.5,-87.0,450
2024-07-15,44.5,-86.5,630
2024-07-15,44.5,-86.0,90
2024-07-15,44.5,-85.5,90
2024-07-15,44.5,-85.0,450
2024-07-15,44.5,-84.5,90
2024-07-15,44.5,-84.0,540
2024-07-15,44.5,-83.5,90
2024-07-15,44.5,-82.5,180
2024-07-15,44.5,-82.0,270
2024-07-15,44.5,-81.5,360
2024-07-15,44.5,-81.0,90
2024-07-15,44.5,-80.5,90
2024-07-15,44.5,-80.0,180
2024-07-15,44.5,-79.5,540
2024-07-15,44.5,-79.0,90
2024-07-15,44.5,-78.5,270
2024-07-15,44.5,-75.0,90
2024-07-15,44.5,-74.5,630
2024-07-15,44.5,-74.0,450
2024-07-15,44.5,-73.5,1530
2024-07-15,44.5,-73.0,180
2024-07-15,44.5,-72.5,270
2024-07-15,44.5,-72.0,270
2024-07-15,44.5,-71.0,180
2024-07-15,44.5,-70.5,90
2024-07-15,44.5,-70.0,180
2024-07-15,44.5,-69.5,90
2024-07-15,45.0,-125.0,90
2024-07-15,45.0,-124.5,90
2024-07-15,45.0,-124.0,90
2024-07-15,45.0,-123.5,90
2024-07-15,45.0,-123.0,90
2024-07-15,45.0,-111.5,90
2024-07-15,45.0,-111.0,90
2024-07-15,45.0,-110.5,180
2024-07-15,45.0,-110.0,360
2024-07-15,45.0,-109.5,90
2024-07-15,45.0,-109.0,270
2024-07-15,45.0,-108.5,360
2024-07-15,45.0,-108.0,360
2024-07-15,45.0,-107.5,180
2024-07-15,45.0,-107.0,90
2024-07-15,45.0,-106.0,180
2024-07-15,45.0,-105.5,1080
2024-07-15,45.0,-103.5,90
2024-07-15,45.0,-103.0,540
2024-07-15,45.0,-102.5,270
2024-07-15,45.0,-102.0,540
2024-07-15,45.0,-101.5,360
2024-07-15,45.0,-101.0,270
2024-07-15,45.0,-100.5,360
2024-07-15,45.0,-100.0,540
2024-07-15,45.0,-99.5,180
2024-07-15,45.0,-99.0,270
2024-07-15,45.0,-98.5,90
2024-07-15,45.0,-98.0,360
2024-07-15,45.0,-97.5,270
2024-07-15,45.0,-97.0,630
2024-07-15,45.0,-96.5,1440
2024-07-15,45.0,-96.0,1350
2024-07-15,45.0,-95.5,810
2024-07-15,45.0,-95.0,180
2024-07-15,45.0,-93.5,90
2024-07-15,45.0,-93.0,270
2024-07-15,45.0,-91.5,90
2024-07-15,45.0,-91.0,90
2024-07-15,45.0,-90.5,540
2024-07-15,45.0,-90.0,360
2024-07-15,45.0,-89.5,450
2024-07-15,45.0,-89.0,450
2024-07-15,45.0,-88.5,450
2024-07-15,45.0,-88.0,270
2024-07-15,45.0,-87.5,900
2024-07-15,45.0,-87.0,810
2024-07-15,45.0,-86.5,1440
2024-07-15,45.0,-86.0,90
2024-07-15,45.0,-85.5,90
2024-07-15,45.0,-85.0,450
2024-07-15,45.0,-84.5,540
2024-07-15,45.0,-84.0,1080
2024-07-15,45.0,-81.5,1260
2024-07-15,45.0,-81.0,270
2024-07-15,45.0,-80.5,180
2024-07-15,45.0,-79.5,810
2024-07-15,45.0,-79.0,630
2024-07-15,45.0,-78.5,360
2024-07-15,45.0,-78.0,450
2024-07-15,45.0,-77.5,180
2024-07-15,45.0,-77.0,270
2024-07-15,45.0,-76.5,450
2024-07-15,45.0,-76.0,180
2024-07-15,45.0,-75.5,720
2024-07-15,45.0,-75.0,270
2024-07-15,45.0,-74.5,90
2024-07-15,45.0,-74.0,450
2024-07-15,45.0,-73.5,720
2024-07-15,45.0,-73.0,360
2024-07-15,45.0,-72.5,90
2024-07-15,45.0,-72.0,90
2024-07-15,45.0,-71.0,90
2024-07-15,45.0,-70.5,360
2024-07-15,45.0,-70.0,180
2024-07-15,45.0,-69.0,90
2024-07-15,45.0,-67.5,180
2024-07-15,45.0,-66.5,540
2024-07-15,45.5,-124.0,270
2024-07-15,45.5,-121.5,90
2024-07-15,45.5,-118.5,90
2024-07-15,45.5,-110.5,270
2024-07-15,45.5,-110.0,90
2024-07-15,45.5,-109.5,180
2024-07-15,45.5,-108.5,90
2024-07-15,45.5,-107.5,630
2024-07-15,45.5,-107.0,720
2024-07-15,45.5,-106.5,360
2024-07-15,45.5,-106.0,90
2024-07-15,45.5,-104.0,270
2024-07-15,45.5,-103.5,270
2024-07-15,45.5,-103.0,90
2024-07-15,45.5,-102.0,540
2024-07-15,45.5,-101.5,540
2024-07-15,45.5,-101.0,630
2024-07-15,45.5,-100.5,900
2024-07-15,45.5,-100.0,900
2024-07-15,45.5,-99.5,180
2024-07-15,45.5,-99.0,180
2024-07-15,45.5,-98.5,90
2024-07-15,45.5,-98.0,450
2024-07-15,45.5,-97.5,180
2024-07-15,45.5,-97.0,540
2024-07-15,45.5,-96.5,1350
2024-07-15,45.5,-96.0,810
2024-07-15,45.5,-95.5,990
2024-07-15,45.5,-95.0,180
2024-07-15,45.5,-91.5,90
2024-07-15,45.5,-91.0,360
2024-07-15,45.5,-90.5,720
2024-07-15,45.5,-90.0,360
2024-07-15,45.5,-89.5,2610
2024-07-15,45.5,-89.0,720
2024-07-15,45.5,-88.5,1620
2024-07-15,45.5,-88.0,900
2024-07-15,45.5,-87.5,3330
2024-07-15,45.5,-87.0,630
2024-07-15,45.5,-86.5,540
2024-07-15,45.5,-86.0,2880
2024-07-15,45.5,-85.5,720
2024-07-15,45.5,-85.0,630
2024-07-15,45.5,-84.5,720
2024-07-15,45.5,-83.5,180
2024-07-15,45.5,-83.0,90
2024-07-15,45.5,-81.5,90
2024-07-15,45.5,-81.0,90
2024-07-15,45.5,-79.5,360
2024-07-15,45.5,-79.0,630
2024-07-15,45.5,-77.5,540
2024-07-15,45.5,-77.0,630
2024-07-15,45.5,-76.5,1260
2024-07-15,45.5,-76.0,1530
2024-07-15,45.5,-75.5,540
2024-07-15,45.5,-75.0,360
2024-07-15,45.5,-74.5,810
2024-07-15,45.5,-74.0,540
2024-07-15,45.5,-73.0,270
2024-07-15,45.5,-72.0,90
2024-07-15,45.5,-69.5,90
2024-07-15,45.5,-69.0,90
2024-07-15,45.5,-68.5,90
2024-07-15,46.0,-124.5,180
2024-07-15,46.0,-123.0,180
2024-07-15,46.0,-119.5,180
2024-07-15,46.0,-117.5,90
2024-07-15,46.0,-110.5,450
2024-07-15,46.0,-110.0,180
2024-07-15,46.0,-109.5,720
2024-07-15,46.0,-109.0,450
2024-07-15,46.0,-108.5,180
2024-07-15,46.0,-108.0,180
2024-07-15,46.0,-107.5,810
2024-07-15,46.0,-107.0,90
2024-07-15,46.0,-105.0,90
2024-07-15,46.0,-103.0,90
2024-07-15,46.0,-102.5,180
2024-07-15,46.0,-101.0,90
2024-07-15,46.0,-100.5,540
2024-07-15,46.0,-100.0,720
2024-07-15,46.0,-99.5,270
2024-07-15,46.0,-99.0,90
2024-07-15,46.0,-98.5,630
2024-07-15,46.0,-98.0,90
2024-07-15,46.0,-97.5,810
2024-07-15,46.0,-97.0,1260
2024-07-15,46.0,-96.5,900
2024-07-15,46.0,-96.0,990
2024-07-15,46.0,-95.5,720
2024-07-15,46.0,-95.0,360
2024-07-15,46.0,-94.5,720
2024-07-15,46.0,-94.0,90
2024-07-15,46.0,-92.0,450
2024-07-15,46.0,-91.5,810
2024-07-15,46.0,-91.0,720
2024-07-15,46.0,-90.5,90
2024-07-15,46.0,-90.0,90
2024-07-15,46.0,-89.5,540
2024-07-15,46.0,-89.0,720
2024-07-15,46.0,-88.5,990
2024-07-15,46.0,-88.0,1620
2024-07-15,46.0,-87.5,2070
2024-07-15,46.0,-87.0,720
2024-07-15,46.0,-86.5,180
2024-07-15,46.0,-86.0,90
2024-07-15,46.0,-85.5,180
2024-07-15,46.0,-85.0,270
2024-07-15,46.0,-84.5,90
2024-07-15,46.0,-84.0,540
2024-07-15,46.0,-83.5,270
2024-07-15,46.0,-82.5,360
2024-07-15,46.0,-82.0,630
2024-07-15,46.0,-81.5,90
2024-07-15,46.0,-81.0,270
2024-07-15,46.0,-80.5,90
2024-07-15,46.0,-80.0,180
2024-07-15,46.0,-79.5,990
2024-07-15,46.0,-79.0,990
2024-07-15,46.0,-78.0,630
2024-07-15,46.0,-77.5,1710
2024-07-15,46.0,-77.0,450
2024-07-15,46.0,-76.0,90
2024-07-15,46.0,-72.5,90
2024-07-15,46.0,-67.0,90
2024-07-15,46.5,-117.5,180
2024-07-15,46.5,-117.0,90
2024-07-15,46.5,-110.5,180
2024-07-15,46.5,-110.0,450
2024-07-15,46.5,-109.5,270
2024-07-15,46.5,-109.0,540
2024-07-15,46.5,-108.5,90
2024-07-15,46.5,-108.0,270
2024-07-15,46.5,-107.5,90
2024-07-15,46.5,-107.0,180
2024-07-15,46.5,-106.5,90
2024-07-15,46.5,-106.0,360
2024-07-15,46.5,-105.5,270
2024-07-15,46.5,-105.0,90
2024-07-15,46.5,-104.5,90
2024-07-15,46.5,-102.5,90
2024-07-15,46.5,-101.0,360
2024-07-15,46.5,-100.5,360
2024-07-15,46.5,-100.0,450
2024-07-15,46.5,-99.5,1350
2024-07-15,46.5,-99.0,1980
2024-07-15,46.5,-98.5,540
2024-07-15,46.5,-98.0,1080
2024-07-15,46.5,-97.5,2160
2024-07-15,46.5,-97.0,360
2024-07-15,46.5,-96.0,360
2024-07-15,46.5,-95.5,720
2024-07-15,46.5,-95.0,360
2024-07-15,46.5,-94.5,360
2024-07-15,46.5,-94.0,450
2024-07-15,46.5,-93.5,1530
2024-07-15,46.5,-93.0,900
2024-07-15,46.5,-92.5,360
2024-07-15,46.5,-91.0,540
2024-07-15,46.5,-90.5,180
2024-07-15,46.5,-90.0,720
2024-07-15,46.5,-89.5,180
2024-07-15,46.5,-89.0,540
2024-07-15,46.5,-88.5,360
2024-07-15,46.5,-88.0,180
2024-07-15,46.5,-87.5,450
2024-07-15,46.5,-86.5,630
2024-07-15,46.5,-83.0,180
2024-07-15,46.5,-82.5,270
2024-07-15,46.5,-82.0,450
2024-07-15,46.5,-81.5,720
2024-07-15,46.5,-81.0,1080
2024-07-15,46.5,-80.5,270
2024-07-15,46.5,-80.0,1080
2024-07-15,46.5,-79.5,1440
2024-07-15,46.5,-79.0,1440
2024-07-15,46.5,-78.5,1260
2024-07-15,46.5,-78.0,1260
2024-07-15,46.5,-77.5,540
2024-07-15,46.5,-77.0,540
2024-07-15,46.5,-76.5,270
2024-07-15,46.5,-75.5,90
2024-07-15,46.5,-75.0,630
2024-07-15,46.5,-74.5,180
2024-07-15,46.5,-74.0,450
2024-07-15,46.5,-73.5,630
2024-07-15,46.5,-73.0,630
2024-07-15,46.5,-72.5,2250
2024-07-15,46.5,-72.0,90
2024-07-15,46.5,-71.5,180
2024-07-15,46.5,-69.5,90
2024-07-15,46.5,-68.0,180
2024-07-15,46.5,-67.5,180
2024-07-15,46.5,-65.5,90
2024-07-15,47.0,-117.0,90
2024-07-15,47.0,-113.5,90
2024-07-15,47.0,-110.5,90
2024-07-15,47.0,-109.5,180
2024-07-15,47.0,-108.5,270
2024-07-15,47.0,-107.0,180
2024-07-15,47.0,-106.5,360
2024-07-15,47.0,-106.0,270
2024-07-15,47.0,-105.5,270
2024-07-15,47.0,-105.0,90
2024-07-15,47.0,-104.0,180
2024-07-15,47.0,-102.0,180
2024-07-15,47.0,-101.5,270
2024-07-15,47.0,-101.0,540
2024-07-15,47.0,-100.5,1080
2024-07-15,47.0,-100.0,1800
2024-07-15,47.0,-99.5,810
2024-07-15,47.0,-99.0,1350
2024-07-15,47.0,-98.5,900
2024-07-15,47.0,-98.0,180
2024-07-15,47.0,-95.0,270
2024-07-15,47.0,-94.5,90
2024-07-15,47.0,-93.0,810
2024-07-15,47.0,-92.5,630
2024-07-15,47.0,-92.0,630
2024-07-15,47.0,-91.5,90
2024-07-15,47.0,-91.0,180
2024-07-15,47.0,-90.5,270
2024-07-15,47.0,-89.0,90
2024-07-15,47.0,-85.0,90
2024-07-15,47.0,-82.0,360
2024-07-15,47.0,-81.5,450
2024-07-15,47.0,-81.0,90
2024-07-15,47.0,-80.0,180
2024-07-15,47.0,-79.5,90
2024-07-15,47.0,-79.0,360
2024-07-15,47.0,-78.5,2250
2024-07-15,47.0,-78.0,1890
2024-07-15,47.0,-77.5,2250
2024-07-15,47.0,-77.0,1260
2024-07-15,47.0,-76.5,270
2024-07-15,47.0,-76.0,810
2024-07-15,47.0,-74.5,90
2024-07-15,47.0,-74.0,180
2024-07-15,47.0,-73.5,540
2024-07-15,47.0,-73.0,90
2024-07-15,47.0,-72.5,2070
2024-07-15,47.0,-72.0,540
2024-07-15,47.0,-71.5,90
2024-07-15,47.0,-71.0,180
2024-07-15,47.0,-69.0,90
2024-07-15,47.0,-67.0,90
2024-07-15,47.5,-121.0,90
2024-07-15,47.5,-119.0,270
2024-07-15,47.5,-115.0,90
2024-07-15,47.5,-113.5,90
2024-07-15,47.5,-109.0,180
2024-07-15,47.5,-108.5,90
2024-07-15,47.5,-108.0,90
2024-07-15,47.5,-107.5,270
2024-07-15,47.5,-107.0,180
2024-07-15,47.5,-106.5,270
2024-07-15,47.5,-106.0,90
2024-07-15,47.5,-105.0,270
2024-07-15,47.5,-102.5,810
2024-07-15,47.5,-102.0,450
2024-07-15,47.5,-101.5,450
2024-07-15,47.5,-101.0,540
2024-07-15,47.5,-100.5,720
2024-07-15,47.5,-100.0,1170
2024-07-15,47.5,-99.5,1260
2024-07-15,47.5,-99.0,900
2024-07-15,47.5,-98.5,270
2024-07-15,47.5,-98.0,270
2024-07-15,47.5,-97.5,90
2024-07-15,47.5,-96.5,90
2024-07-15,47.5,-96.0,90
2024-07-15,47.5,-95.0,90
2024-07-15,47.5,-94.5,90
2024-07-15,47.5,-94.0,90
2024-07-15,47.5,-93.5,180
2024-07-15,47.5,-93.0,90
2024-07-15,47.5,-92.5,180
2024-07-15,47.5,-92.0,540
2024-07-15,47.5,-91.5,540
2024-07-15,47.5,-91.0,450
2024-07-15,47.5,-90.5,270
2024-07-15,47.5,-90.0,90
2024-07-15,47.5,-89.5,90
2024-07-15,47.5,-89.0,90
2024-07-15,47.5,-88.5,90
2024-07-15,47.5,-85.5,90
2024-07-15,47.5,-83.5,90
2024-07-15,47.5,-81.5,270
2024-07-15,47.5,-81.0,270
2024-07-15,47.5,-80.5,270
2024-07-15,47.5,-80.0,450
2024-07-15,47.5,-79.5,360
2024-07-15,47.5,-79.0,450
2024-07-15,47.5,-78.5,360
2024-07-15,47.5,-78.0,90
2024-07-15,47.5,-77.5,360
2024-07-15,47.5,-77.0,1260
2024-07-15,47.5,-76.5,1980
2024-07-15,47.5,-76.0,990
2024-07-15,47.5,-75.5,180
2024-07-15,47.5,-75.0,180
2024-07-15,47.5,-74.0,90
2024-07-15,47.5,-73.5,180
2024-07-15,47.5,-73.0,270
2024-07-15,47.5,-72.5,180
2024-07-15,47.5,-71.0,90
2024-07-15,47.5,-70.5,540
2024-07-15,47.5,-70.0,90
2024-07-15,47.5,-68.0,90
2024-07-15,47.5,-67.5,180
2024-07-15,47.5,-67.0,90
2024-07-15,48.0,-121.5,90
2024-07-15,48.0,-121.0,90
2024-07-15,48.0,-119.0,180
2024-07-15,48.0,-113.0,90
2024-07-15,48.0,-112.0,90
2024-07-15,48.0,-109.0,270
2024-07-15,48.0,-108.5,630
2024-07-15,48.0,-108.0,270
2024-07-15,48.0,-107.5,180
2024-07-15,48.0,-107.0,90
2024-07-15,48.0,-106.5,90
2024-07-15,48.0,-105.5,180
2024-07-15,48.0,-105.0,180
2024-07-15,48.0,-104.0,180
2024-07-15,48.0,-103.5,180
2024-07-15,48.0,-103.0,270
2024-07-15,48.0,-102.5,810
2024-07-15,48.0,-102.0,360
2024-07-15,48.0,-101.5,810
2024-07-15,48.0,-101.0,1800
2024-07-15,48.0,-100.5,1530
2024-07-15,48.0,-100.0,1080
2024-07-15,48.0,-99.5,1170
2024-07-15,48.0,-99.0,360
2024-07-15,48.0,-98.5,1260
2024-07-15,48.0,-98.0,270
2024-07-15,48.0,-95.5,180
2024-07-15,48.0,-95.0,990
2024-07-15,48.0,-94.5,630
2024-07-15,48.0,-94.0,360
2024-07-15,48.0,-93.0,810
2024-07-15,48.0,-92.5,720
2024-07-15,48.0,-92.0,360
2024-07-15,48.0,-91.0,90
2024-07-15,48.0,-88.5,90
2024-07-15,48.0,-88.0,90
2024-07-15,48.0,-85.5,180
2024-07-15,48.0,-82.5,180
2024-07-15,48.0,-81.5,180
2024-07-15,48.0,-80.5,90
2024-07-15,48.0,-80.0,90
2024-07-15,48.0,-78.5,450
2024-07-15,48.0,-78.0,90
2024-07-15,48.0,-77.5,360
2024-07-15,48.0,-76.5,630
2024-07-15,48.0,-76.0,360
2024-07-15,48.0,-75.5,900
2024-07-15,48.0,-75.0,630
2024-07-15,48.0,-74.5,540
2024-07-15,48.0,-74.0,630
2024-07-15,48.0,-73.5,810
2024-07-15,48.0,-73.0,630
2024-07-15,48.0,-72.5,90
2024-07-15,48.0,-72.0,450
2024-07-15,48.0,-71.5,90
2024-07-15,48.0,-71.0,1530
2024-07-15,48.0,-70.5,360
2024-07-15,48.0,-70.0,540
2024-07-15,48.0,-69.5,450
2024-07-15,48.0,-68.0,180
2024-07-15,48.0,-67.5,1080
2024-07-15,48.0,-67.0,360
2024-07-15,48.0,-66.5,180
2024-07-15,48.0,-66.0,450
2024-07-15,48.5,-121.0,90
2024-07-15,48.5,-118.0,90
2024-07-15,48.5,-117.5,180
2024-07-15,48.5,-113.5,180
2024-07-15,48.5,-112.5,270
2024-07-15,48.5,-110.5,180
2024-07-15,48.5,-109.0,90
2024-07-15,48.5,-108.5,900
2024-07-15,48.5,-108.0,90
2024-07-15,48.5,-107.5,90
2024-07-15,48.5,-107.0,90
2024-07-15,48.5,-106.5,90
2024-07-15,48.5,-106.0,270
2024-07-15,48.5,-105.5,90
2024-07-15,48.5,-105.0,180
2024-07-15,48.5,-104.0,180
2024-07-15,48.5,-103.5,180
2024-07-15,48.5,-103.0,270
2024-07-15,48.5,-102.5,630
2024-07-15,48.5,-102.0,1080
2024-07-15,48.5,-101.5,540
2024-07-15,48.5,-101.0,1260
2024-07-15,48.5,-100.5,1170
2024-07-15,48.5,-100.0,360
2024-07-15,48.5,-99.5,180
2024-07-15,48.5,-99.0,90
2024-07-15,48.5,-98.5,450
2024-07-15,48.5,-98.0,90
2024-07-15,48.5,-97.0,90
2024-07-15,48.5,-96.5,90
2024-07-15,48.5,-96.0,180
2024-07-15,48.5,-94.5,1170
2024-07-15,48.5,-94.0,1260
2024-07-15,48.5,-93.5,90
2024-07-15,48.5,-93.0,900
2024-07-15,48.5,-87.0,180
2024-07-15,48.5,-86.5,90
2024-07-15,48.5,-84.0,90
2024-07-15,48.5,-83.5,180
2024-07-15,48.5,-83.0,360
2024-07-15,48.5,-82.5,180
2024-07-15,48.5,-82.0,360
2024-07-15,48.5,-81.5,90
2024-07-15,48.5,-81.0,270
2024-07-15,48.5,-80.5,180
2024-07-15,48.5,-80.0,1260
2024-07-15,48.5,-79.5,1080
2024-07-15,48.5,-79.0,1170
2024-07-15,48.5,-78.5,1260
2024-07-15,48.5,-78.0,360
2024-07-15,48.5,-77.5,360
2024-07-15,48.5,-77.0,270
2024-07-15,48.5,-76.5,90
2024-07-15,48.5,-76.0,540
2024-07-15,48.5,-75.5,180
2024-07-15,48.5,-75.0,270
2024-07-15,48.5,-74.0,450
2024-07-15,48.5,-73.5,270
2024-07-15,48.5,-73.0,540
2024-07-15,48.5,-72.5,1620
2024-07-15,48.5,-72.0,810
2024-07-15,48.5,-71.5,900
2024-07-15,48.5,-71.0,720
2024-07-15,48.5,-70.5,90
2024-07-15,48.5,-70.0,90
2024-07-15,48.5,-69.5,270
2024-07-15,48.5,-68.5,180
2024-07-15,48.5,-67.5,360
2024-07-15,48.5,-67.0,630
2024-07-15,48.5,-66.5,540
2024-07-15,48.5,-66.0,360
2024-07-15,48.5,-65.5,180
2024-07-15,49.0,-121.0,90
2024-07-15,49.0,-120.5,90
2024-07-15,49.0,-117.5,180
2024-07-15,49.0,-115.0,90
2024-07-15,49.0,-114.5,90
2024-07-15,49.0,-112.5,180
2024-07-15,49.0,-112.0,90
2024-07-15,49.0,-111.5,90
2024-07-15,49.0,-111.0,90
2024-07-15,49.0,-110.5,180
2024-07-15,49.0,-110.0,180
2024-07-15,49.0,-109.0,90
2024-07-15,49.0,-107.0,90
2024-07-15,49.0,-102.5,90
2024-07-15,49.0,-102.0,90
2024-07-15,49.0,-101.5,90
2024-07-15,49.0,-101.0,180
2024-07-15,49.0,-100.0,270
2024-07-15,49.0,-99.5,180
2024-07-15,49.0,-99.0,540
2024-07-15,49.0,-98.5,90
2024-07-15,49.0,-98.0,180
2024-07-15,49.0,-97.0,360
2024-07-15,49.0,-96.5,450
2024-07-15,49.0,-96.0,540
2024-07-15,49.0,-95.5,630
2024-07-15,49.0,-94.5,90
2024-07-15,49.0,-94.0,90
2024-07-15,49.0,-93.5,360
2024-07-15,49.0,-93.0,90
2024-07-15,49.0,-92.0,90
2024-07-15,49.0,-86.5,180
2024-07-15,49.0,-86.0,180
2024-07-15,49.0,-84.5,360
2024-07-15,49.0,-84.0,270
2024-07-15,49.0,-83.5,90
2024-07-15,49.0,-83.0,540
2024-07-15,49.0,-82.5,720
2024-07-15,49.0,-82.0,2250
2024-07-15,49.0,-81.5,1620
2024-07-15,49.0,-81.0,2790
2024-07-15,49.0,-80.5,720
2024-07-15,49.0,-80.0,540
2024-07-15,49.0,-79.5,1170
2024-07-15,49.0,-79.0,360
2024-07-15,49.0,-78.5,90
2024-07-15,49.0,-78.0,270
2024-07-15,49.0,-77.5,90
2024-07-15,49.0,-76.5,180
2024-07-15,49.0,-76.0,90
2024-07-15,49.0,-75.5,360
2024-07-15,49.0,-75.0,270
2024-07-15,49.0,-74.5,180
2024-07-15,49.0,-74.0,270
2024-07-15,49.0,-73.5,360
2024-07-15,49.0,-73.0,270
2024-07-15,49.0,-72.5,270
2024-07-15,49.0,-72.0,180
2024-07-15,49.0,-71.5,90
2024-07-15,49.0,-71.0,360
2024-07-15,49.0,-70.5,180
2024-07-15,49.0,-70.0,180
2024-07-15,49.0,-69.5,1080
2024-07-15,49.0,-69.0,1530
2024-07-15,49.0,-68.5,270
2024-07-15,49.0,-67.0,90
2024-07-15,49.0,-66.5,180
2024-07-15,49.0,-66.0,360
2024-07-15,49.0,-65.5,180
2024-07-15,49.5,-117.5,180
2024-07-15,49.5,-116.0,90
2024-07-15,49.5,-115.5,90
2024-07-15,49.5,-114.5,270
2024-07-15,49.5,-114.0,90
2024-07-15,49.5,-113.0,180
2024-07-15,49.5,-112.5,720
2024-07-15,49.5,-112.0,900
2024-07-15,49.5,-111.5,450
2024-07-15,49.5,-109.0,360
2024-07-15,49.5,-107.5,180
2024-07-15,49.5,-102.0,90
2024-07-15,49.5,-101.5,270
2024-07-15,49.5,-101.0,90
2024-07-15,49.5,-100.0,270
2024-07-15,49.5,-99.5,360
2024-07-15,49.5,-99.0,90
2024-07-15,49.5,-98.5,90
2024-07-15,49.5,-98.0,540
2024-07-15,49.5,-97.5,360
2024-07-15,49.5,-97.0,990
2024-07-15,49.5,-96.5,180
2024-07-15,49.5,-96.0,270
2024-07-15,49.5,-95.5,270
2024-07-15,49.5,-95.0,180
2024-07-15,49.5,-94.5,90
2024-07-15,49.5,-94.0,180
2024-07-15,49.5,-93.5,90
2024-07-15,49.5,-92.5,90
2024-07-15,49.5,-88.5,270
2024-07-15,49.5,-88.0,270
2024-07-15,49.5,-87.5,180
2024-07-15,49.5,-87.0,90
2024-07-15,49.5,-86.5,180
2024-07-15,49.5,-86.0,270
2024-07-15,49.5,-85.5,90
2024-07-15,49.5,-85.0,90
2024-07-15,49.5,-84.5,450
2024-07-15,49.5,-84.0,180
2024-07-15,49.5,-83.5,180
2024-07-15,49.5,-83.0,1080
2024-07-15,49.5,-82.5,360
2024-07-15,49.5,-82.0,2610
2024-07-15,49.5,-81.5,270
2024-07-15,49.5,-81.0,630
2024-07-15,49.5,-80.5,360
2024-07-15,49.5,-80.0,540
2024-07-15,49.5,-79.5,450
2024-07-15,49.5,-79.0,90
2024-07-15,49.5,-78.5,90
2024-07-15,49.5,-78.0,180
2024-07-15,49.5,-77.5,90
2024-07-15,49.5,-77.0,540
2024-07-15,49.5,-76.5,180
2024-07-15,49.5,-76.0,90
2024-07-15,49.5,-75.5,270
2024-07-15,49.5,-75.0,180
2024-07-15,49.5,-74.5,90
2024-07-15,49.5,-73.5,360
2024-07-15,49.5,-73.0,180
2024-07-15,49.5,-72.5,450
2024-07-15,49.5,-72.0,270
2024-07-15,49.5,-71.5,270
2024-07-15,49.5,-71.0,450
2024-07-15,49.5,-70.5,270
2024-07-15,49.5,-70.0,270
2024-07-15,49.5,-69.5,270
2024-07-15,49.5,-69.0,1260
2024-07-15,49.5,-68.5,1260
2024-07-15,49.5,-68.0,810
2024-07-15,49.5,-67.5,270
2024-07-15,49.5,-67.0,90
2024-07-15,49.5,-66.0,180
2024-07-15,49.5,-65.5,180
2024-07-15,50.0,-119.0,90
2024-07-15,50.0,-118.5,90
2024-07-15,50.0,-118.0,180
2024-07-15,50.0,-117.0,90
2024-07-15,50.0,-116.0,90
2024-07-15,50.0,-115.0,90
2024-07-15,50.0,-114.5,270
2024-07-15,50.0,-112.5,90
2024-07-15,50.0,-111.5,90
2024-07-15,50.0,-110.5,450
2024-07-15,50.0,-110.0,90
2024-07-15,50.0,-109.5,180
2024-07-15,50.0,-108.0,90
2024-07-15,50.0,-107.0,90
2024-07-15,50.0,-101.5,90
2024-07-15,50.0,-101.0,90
2024-07-15,50.0,-100.5,270
2024-07-15,50.0,-100.0,360
2024-07-15,50.0,-99.5,180
2024-07-15,50.0,-99.0,180
2024-07-15,50.0,-98.5,540
2024-07-15,50.0,-98.0,90
2024-07-15,50.0,-97.5,90
2024-07-15,50.0,-97.0,180
2024-07-15,50.0,-95.5,270
2024-07-15,50.0,-95.0,180
2024-07-15,50.0,-94.5,180
2024-07-15,50.0,-93.5,180
2024-07-15,50.0,-93.0,90
2024-07-15,50.0,-90.0,540
2024-07-15,50.0,-89.0,90
2024-07-15,50.0,-88.5,270
2024-07-15,50.0,-88.0,270
2024-07-15,50.0,-87.5,1350
2024-07-15,50.0,-87.0,360
2024-07-15,50.0,-86.5,180
2024-07-15,50.0,-86.0,180
2024-07-15,50.0,-85.5,90
2024-07-15,50.0,-85.0,720
2024-07-15,50.0,-84.5,450
2024-07-15,50.0,-84.0,360
2024-07-15,50.0,-83.5,90
2024-07-15,50.0,-83.0,180
2024-07-15,50.0,-82.0,270
2024-07-15,50.0,-81.5,1530
2024-07-15,50.0,-81.0,360
2024-07-15,50.0,-80.5,1350
2024-07-15,50.0,-80.0,1170
2024-07-15,50.0,-79.5,360
2024-07-15,50.0,-79.0,270
2024-07-15,50.0,-78.0,90
2024-07-15,50.0,-77.5,90
2024-07-15,50.0,-77.0,90
2024-07-15,50.0,-76.5,270
2024-07-15,50.0,-76.0,270
2024-07-15,50.0,-75.5,90
2024-07-15,50.0,-75.0,180
2024-07-15,50.0,-74.5,270
2024-07-15,50.0,-74.0,450
2024-07-15,50.0,-73.5,90
2024-07-15,50.0,-73.0,1080
2024-07-15,50.0,-72.5,540
2024-07-15,50.0,-72.0,180
2024-07-15,50.0,-71.5,180
2024-07-15,50.0,-71.0,450
2024-07-15,50.0,-70.5,180
2024-07-15,50.0,-70.0,180
2024-07-15,50.0,-69.5,90
2024-07-15,50.0,-69.0,900
2024-07-15,50.0,-68.5,990
2024-07-15,50.0,-68.0,180
2024-07-15,50.0,-67.5,630
2024-07-15,50.0,-66.5,90
2024-07-15,50.0,-66.0,90
2024-07-15,50.5,-118.0,90
2024-07-15,50.5,-116.0,270
2024-07-15,50.5,-115.5,90
2024-07-15,50.5,-114.5,90
2024-07-15,50.5,-113.5,180
2024-07-15,50.5,-113.0,360
2024-07-15,50.5,-111.5,180
2024-07-15,50.5,-109.5,450
2024-07-15,50.5,-102.0,90
2024-07-15,50.5,-101.5,90
2024-07-15,50.5,-101.0,90
2024-07-15,50.5,-100.5,90
2024-07-15,50.5,-98.5,270
2024-07-15,50.5,-96.5,90
2024-07-15,50.5,-95.5,270
2024-07-15,50.5,-95.0,540
2024-07-15,50.5,-94.5,810
2024-07-15,50.5,-94.0,540
2024-07-15,50.5,-93.5,90
2024-07-15,50.5,-93.0,540
2024-07-15,50.5,-92.5,180
2024-07-15,50.5,-92.0,360
2024-07-15,50.5,-91.5,270
2024-07-15,50.5,-91.0,90
2024-07-15,50.5,-90.5,270
2024-07-15,50.5,-90.0,90
2024-07-15,50.5,-89.5,360
2024-07-15,50.5,-89.0,180
2024-07-15,50.5,-88.5,360
2024-07-15,50.5,-88.0,90
2024-07-15,50.5,-87.5,90
2024-07-15,50.5,-87.0,180
2024-07-15,50.5,-86.5,630
2024-07-15,50.5,-86.0,180
2024-07-15,50.5,-85.5,540
2024-07-15,50.5,-85.0,540
2024-07-15,50.5,-84.5,90
2024-07-15,50.5,-82.5,90
2024-07-15,50.5,-82.0,90
2024-07-15,50.5,-81.5,720
2024-07-15,50.5,-81.0,720
2024-07-15,50.5,-80.5,1710
2024-07-15,50.5,-80.0,180
2024-07-15,50.5,-77.5,90
2024-07-15,50.5,-76.0,180
2024-07-15,50.5,-75.0,270
2024-07-15,50.5,-73.5,90
2024-07-15,50.5,-73.0,90
2024-07-15,50.5,-72.5,360
2024-07-15,50.5,-72.0,180
2024-07-15,50.5,-71.5,630
2024-07-15,50.5,-70.5,180
2024-07-15,50.5,-70.0,1080
2024-07-15,50.5,-69.5,1260
2024-07-15,50.5,-69.0,450
2024-07-15,50.5,-68.5,900
2024-07-15,50.5,-68.0,360
2024-07-15,50.5,-67.5,1080
2024-07-15,50.5,-67.0,450
2024-07-15,50.5,-66.5,810
2024-07-15,50.5,-66.0,180
2024-07-15,50.5,-65.5,270
2024-07-15,51.0,-119.0,90
2024-07-15,51.0,-118.0,90
2024-07-15,51.0,-116.5,180
2024-07-15,51.0,-115.0,90
2024-07-15,51.0,-112.5,90
2024-07-15,51.0,-111.0,90
2024-07-15,51.0,-110.5,180
2024-07-15,51.0,-110.0,180
2024-07-15,51.0,-109.5,180
2024-07-15,51.0,-109.0,270
2024-07-15,51.0,-108.5,180
2024-07-15,51.0,-103.0,180
2024-07-15,51.0,-102.0,270
2024-07-15,51.0,-100.5,180
2024-07-15,51.0,-100.0,90
2024-07-15,51.0,-99.5,90
2024-07-15,51.0,-96.5,450
2024-07-15,51.0,-95.5,90
2024-07-15,51.0,-95.0,90
2024-07-15,51.0,-94.5,270
2024-07-15,51.0,-93.0,90
2024-07-15,51.0,-92.0,360
2024-07-15,51.0,-91.0,180
2024-07-15,51.0,-90.5,90
2024-07-15,51.0,-90.0,180
2024-07-15,51.0,-89.5,2250
2024-07-15,51.0,-89.0,630
2024-07-15,51.0,-88.5,360
2024-07-15,51.0,-87.5,180
2024-07-15,51.0,-87.0,270
2024-07-15,51.0,-86.5,270
2024-07-15,51.0,-86.0,270
2024-07-15,51.0,-85.5,810
2024-07-15,51.0,-85.0,180
2024-07-15,51.0,-84.5,90
2024-07-15,51.0,-84.0,90
2024-07-15,51.0,-83.0,180
2024-07-15,51.0,-80.0,90
2024-07-15,51.0,-79.5,90
2024-07-15,51.0,-78.0,90
2024-07-15,51.0,-75.5,90
2024-07-15,51.0,-73.5,90
2024-07-15,51.0,-72.5,270
2024-07-15,51.0,-72.0,90
2024-07-15,51.0,-71.0,180
2024-07-15,51.0,-70.5,90
2024-07-15,51.0,-70.0,630
2024-07-15,51.0,-69.5,270
2024-07-15,51.0,-69.0,720
2024-07-15,51.0,-68.5,90
2024-07-15,51.0,-68.0,270
2024-07-15,51.0,-67.5,450
2024-07-15,51.0,-67.0,360
2024-07-15,51.0,-66.5,540
2024-07-15,51.0,-66.0,1080
2024-07-15,51.0,-65.5,90
2024-07-15,51.5,-116.0,360
2024-07-15,51.5,-115.5,810
2024-07-15,51.5,-112.5,90
2024-07-15,51.5,-111.5,90
2024-07-15,51.5,-111.0,90
2024-07-15,51.5,-110.5,270
2024-07-15,51.5,-110.0,90
2024-07-15,51.5,-109.5,180
2024-07-15,51.5,-109.0,90
2024-07-15,51.5,-108.5,90
2024-07-15,51.5,-100.0,90
2024-07-15,51.5,-97.5,90
2024-07-15,51.5,-96.5,90
2024-07-15,51.5,-95.0,180
2024-07-15,51.5,-91.0,270
2024-07-15,51.5,-90.5,630
2024-07-15,51.5,-90.0,810
2024-07-15,51.5,-89.0,180
2024-07-15,51.5,-88.5,180
2024-07-15,51.5,-88.0,180
2024-07-15,51.5,-86.0,180
2024-07-15,51.5,-85.5,180
2024-07-15,51.5,-85.0,90
2024-07-15,51.5,-84.5,90
2024-07-15,51.5,-84.0,90
2024-07-15,51.5,-83.5,90
2024-07-15,51.5,-83.0,90
2024-07-15,51.5,-81.0,90
2024-07-15,51.5,-77.5,90
2024-07-15,51.5,-77.0,180
2024-07-15,51.5,-72.0,90
2024-07-15,51.5,-71.5,270
2024-07-15,51.5,-69.5,180
2024-07-15,51.5,-69.0,360
2024-07-15,51.5,-68.5,180
2024-07-15,51.5,-68.0,90
2024-07-15,51.5,-67.5,180
2024-07-15,51.5,-67.0,360
2024-07-15,51.5,-66.5,90
2024-07-15,51.5,-66.0,450
2024-07-15,51.5,-65.5,270
2024-07-15,52.0,-118.0,90
2024-07-15,52.0,-116.5,90
2024-07-15,52.0,-116.0,270
2024-07-15,52.0,-115.5,180
2024-07-15,52.0,-115.0,180
2024-07-15,52.0,-113.5,90
2024-07-15,52.0,-112.0,90
2024-07-15,52.0,-111.5,90
2024-07-15,52.0,-111.0,180
2024-07-15,52.0,-110.5,450
2024-07-15,52.0,-110.0,1620
2024-07-15,52.0,-109.5,360
2024-07-15,52.0,-109.0,180
2024-07-15,52.0,-108.5,180
2024-07-15,52.0,-104.0,90
2024-07-15,52.0,-102.5,180
2024-07-15,52.0,-101.0,180
2024-07-15,52.0,-100.5,90
2024-07-15,52.0,-98.5,180
2024-07-15,52.0,-98.0,360
2024-07-15,52.0,-97.5,450
2024-07-15,52.0,-97.0,270
2024-07-15,52.0,-96.0,90
2024-07-15,52.0,-95.5,180
2024-07-15,52.0,-95.0,270
2024-07-15,52.0,-94.0,180
2024-07-15,52.0,-93.0,270
2024-07-15,52.0,-92.0,90
2024-07-15,52.0,-91.5,360
2024-07-15,52.0,-91.0,90
2024-07-15,52.0,-90.5,270
2024-07-15,52.0,-90.0,360
2024-07-15,52.0,-89.5,180
2024-07-15,52.0,-89.0,90
2024-07-15,52.0,-88.0,90
2024-07-15,52.0,-87.5,180
2024-07-15,52.0,-87.0,90
2024-07-15,52.0,-86.0,180
2024-07-15,52.0,-85.5,270
2024-07-15,52.0,-83.0,90
2024-07-15,52.0,-82.5,90
2024-07-15,52.0,-78.5,90
2024-07-15,52.0,-78.0,270
2024-07-15,52.0,-77.5,180
2024-07-15,52.0,-76.5,90
2024-07-15,52.0,-73.0,450
2024-07-15,52.0,-72.5,90
2024-07-15,52.0,-72.0,180
2024-07-15,52.0,-71.5,180
2024-07-15,52.0,-71.0,90
2024-07-15,52.0,-70.0,90
2024-07-15,52.0,-69.5,90
2024-07-15,52.0,-69.0,90
2024-07-15,52.0,-67.0,90
2024-07-15,52.0,-66.5,180
2024-07-15,52.0,-66.0,90
2024-07-15,52.0,-65.5,90
2024-07-15,52.5,-117.5,90
2024-07-15,52.5,-117.0,180
2024-07-15,52.5,-116.5,270
2024-07-15,52.5,-114.5,90
2024-07-15,52.5,-114.0,90
2024-07-15,52.5,-111.5,180
2024-07-15,52.5,-111.0,360
2024-07-15,52.5,-110.5,270
2024-07-15,52.5,-104.0,90
2024-07-15,52.5,-103.5,90
2024-07-15,52.5,-102.0,90
2024-07-15,52.5,-99.0,90
2024-07-15,52.5,-98.5,90
2024-07-15,52.5,-98.0,1530
2024-07-15,52.5,-97.5,720
2024-07-15,52.5,-97.0,180
2024-07-15,52.5,-94.0,1170
2024-07-15,52.5,-93.5,270
2024-07-15,52.5,-93.0,360
2024-07-15,52.5,-92.5,270
2024-07-15,52.5,-92.0,90
2024-07-15,52.5,-91.5,810
2024-07-15,52.5,-91.0,90
2024-07-15,52.5,-90.5,180
2024-07-15,52.5,-90.0,360
2024-07-15,52.5,-89.5,180
2024-07-15,52.5,-88.5,90
2024-07-15,52.5,-88.0,90
2024-07-15,52.5,-86.5,90
2024-07-15,52.5,-86.0,90
2024-07-15,52.5,-84.5,90
2024-07-15,52.5,-78.0,90
2024-07-15,52.5,-75.5,90
2024-07-15,52.5,-75.0,90
2024-07-15,52.5,-72.0,90
2024-07-15,52.5,-71.0,90
2024-07-15,52.5,-69.0,90
2024-07-15,52.5,-66.0,90
2024-07-15,52.5,-65.5,180
2024-07-15,53.0,-117.5,360
2024-07-15,53.0,-117.0,180
2024-07-15,53.0,-116.5,180
2024-07-15,53.0,-116.0,270
2024-07-15,53.0,-115.5,270
2024-07-15,53.0,-114.5,90
2024-07-15,53.0,-112.5,90
2024-07-15,53.0,-112.0,90
2024-07-15,53.0,-111.0,270
2024-07-15,53.0,-110.5,180
2024-07-15,53.0,-110.0,90
2024-07-15,53.0,-107.0,90
2024-07-15,53.0,-100.5,90
2024-07-15,53.0,-98.5,450
2024-07-15,53.0,-98.0,1170
2024-07-15,53.0,-97.5,1440
2024-07-15,53.0,-97.0,180
2024-07-15,53.0,-93.0,180
2024-07-15,53.0,-92.5,90
2024-07-15,53.0,-90.5,90
2024-07-15,53.0,-90.0,90
2024-07-15,53.0,-89.5,360
2024-07-15,53.0,-89.0,180
2024-07-15,53.0,-88.5,270
2024-07-15,53.0,-88.0,180
2024-07-15,53.0,-87.5,180
2024-07-15,53.0,-87.0,270
2024-07-15,53.0,-86.5,180
2024-07-15,53.0,-85.0,180
2024-07-15,53.0,-84.5,90
2024-07-15,53.0,-78.5,90
2024-07-15,53.0,-78.0,90
2024-07-15,53.0,-75.5,90
2024-07-15,53.0,-74.5,90
2024-07-15,53.0,-74.0,90
2024-07-15,53.0,-66.5,180
2024-07-15,53.0,-66.0,360
2024-07-15,53.5,-117.0,450
2024-07-15,53.5,-116.5,90
2024-07-15,53.5,-115.5,90
2024-07-15,53.5,-115.0,90
2024-07-15,53.5,-113.0,90
2024-07-15,53.5,-111.0,90
2024-07-15,53.5,-110.5,180
2024-07-15,53.5,-108.5,360
2024-07-15,53.5,-108.0,360
2024-07-15,53.5,-107.5,90
2024-07-15,53.5,-107.0,90
2024-07-15,53.5,-104.5,630
2024-07-15,53.5,-104.0,990
2024-07-15,53.5,-103.5,270
2024-07-15,53.5,-103.0,90
2024-07-15,53.5,-101.5,90
2024-07-15,53.5,-99.5,90
2024-07-15,53.5,-98.5,1080
2024-07-15,53.5,-98.0,450
2024-07-15,53.5,-97.5,720
2024-07-15,53.5,-92.5,90
2024-07-15,53.5,-88.5,270
2024-07-15,53.5,-86.5,90
2024-07-15,53.5,-86.0,90
2024-07-15,53.5,-85.5,180
2024-07-15,53.5,-84.5,90
2024-07-15,53.5,-77.0,90
2024-07-15,53.5,-74.5,90
2024-07-15,53.5,-74.0,270
2024-07-15,53.5,-73.5,270
2024-07-15,53.5,-73.0,90
2024-07-15,53.5,-68.0,90
2024-07-15,53.5,-67.5,90
2024-07-15,53.5,-67.0,270
2024-07-15,53.5,-66.5,90
2024-07-15,53.5,-65.5,90
2024-07-15,54.0,-117.0,90
2024-07-15,54.0,-116.5,270
2024-07-15,54.0,-116.0,270
2024-07-15,54.0,-115.5,90
2024-07-15,54.0,-115.0,180
2024-07-15,54.0,-113.5,90
2024-07-15,54.0,-111.0,180
2024-07-15,54.0,-110.5,180
2024-07-15,54.0,-110.0,180
2024-07-15,54.0,-109.5,540
2024-07-15,54.0,-109.0,360
2024-07-15,54.0,-107.5,270
2024-07-15,54.0,-107.0,810
2024-07-15,54.0,-106.5,270
2024-07-15,54.0,-105.0,270
2024-07-15,54.0,-104.5,180
2024-07-15,54.0,-104.0,450
2024-07-15,54.0,-103.5,90
2024-07-15,54.0,-100.5,90
2024-07-15,54.0,-100.0,360
2024-07-15,54.0,-99.5,360
2024-07-15,54.0,-99.0,540
2024-07-15,54.0,-98.5,360
2024-07-15,54.0,-91.5,90
2024-07-15,54.0,-89.0,270
2024-07-15,54.0,-88.5,90
2024-07-15,54.0,-87.5,180
2024-07-15,54.0,-87.0,90
2024-07-15,54.0,-80.0,90
2024-07-15,54.0,-74.0,90
2024-07-15,54.0,-73.0,90
2024-07-15,54.0,-67.0,90
2024-07-15,54.0,-66.5,360
2024-07-15,54.0,-66.0,90
2024-07-15,54.0,-65.5,90
2024-07-15,54.5,-115.0,360
2024-07-15,54.5,-114.5,90
2024-07-15,54.5,-111.0,90
2024-07-15,54.5,-110.5,720
2024-07-15,54.5,-110.0,360
2024-07-15,54.5,-109.5,90
2024-07-15,54.5,-109.0,180
2024-07-15,54.5,-108.5,720
2024-07-15,54.5,-108.0,90
2024-07-15,54.5,-107.0,90
2024-07-15,54.5,-106.0,90
2024-07-15,54.5,-105.5,270
2024-07-15,54.5,-105.0,90
2024-07-15,54.5,-99.0,810
2024-07-15,54.5,-98.5,180
2024-07-15,54.5,-98.0,180
2024-07-15,54.5,-91.5,180
2024-07-15,54.5,-90.5,90
2024-07-15,54.5,-89.5,180
2024-07-15,54.5,-73.5,90
2024-07-15,54.5,-69.5,90
2024-07-15,54.5,-66.5,180
2024-07-15,54.5,-66.0,270
2024-07-22,20.0,-107.0,90
2024-07-22,20.0,-106.0,630
2024-07-22,20.0,-105.5,2250
2024-07-22,20.0,-105.0,2700
2024-07-22,20.0,-104.5,2520
2024-07-22,20.0,-104.0,990
2024-07-22,20.0,-103.5,2430
2024-07-22,20.0,-103.0,2340
2024-07-22,20.0,-102.5,2250
2024-07-22,20.0,-102.0,1350
2024-07-22,20.0,-101.5,1260
2024-07-22,20.0,-101.0,1530
2024-07-22,20.0,-100.5,2070
2024-07-22,20.0,-100.0,3150
2024-07-22,20.0,-99.5,2610
2024-07-22,20.0,-99.0,1620
2024-07-22,20.0,-98.5,630
2024-07-22,20.0,-98.0,3870
2024-07-22,20.0,-97.5,1710
2024-07-22,20.0,-97.0,450
2024-07-22,20.0,-96.5,2340
2024-07-22,20.0,-96.0,1800
2024-07-22,20.0,-95.5,630
2024-07-22,20.0,-95.0,540
2024-07-22,20.0,-94.5,1350
2024-07-22,20.0,-94.0,90
2024-07-22,20.0,-92.5,90
2024-07-22,20.0,-92.0,990
2024-07-22,20.0,-91.5,450
2024-07-22,20.0,-91.0,1440
2024-07-22,20.0,-90.5,1170
2024-07-22,20.0,-90.0,450
2024-07-22,20.0,-89.5,1530
2024-07-22,20.0,-89.0,360
2024-07-22,20.0,-88.5,540
2024-07-22,20.0,-88.0,270
2024-07-22,20.0,-87.5,90
2024-07-22,20.0,-87.0,90
2024-07-22,20.0,-85.5,180
2024-07-22,20.0,-85.0,630
2024-07-22,20.0,-84.5,270
2024-07-22,20.0,-84.0,360
2024-07-22,20.0,-83.5,90
2024-07-22,20.0,-83.0,90
2024-07-22,20.0,-82.0,90
2024-07-22,20.0,-81.5,360
2024-07-22,20.0,-81.0,90
2024-07-22,20.0,-80.5,180
2024-07-22,20.0,-80.0,810
2024-07-22,20.0,-79.5,1350
2024-07-22,20.0,-79.0,810
2024-07-22,20.0,-78.5,630
2024-07-22,20.0,-78.0,1080
2024-07-22,20.0,-77.5,5490
2024-07-22,20.0,-77.0,7920
2024-07-22,20.0,-76.5,3960
2024-07-22,20.0,-76.0,4680
2024-07-22,20.0,-75.5,2340
2024-07-22,20.0,-75.0,1170
2024-07-22,20.0,-70.5,180
2024-07-22,20.0,-70.0,90
2024-07-22,20.5,-107.5,90
2024-07-22,20.5,-107.0,90
2024-07-22,20.5,-106.5,180
2024-07-22,20.5,-106.0,1530
2024-07-22,20.5,-105.5,2430
2024-07-22,20.5,-105.0,2700
2024-07-22,20.5,-104.5,3060
2024-07-22,20.5,-104.0,2160
2024-07-22,20.5,-103.5,2610
2024-07-22,20.5,-103.0,900
2024-07-22,20.5,-102.5,1350
2024-07-22,20.5,-102.0,1260
2024-07-22,20.5,-101.5,1260
2024-07-22,20.5,-101.0,1620
2024-07-22,20.5,-100.5,1350
2024-07-22,20.5,-100.0,1080
2024-07-22,20.5,-99.5,1800
2024-07-22,20.5,-99.0,1440
2024-07-22,20.5,-98.5,5220
2024-07-22,20.5,-98.0,3240
2024-07-22,20.5,-97.5,1350
2024-07-22,20.5,-97.0,3060
2024-07-22,20.5,-96.5,630
2024-07-22,20.5,-96.0,1170
2024-07-22,20.5,-95.5,990
2024-07-22,20.5,-95.0,270
2024-07-22,20.5,-94.5,180
2024-07-22,20.5,-94.0,90
2024-07-22,20.5,-93.5,90
2024-07-22,20.5,-93.0,90
2024-07-22,20.5,-92.0,90
2024-07-22,20.5,-91.0,990
2024-07-22,20.5,-90.5,2340
2024-07-22,20.5,-90.0,2610
2024-07-22,20.5,-89.5,1170
2024-07-22,20.5,-89.0,810
2024-07-22,20.5,-88.5,360
2024-07-22,20.5,-84.5,180
2024-07-22,20.5,-84.0,270
2024-07-22,20.5,-82.5,270
2024-07-22,20.5,-82.0,360
2024-07-22,20.5,-81.5,90
2024-07-22,20.5,-80.0,450
2024-07-22,20.5,-79.5,450
2024-07-22,20.5,-79.0,990
2024-07-22,20.5,-78.5,2520
2024-07-22,20.5,-78.0,4500
2024-07-22,20.5,-77.5,5040
2024-07-22,20.5,-77.0,3240
2024-07-22,20.5,-76.5,2340
2024-07-22,20.5,-76.0,1710
2024-07-22,20.5,-75.5,360
2024-07-22,20.5,-71.0,90
2024-07-22,20.5,-70.0,270
2024-07-22,21.0,-106.5,90
2024-07-22,21.0,-106.0,1260
2024-07-22,21.0,-105.5,5220
2024-07-22,21.0,-105.0,3330
2024-07-22,21.0,-104.5,2160
2024-07-22,21.0,-104.0,1260
2024-07-22,21.0,-103.5,2430
2024-07-22,21.0,-103.0,1890
2024-07-22,21.0,-102.5,2430
2024-07-22,21.0,-102.0,1170
2024-07-22,21.0,-101.0,1080
2024-07-22,21.0,-100.5,1440
2024-07-22,21.0,-100.0,1170
2024-07-22,21.0,-99.5,1800
2024-07-22,21.0,-99.0,4860
2024-07-22,21.0,-98.5,3330
2024-07-22,21.0,-98.0,1890
2024-07-22,21.0,-97.5,1530
2024-07-22,21.0,-97.0,1440
2024-07-22,21.0,-96.5,630
2024-07-22,21.0,-96.0,90
2024-07-22,21.0,-95.5,180
2024-07-22,21.0,-95.0,180
2024-07-22,21.0,-94.5,90
2024-07-22,21.0,-94.0,90
2024-07-22,21.0,-92.0,900
2024-07-22,21.0,-91.5,990
2024-07-22,21.0,-91.0,1710
2024-07-22,21.0,-90.5,630
2024-07-22,21.0,-90.0,810
2024-07-22,21.0,-89.5,990
2024-07-22,21.0,-89.0,1980
2024-07-22,21.0,-88.5,1260
2024-07-22,21.0,-88.0,2610
2024-07-22,21.0,-87.5,360
2024-07-22,21.0,-87.0,180
2024-07-22,21.0,-86.5,720
2024-07-22,21.0,-86.0,90
2024-07-22,21.0,-85.5,90
2024-07-22,21.0,-85.0,270
2024-07-22,21.0,-84.5,90
2024-07-22,21.0,-83.0,90
2024-07-22,21.0,-82.5,90
2024-07-22,21.0,-82.0,90
2024-07-22,21.0,-81.0,180
2024-07-22,21.0,-80.5,1350
2024-07-22,21.0,-80.0,1350
2024-07-22,21.0,-79.5,1620
2024-07-22,21.0,-79.0,4680
2024-07-22,21.0,-78.5,9000
2024-07-22,21.0,-78.0,3870
2024-07-22,21.0,-77.5,9900
2024-07-22,21.0,-77.0,4320
2024-07-22,21.0,-76.5,630
2024-07-22,21.0,-76.0,90
2024-07-22,21.0,-75.5,90
2024-07-22,21.0,-75.0,90
2024-07-22,21.0,-74.5,90
2024-07-22,21.0,-74.0,90
2024-07-22,21.0,-70.5,90
2024-07-22,21.5,-107.0,270
2024-07-22,21.5,-106.5,360
2024-07-22,21.5,-106.0,450
2024-07-22,21.5,-105.5,3960
2024-07-22,21.5,-105.0,8910
2024-07-22,21.5,-104.5,4230
2024-07-22,21.5,-104.0,2790
2024-07-22,21.5,-103.5,1800
2024-07-22,21.5,-103.0,1080
2024-07-22,21.5,-102.5,1350
2024-07-22,21.5,-102.0,2070
2024-07-22,21.5,-101.5,540
2024-07-22,21.5,-101.0,720
2024-07-22,21.5,-100.5,1080
2024-07-22,21.5,-100.0,270
2024-07-22,21.5,-99.5,2520
2024-07-22,21.5,-99.0,3330
2024-07-22,21.5,-98.5,2880
2024-07-22,21.5,-98.0,1080
2024-07-22,21.5,-97.5,1080
2024-07-22,21.5,-97.0,2610
2024-07-22,21.5,-96.5,720
2024-07-22,21.5,-96.0,90
2024-07-22,21.5,-95.5,180
2024-07-22,21.5,-94.5,180
2024-07-22,21.5,-94.0,630
2024-07-22,21.5,-92.0,720
2024-07-22,21.5,-91.5,900
2024-07-22,21.5,-91.0,990
2024-07-22,21.5,-90.5,630
2024-07-22,21.5,-89.0,270
2024-07-22,21.5,-87.5,90
2024-07-22,21.5,-86.5,360
2024-07-22,21.5,-86.0,720
2024-07-22,21.5,-85.5,270
2024-07-22,21.5,-85.0,630
2024-07-22,21.5,-84.5,180
2024-07-22,21.5,-84.0,540
2024-07-22,21.5,-83.5,1260
2024-07-22,21.5,-83.0,540
2024-07-22,21.5,-82.5,270
2024-07-22,21.5,-81.5,1080
2024-07-22,21.5,-81.0,810
2024-07-22,21.5,-80.5,4680
2024-07-22,21.5,-80.0,5580
2024-07-22,21.5,-79.5,5850
2024-07-22,21.5,-79.0,8910
2024-07-22,21.5,-78.5,6210
2024-07-22,21.5,-78.0,6570
2024-07-22,21.5,-77.5,270
2024-07-22,21.5,-77.0,90
2024-07-22,21.5,-76.0,270
2024-07-22,21.5,-75.5,1260
2024-07-22,21.5,-75.0,450
2024-07-22,21.5,-74.5,540
2024-07-22,21.5,-73.5,180
2024-07-22,21.5,-72.5,90
2024-07-22,21.5,-72.0,90
2024-07-22,21.5,-71.0,90
2024-07-22,21.5,-70.0,180
2024-07-22,22.0,-107.5,180
2024-07-22,22.0,-107.0,180
2024-07-22,22.0,-106.5,450
2024-07-22,22.0,-106.0,540
2024-07-22,22.0,-105.5,7290
2024-07-22,22.0,-105.0,4500
2024-07-22,22.0,-104.5,4230
2024-07-22,22.0,-104.0,990
2024-07-22,22.0,-103.5,810
2024-07-22,22.0,-103.0,720
2024-07-22,22.0,-102.5,1440
2024-07-22,22.0,-102.0,630
2024-07-22,22.0,-101.5,1080
2024-07-22,22.0,-101.0,540
2024-07-22,22.0,-100.5,270
2024-07-22,22.0,-100.0,180
2024-07-22,22.0,-99.5,2790
2024-07-22,22.0,-99.0,4500
2024-07-22,22.0,-98.5,2880
2024-07-22,22.0,-98.0,720
2024-07-22,22.0,-97.5,1350
2024-07-22,22.0,-97.0,1170
2024-07-22,22.0,-96.5,90
2024-07-22,22.0,-95.5,180
2024-07-22,22.0,-95.0,450
2024-07-22,22.0,-94.0,270
2024-07-22,22.0,-91.5,1980
2024-07-22,22.0,-91.0,270
2024-07-22,22.0,-90.0,90
2024-07-22,22.0,-87.0,90
2024-07-22,22.0,-86.0,540
2024-07-22,22.0,-85.5,990
2024-07-22,22.0,-85.0,3510
2024-07-22,22.0,-84.5,2970
2024-07-22,22.0,-84.0,1260
2024-07-22,22.0,-83.5,720
2024-07-22,22.0,-83.0,1170
2024-07-22,22.0,-82.5,1800
2024-07-22,22.0,-82.0,6210
2024-07-22,22.0,-81.5,4410
2024-07-22,22.0,-81.0,5490
2024-07-22,22.0,-80.5,6300
2024-07-22,22.0,-80.0,2160
2024-07-22,22.0,-79.5,2160
2024-07-22,22.0,-79.0,1890
2024-07-22,22.0,-78.0,180
2024-07-22,22.0,-76.0,360
2024-07-22,22.0,-75.5,1080
2024-07-22,22.0,-75.0,180
2024-07-22,22.0,-74.5,180
2024-07-22,22.0,-73.5,900
2024-07-22,22.0,-72.5,90
2024-07-22,22.0,-70.0,90
2024-07-22,22.0,-69.5,180
2024-07-22,22.0,-67.5,180
2024-07-22,22.5,-106.5,450
2024-07-22,22.5,-106.0,1800
2024-07-22,22.5,-105.5,5490
2024-07-22,22.5,-105.0,3150
2024-07-22,22.5,-104.5,180
2024-07-22,22.5,-104.0,540
2024-07-22,22.5,-103.5,270
2024-07-22,22.5,-103.0,630
2024-07-22,22.5,-102.5,1260
2024-07-22,22.5,-102.0,630
2024-07-22,22.5,-101.5,180
2024-07-22,22.5,-101.0,450
2024-07-22,22.5,-100.5,1170
2024-07-22,22.5,-100.0,270
2024-07-22,22.5,-99.5,3060
2024-07-22,22.5,-99.0,2340
2024-07-22,22.5,-98.5,1260
2024-07-22,22.5,-98.0,270
2024-07-22,22.5,-97.5,2160
2024-07-22,22.5,-97.0,4680
2024-07-22,22.5,-96.5,270
2024-07-22,22.5,-96.0,810
2024-07-22,22.5,-95.5,450
2024-07-22,22.5,-95.0,90
2024-07-22,22.5,-94.0,360
2024-07-22,22.5,-92.0,90
2024-07-22,22.5,-91.5,270
2024-07-22,22.5,-86.0,180
2024-07-22,22.5,-85.5,180
2024-07-22,22.5,-85.0,720
2024-07-22,22.5,-84.5,2160
2024-07-22,22.5,-84.0,1170
2024-07-22,22.5,-83.5,1980
2024-07-22,22.5,-83.0,3420
2024-07-22,22.5,-82.5,4320
2024-07-22,22.5,-82.0,4770
2024-07-22,22.5,-81.5,1170
2024-07-22,22.5,-81.0,2070
2024-07-22,22.5,-80.5,450
2024-07-22,22.5,-80.0,450
2024-07-22,22.5,-79.0,540
2024-07-22,22.5,-78.5,1080
2024-07-22,22.5,-78.0,3150
2024-07-22,22.5,-77.5,3150
2024-07-22,22.5,-77.0,180
2024-07-22,22.5,-76.0,270
2024-07-22,22.5,-75.5,720
2024-07-22,22.5,-75.0,810
2024-07-22,22.5,-74.5,810
2024-07-22,22.5,-74.0,180
2024-07-22,22.5,-73.0,90
2024-07-22,22.5,-70.5,90
2024-07-22,22.5,-70.0,540
2024-07-22,23.0,-106.5,630
2024-07-22,23.0,-106.0,3690
2024-07-22,23.0,-105.5,1620
2024-07-22,23.0,-105.0,360
2024-07-22,23.0,-104.5,990
2024-07-22,23.0,-104.0,180
2024-07-22,23.0,-103.5,180
2024-07-22,23.0,-103.0,270
2024-07-22,23.0,-102.5,90
2024-07-22,23.0,-102.0,540
2024-07-22,23.0,-101.5,270
2024-07-22,23.0,-101.0,630
2024-07-22,23.0,-100.5,450
2024-07-22,23.0,-100.0,360
2024-07-22,23.0,-99.5,1530
2024-07-22,23.0,-99.0,540
2024-07-22,23.0,-98.5,990
2024-07-22,23.0,-98.0,1890
2024-07-22,23.0,-97.5,3510
2024-07-22,23.0,-97.0,4500
2024-07-22,23.0,-96.5,1260
2024-07-22,23.0,-96.0,450
2024-07-22,23.0,-95.0,270
2024-07-22,23.0,-94.5,90
2024-07-22,23.0,-94.0,90
2024-07-22,23.0,-93.5,90
2024-07-22,23.0,-92.0,180
2024-07-22,23.0,-91.5,180
2024-07-22,23.0,-90.5,90
2024-07-22,23.0,-86.5,270
2024-07-22,23.0,-86.0,180
2024-07-22,23.0,-85.5,90
2024-07-22,23.0,-85.0,90
2024-07-22,23.0,-84.0,630
2024-07-22,23.0,-83.5,90
2024-07-22,23.0,-83.0,90
2024-07-22,23.0,-82.5,540
2024-07-22,23.0,-82.0,1170
2024-07-22,23.0,-81.5,180
2024-07-22,23.0,-80.5,90
2024-07-22,23.0,-80.0,90
2024-07-22,23.0,-79.5,450
2024-07-22,23.0,-79.0,900
2024-07-22,23.0,-78.5,1080
2024-07-22,23.0,-78.0,3780
2024-07-22,23.0,-77.5,1710
2024-07-22,23.0,-77.0,2520
2024-07-22,23.0,-76.5,180
2024-07-22,23.0,-76.0,900
2024-07-22,23.0,-75.5,2610
2024-07-22,23.0,-75.0,900
2024-07-22,23.0,-74.5,630
2024-07-22,23.0,-74.0,720
2024-07-22,23.0,-70.0,90
2024-07-22,23.0,-67.0,180
2024-07-22,23.5,-107.0,540
2024-07-22,23.5,-106.5,3870
2024-07-22,23.5,-106.0,2430
2024-07-22,23.5,-105.5,720
2024-07-22,23.5,-105.0,1080
2024-07-22,23.5,-104.5,900
2024-07-22,23.5,-104.0,360
2024-07-22,23.5,-103.5,180
2024-07-22,23.5,-103.0,270
2024-07-22,23.5,-102.5,270
2024-07-22,23.5,-102.0,360
2024-07-22,23.5,-101.5,1440
2024-07-22,23.5,-101.0,810
2024-07-22,23.5,-100.5,270
2024-07-22,23.5,-99.5,540
2024-07-22,23.5,-99.0,450
2024-07-22,23.5,-98.5,360
2024-07-22,23.5,-98.0,1620
2024-07-22,23.5,-97.5,630
2024-07-22,23.5,-97.0,4500
2024-07-22,23.5,-96.5,2700
2024-07-22,23.5,-96.0,360
2024-07-22,23.5,-95.5,270
2024-07-22,23.5,-95.0,90
2024-07-22,23.5,-94.5,90
2024-07-22,23.5,-94.0,270
2024-07-22,23.5,-92.5,90
2024-07-22,23.5,-92.0,90
2024-07-22,23.5,-87.0,90
2024-07-22,23.5,-86.0,90
2024-07-22,23.5,-85.0,90
2024-07-22,23.5,-84.0,270
2024-07-22,23.5,-80.5,180
2024-07-22,23.5,-80.0,450
2024-07-22,23.5,-79.5,1170
2024-07-22,23.5,-79.0,720
2024-07-22,23.5,-78.5,90
2024-07-22,23.5,-78.0,810
2024-07-22,23.5,-77.5,720
2024-07-22,23.5,-77.0,900
2024-07-22,23.5,-76.5,1350
2024-07-22,23.5,-76.0,1710
2024-07-22,23.5,-75.5,2520
2024-07-22,23.5,-74.5,450
2024-07-22,23.5,-74.0,630
2024-07-22,23.5,-73.0,90
2024-07-22,23.5,-72.5,180
2024-07-22,23.5,-71.5,90
2024-07-22,23.5,-71.0,360
2024-07-22,23.5,-69.0,90
2024-07-22,23.5,-68.5,1350
2024-07-22,23.5,-68.0,90
2024-07-22,23.5,-67.5,540
2024-07-22,23.5,-67.0,270
2024-07-22,24.0,-107.0,2340
2024-07-22,24.0,-106.5,3330
2024-07-22,24.0,-106.0,990
2024-07-22,24.0,-105.5,360
2024-07-22,24.0,-105.0,270
2024-07-22,24.0,-104.5,180
2024-07-22,24.0,-104.0,540
2024-07-22,24.0,-103.5,90
2024-07-22,24.0,-103.0,540
2024-07-22,24.0,-102.5,270
2024-07-22,24.0,-102.0,540
2024-07-22,24.0,-101.5,270
2024-07-22,24.0,-101.0,180
2024-07-22,24.0,-100.0,810
2024-07-22,24.0,-99.5,1440
2024-07-22,24.0,-99.0,990
2024-07-22,24.0,-98.5,1170
2024-07-22,24.0,-98.0,270
2024-07-22,24.0,-97.5,360
2024-07-22,24.0,-97.0,990
2024-07-22,24.0,-96.5,1530
2024-07-22,24.0,-96.0,270
2024-07-22,24.0,-95.5,90
2024-07-22,24.0,-95.0,630
2024-07-22,24.0,-94.5,1170
2024-07-22,24.0,-94.0,990
2024-07-22,24.0,-93.5,90
2024-07-22,24.0,-93.0,90
2024-07-22,24.0,-89.0,90
2024-07-22,24.0,-88.5,90
2024-07-22,24.0,-87.5,90
2024-07-22,24.0,-86.5,90
2024-07-22,24.0,-86.0,180
2024-07-22,24.0,-84.5,450
2024-07-22,24.0,-84.0,360
2024-07-22,24.0,-83.5,90
2024-07-22,24.0,-83.0,180
2024-07-22,24.0,-81.0,90
2024-07-22,24.0,-80.5,810
2024-07-22,24.0,-80.0,270
2024-07-22,24.0,-79.5,1170
2024-07-22,24.0,-79.0,270
2024-07-22,24.0,-78.5,1170
2024-07-22,24.0,-78.0,630
2024-07-22,24.0,-77.5,1350
2024-07-22,24.0,-77.0,540
2024-07-22,24.0,-76.5,180
2024-07-22,24.0,-76.0,1170
2024-07-22,24.0,-75.5,3060
2024-07-22,24.0,-75.0,900
2024-07-22,24.0,-74.5,900
2024-07-22,24.0,-74.0,990
2024-07-22,24.0,-73.5,630
2024-07-22,24.0,-73.0,90
2024-07-22,24.0,-72.5,90
2024-07-22,24.0,-72.0,810
2024-07-22,24.0,-71.5,90
2024-07-22,24.0,-71.0,270
2024-07-22,24.0,-70.5,90
2024-07-22,24.0,-70.0,180
2024-07-22,24.0,-69.5,540
2024-07-22,24.0,-69.0,360
2024-07-22,24.0,-68.0,2340
2024-07-22,24.0,-67.5,810
2024-07-22,24.0,-67.0,450
2024-07-22,24.0,-66.5,90
2024-07-22,24.5,-107.5,1350
2024-07-22,24.5,-107.0,4770
2024-07-22,24.5,-106.5,2070
2024-07-22,24.5,-106.0,1350
2024-07-22,24.5,-105.5,180
2024-07-22,24.5,-105.0,270
2024-07-22,24.5,-104.5,990
2024-07-22,24.5,-104.0,720
2024-07-22,24.5,-102.5,180
2024-07-22,24.5,-102.0,180
2024-07-22,24.5,-101.5,270
2024-07-22,24.5,-101.0,180
2024-07-22,24.5,-100.5,90
2024-07-22,24.5,-100.0,630
2024-07-22,24.5,-99.5,1260
2024-07-22,24.5,-99.0,90
2024-07-22,24.5,-98.5,450
2024-07-22,24.5,-98.0,720
2024-07-22,24.5,-97.5,270
2024-07-22,24.5,-97.0,810
2024-07-22,24.5,-96.5,630
2024-07-22,24.5,-96.0,810
2024-07-22,24.5,-94.5,900
2024-07-22,24.5,-94.0,1080
2024-07-22,24.5,-93.5,90
2024-07-22,24.5,-93.0,1080
2024-07-22,24.5,-92.5,270
2024-07-22,24.5,-90.0,90
2024-07-22,24.5,-89.0,180
2024-07-22,24.5,-88.0,90
2024-07-22,24.5,-87.5,90
2024-07-22,24.5,-87.0,180
2024-07-22,24.5,-86.5,630
2024-07-22,24.5,-85.5,630
2024-07-22,24.5,-85.0,450
2024-07-22,24.5,-84.5,360
2024-07-22,24.5,-84.0,180
2024-07-22,24.5,-83.5,900
2024-07-22,24.5,-83.0,540
2024-07-22,24.5,-82.5,540
2024-07-22,24.5,-82.0,270
2024-07-22,24.5,-81.5,360
2024-07-22,24.5,-81.0,1170
2024-07-22,24.5,-80.5,720
2024-07-22,24.5,-79.5,450
2024-07-22,24.5,-79.0,810
2024-07-22,24.5,-78.5,360
2024-07-22,24.5,-78.0,810
2024-07-22,24.5,-77.5,720
2024-07-22,24.5,-77.0,450
2024-07-22,24.5,-76.5,720
2024-07-22,24.5,-76.0,2880
2024-07-22,24.5,-75.5,630
2024-07-22,24.5,-75.0,360
2024-07-22,24.5,-74.5,90
2024-07-22,24.5,-74.0,630
2024-07-22,24.5,-73.5,630
2024-07-22,24.5,-73.0,180
2024-07-22,24.5,-72.5,180
2024-07-22,24.5,-72.0,1800
2024-07-22,24.5,-71.5,450
2024-07-22,24.5,-71.0,180
2024-07-22,24.5,-70.5,1170
2024-07-22,24.5,-70.0,720
2024-07-22,24.5,-69.5,810
2024-07-22,24.5,-69.0,990
2024-07-22,24.5,-68.5,630
2024-07-22,24.5,-68.0,1980
2024-07-22,24.5,-67.5,540
2024-07-22,24.5,-67.0,90
2024-07-22,25.0,-108.5,180
2024-07-22,25.0,-108.0,5490
2024-07-22,25.0,-107.5,5760
2024-07-22,25.0,-107.0,2160
2024-07-22,25.0,-106.5,1530
2024-07-22,25.0,-105.5,180
2024-07-22,25.0,-105.0,90
2024-07-22,25.0,-104.5,270
2024-07-22,25.0,-104.0,180
2024-07-22,25.0,-102.0,180
2024-07-22,25.0,-101.5,90
2024-07-22,25.0,-101.0,180
2024-07-22,25.0,-100.5,180
2024-07-22,25.0,-100.0,900
2024-07-22,25.0,-99.5,720
2024-07-22,25.0,-99.0,180
2024-07-22,25.0,-98.5,270
2024-07-22,25.0,-98.0,810
2024-07-22,25.0,-97.5,360
2024-07-22,25.0,-97.0,90
2024-07-22,25.0,-96.5,450
2024-07-22,25.0,-96.0,270
2024-07-22,25.0,-95.0,270
2024-07-22,25.0,-94.5,360
2024-07-22,25.0,-94.0,270
2024-07-22,25.0,-93.5,720
2024-07-22,25.0,-93.0,540
2024-07-22,25.0,-92.5,360
2024-07-22,25.0,-92.0,90
2024-07-22,25.0,-90.5,180
2024-07-22,25.0,-87.5,270
2024-07-22,25.0,-87.0,90
2024-07-22,25.0,-86.5,360
2024-07-22,25.0,-86.0,180
2024-07-22,25.0,-85.0,360
2024-07-22,25.0,-84.0,540
2024-07-22,25.0,-83.5,180
2024-07-22,25.0,-83.0,180
2024-07-22,25.0,-82.5,1350
2024-07-22,25.0,-82.0,1620
2024-07-22,25.0,-81.5,630
2024-07-22,25.0,-81.0,270
2024-07-22,25.0,-80.5,360
2024-07-22,25.0,-80.0,90
2024-07-22,25.0,-79.5,900
2024-07-22,25.0,-79.0,90
2024-07-22,25.0,-78.5,540
2024-07-22,25.0,-78.0,810
2024-07-22,25.0,-77.5,180
2024-07-22,25.0,-77.0,270
2024-07-22,25.0,-76.5,630
2024-07-22,25.0,-76.0,720
2024-07-22,25.0,-75.5,1170
2024-07-22,25.0,-75.0,270
2024-07-22,25.0,-74.5,180
2024-07-22,25.0,-74.0,810
2024-07-22,25.0,-73.5,1080
2024-07-22,25.0,-73.0,1980
2024-07-22,25.0,-72.5,2070
2024-07-22,25.0,-72.0,540
2024-07-22,25.0,-71.5,450
2024-07-22,25.0,-71.0,360
2024-07-22,25.0,-70.5,540
2024-07-22,25.0,-70.0,1170
2024-07-22,25.0,-69.5,1170
2024-07-22,25.0,-69.0,3330
2024-07-22,25.0,-68.5,1530
2024-07-22,25.0,-68.0,360
2024-07-22,25.0,-66.0,90
2024-07-22,25.5,-110.0,180
2024-07-22,25.5,-109.5,90
2024-07-22,25.5,-109.0,1350
2024-07-22,25.5,-108.5,2250
2024-07-22,25.5,-108.0,2700
2024-07-22,25.5,-107.5,4050
2024-07-22,25.5,-107.0,1980
2024-07-22,25.5,-106.5,180
2024-07-22,25.5,-106.0,270
2024-07-22,25.5,-105.5,270
2024-07-22,25.5,-105.0,270
2024-07-22,25.5,-104.5,270
2024-07-22,25.5,-104.0,180
2024-07-22,25.5,-103.5,180
2024-07-22,25.5,-102.0,180
2024-07-22,25.5,-101.5,90
2024-07-22,25.5,-101.0,90
2024-07-22,25.5,-100.5,180
2024-07-22,25.5,-100.0,540
2024-07-22,25.5,-99.5,540
2024-07-22,25.5,-99.0,180
2024-07-22,25.5,-98.5,450
2024-07-22,25.5,-98.0,180
2024-07-22,25.5,-97.5,1440
2024-07-22,25.5,-97.0,180
2024-07-22,25.5,-96.5,720
2024-07-22,25.5,-96.0,1170
2024-07-22,25.5,-95.5,270
2024-07-22,25.5,-95.0,180
2024-07-22,25.5,-94.0,90
2024-07-22,25.5,-93.5,270
2024-07-22,25.5,-93.0,180
2024-07-22,25.5,-92.5,360
2024-07-22,25.5,-92.0,90
2024-07-22,25.5,-90.5,90
2024-07-22,25.5,-89.5,180
2024-07-22,25.5,-88.0,90
2024-07-22,25.5,-87.5,450
2024-07-22,25.5,-87.0,270
2024-07-22,25.5,-86.0,180
2024-07-22,25.5,-85.5,360
2024-07-22,25.5,-85.0,270
2024-07-22,25.5,-84.5,90
2024-07-22,25.5,-84.0,450
2024-07-22,25.5,-83.5,900
2024-07-22,25.5,-83.0,720
2024-07-22,25.5,-82.5,720
2024-07-22,25.5,-82.0,2340
2024-07-22,25.5,-81.5,2610
2024-07-22,25.5,-81.0,1800
2024-07-22,25.5,-80.5,990
2024-07-22,25.5,-80.0,630
2024-07-22,25.5,-79.5,720
2024-07-22,25.5,-79.0,90
2024-07-22,25.5,-78.5,90
2024-07-22,25.5,-78.0,90
2024-07-22,25.5,-77.5,180
2024-07-22,25.5,-77.0,1080
2024-07-22,25.5,-76.5,180
2024-07-22,25.5,-76.0,180
2024-07-22,25.5,-75.5,630
2024-07-22,25.5,-75.0,1440
2024-07-22,25.5,-74.5,990
2024-07-22,25.5,-74.0,1440
2024-07-22,25.5,-73.5,2160
2024-07-22,25.5,-73.0,2160
2024-07-22,25.5,-72.5,2430
2024-07-22,25.5,-72.0,540
2024-07-22,25.5,-71.5,2430
2024-07-22,25.5,-71.0,2250
2024-07-22,25.5,-70.5,450
2024-07-22,25.5,-70.0,720
2024-07-22,25.5,-69.5,450
2024-07-22,25.5,-69.0,900
2024-07-22,25.5,-68.5,360
2024-07-22,25.5,-68.0,1170
2024-07-22,25.5,-67.5,810
2024-07-22,26.0,-110.0,180
2024-07-22,26.0,-109.5,1080
2024-07-22,26.0,-109.0,4860
2024-07-22,26.0,-108.5,4230
2024-07-22,26.0,-108.0,5670
2024-07-22,26.0,-107.5,2610
2024-07-22,26.0,-107.0,990
2024-07-22,26.0,-106.5,270
2024-07-22,26.0,-106.0,270
2024-07-22,26.0,-105.5,180
2024-07-22,26.0,-104.5,270
2024-07-22,26.0,-104.0,90
2024-07-22,26.0,-102.0,180
2024-07-22,26.0,-101.5,180
2024-07-22,26.0,-100.5,270
2024-07-22,26.0,-100.0,540
2024-07-22,26.0,-99.5,990
2024-07-22,26.0,-99.0,90
2024-07-22,26.0,-98.5,360
2024-07-22,26.0,-98.0,450
2024-07-22,26.0,-97.5,900
2024-07-22,26.0,-97.0,990
2024-07-22,26.0,-96.5,180
2024-07-22,26.0,-96.0,360
2024-07-22,26.0,-95.5,720
2024-07-22,26.0,-95.0,180
2024-07-22,26.0,-94.5,180
2024-07-22,26.0,-94.0,90
2024-07-22,26.0,-93.0,180
2024-07-22,26.0,-92.5,180
2024-07-22,26.0,-92.0,90
2024-07-22,26.0,-91.0,180
2024-07-22,26.0,-90.5,270
2024-07-22,26.0,-90.0,90
2024-07-22,26.0,-89.5,90
2024-07-22,26.0,-88.5,990
2024-07-22,26.0,-88.0,90
2024-07-22,26.0,-87.5,90
2024-07-22,26.0,-87.0,540
2024-07-22,26.0,-86.5,180
2024-07-22,26.0,-86.0,90
2024-07-22,26.0,-85.5,450
2024-07-22,26.0,-85.0,810
2024-07-22,26.0,-84.5,270
2024-07-22,26.0,-84.0,990
2024-07-22,26.0,-83.5,2520
2024-07-22,26.0,-83.0,990
2024-07-22,26.0,-82.5,1710
2024-07-22,26.0,-82.0,2970
2024-07-22,26.0,-81.5,2070
2024-07-22,26.0,-81.0,2520
2024-07-22,26.0,-80.5,1530
2024-07-22,26.0,-79.0,270
2024-07-22,26.0,-78.5,360
2024-07-22,26.0,-78.0,90
2024-07-22,26.0,-77.5,1260
2024-07-22,26.0,-77.0,180
2024-07-22,26.0,-76.5,360
2024-07-22,26.0,-76.0,810
2024-07-22,26.0,-75.5,180
2024-07-22,26.0,-75.0,630
2024-07-22,26.0,-74.5,900
2024-07-22,26.0,-74.0,2880
2024-07-22,26.0,-73.5,4050
2024-07-22,26.0,-73.0,2700
2024-07-22,26.0,-72.5,3420
2024-07-22,26.0,-72.0,2070
2024-07-22,26.0,-71.5,1170
2024-07-22,26.0,-71.0,990
2024-07-22,26.0,-70.5,990
2024-07-22,26.0,-70.0,630
2024-07-22,26.0,-69.5,450
2024-07-22,26.0,-69.0,2880
2024-07-22,26.0,-68.5,2790
2024-07-22,26.0,-68.0,1080
2024-07-22,26.0,-65.5,90
2024-07-22,26.5,-109.5,1260
2024-07-22,26.5,-109.0,3150
2024-07-22,26.5,-108.5,4320
2024-07-22,26.5,-108.0,4410
2024-07-22,26.5,-107.5,1980
2024-07-22,26.5,-107.0,90
2024-07-22,26.5,-106.5,180
2024-07-22,26.5,-106.0,270
2024-07-22,26.5,-105.5,180
2024-07-22,26.5,-105.0,180
2024-07-22,26.5,-104.5,270
2024-07-22,26.5,-104.0,810
2024-07-22,26.5,-103.5,180
2024-07-22,26.5,-103.0,90
2024-07-22,26.5,-101.5,90
2024-07-22,26.5,-100.0,990
2024-07-22,26.5,-99.5,720
2024-07-22,26.5,-99.0,90
2024-07-22,26.5,-98.5,630
2024-07-22,26.5,-98.0,1620
2024-07-22,26.5,-97.5,180
2024-07-22,26.5,-97.0,180
2024-07-22,26.5,-96.5,540
2024-07-22,26.5,-96.0,720
2024-07-22,26.5,-95.5,450
2024-07-22,26.5,-95.0,1350
2024-07-22,26.5,-93.5,90
2024-07-22,26.5,-93.0,90
2024-07-22,26.5,-92.5,90
2024-07-22,26.5,-92.0,630
2024-07-22,26.5,-91.5,90
2024-07-22,26.5,-91.0,90
2024-07-22,26.5,-90.5,180
2024-07-22,26.5,-90.0,450
2024-07-22,26.5,-89.5,270
2024-07-22,26.5,-89.0,270
2024-07-22,26.5,-88.0,90
2024-07-22,26.5,-87.5,270
2024-07-22,26.5,-87.0,180
2024-07-22,26.5,-86.5,180
2024-07-22,26.5,-86.0,90
2024-07-22,26.5,-85.5,270
2024-07-22,26.5,-85.0,630
2024-07-22,26.5,-84.5,1080
2024-07-22,26.5,-84.0,720
2024-07-22,26.5,-83.5,540
2024-07-22,26.5,-83.0,2070
2024-07-22,26.5,-82.5,2160
2024-07-22,26.5,-82.0,2880
2024-07-22,26.5,-81.5,900
2024-07-22,26.5,-81.0,1980
2024-07-22,26.5,-80.5,720
2024-07-22,26.5,-80.0,90
2024-07-22,26.5,-79.5,180
2024-07-22,26.5,-79.0,360
2024-07-22,26.5,-78.5,270
2024-07-22,26.5,-78.0,360
2024-07-22,26.5,-77.5,180
2024-07-22,26.5,-77.0,180
2024-07-22,26.5,-76.5,180
2024-07-22,26.5,-76.0,270
2024-07-22,26.5,-75.0,90
2024-07-22,26.5,-74.5,180
2024-07-22,26.5,-74.0,360
2024-07-22,26.5,-73.5,1170
2024-07-22,26.5,-73.0,1080
2024-07-22,26.5,-72.5,1440
2024-07-22,26.5,-72.0,2250
2024-07-22,26.5,-71.5,1080
2024-07-22,26.5,-71.0,270
2024-07-22,26.5,-70.5,540
2024-07-22,26.5,-70.0,1800
2024-07-22,26.5,-69.5,900
2024-07-22,26.5,-69.0,1530
2024-07-22,26.5,-68.5,360
2024-07-22,26.5,-68.0,180
2024-07-22,26.5,-67.5,270
2024-07-22,27.0,-110.5,180
2024-07-22,27.0,-109.5,900
2024-07-22,27.0,-109.0,1710
2024-07-22,27.0,-108.5,4410
2024-07-22,27.0,-108.0,2430
2024-07-22,27.0,-107.5,180
2024-07-22,27.0,-107.0,90
2024-07-22,27.0,-106.5,90
2024-07-22,27.0,-106.0,180
2024-07-22,27.0,-105.5,90
2024-07-22,27.0,-105.0,90
2024-07-22,27.0,-104.5,90
2024-07-22,27.0,-104.0,90
2024-07-22,27.0,-103.5,90
2024-07-22,27.0,-103.0,180
2024-07-22,27.0,-102.5,90
2024-07-22,27.0,-102.0,180
2024-07-22,27.0,-101.5,90
2024-07-22,27.0,-101.0,90
2024-07-22,27.0,-100.5,180
2024-07-22,27.0,-99.5,180
2024-07-22,27.0,-99.0,900
2024-07-22,27.0,-98.5,720
2024-07-22,27.0,-98.0,270
2024-07-22,27.0,-97.5,90
2024-07-22,27.0,-96.5,630
2024-07-22,27.0,-96.0,450
2024-07-22,27.0,-95.5,90
2024-07-22,27.0,-95.0,630
2024-07-22,27.0,-94.5,540
2024-07-22,27.0,-94.0,630
2024-07-22,27.0,-93.5,270
2024-07-22,27.0,-93.0,90
2024-07-22,27.0,-92.5,90
2024-07-22,27.0,-92.0,360
2024-07-22,27.0,-91.5,180
2024-07-22,27.0,-91.0,540
2024-07-22,27.0,-90.5,180
2024-07-22,27.0,-90.0,540
2024-07-22,27.0,-89.5,630
2024-07-22,27.0,-89.0,90
2024-07-22,27.0,-87.0,180
2024-07-22,27.0,-86.5,90
2024-07-22,27.0,-86.0,270
2024-07-22,27.0,-85.5,90
2024-07-22,27.0,-84.5,450
2024-07-22,27.0,-84.0,1530
2024-07-22,27.0,-83.5,2520
2024-07-22,27.0,-83.0,1260
2024-07-22,27.0,-82.5,4680
2024-07-22,27.0,-82.0,1890
2024-07-22,27.0,-81.5,3420
2024-07-22,27.0,-81.0,2520
2024-07-22,27.0,-80.5,270
2024-07-22,27.0,-79.0,90
2024-07-22,27.0,-78.5,180
2024-07-22,27.0,-78.0,180
2024-07-22,27.0,-77.0,90
2024-07-22,27.0,-76.5,450
2024-07-22,27.0,-76.0,360
2024-07-22,27.0,-75.5,360
2024-07-22,27.0,-75.0,180
2024-07-22,27.0,-74.0,450
2024-07-22,27.0,-73.5,900
2024-07-22,27.0,-73.0,1080
2024-07-22,27.0,-72.5,900
2024-07-22,27.0,-72.0,1260
2024-07-22,27.0,-71.5,180
2024-07-22,27.0,-71.0,630
2024-07-22,27.0,-70.5,360
2024-07-22,27.0,-70.0,1980
2024-07-22,27.0,-69.5,990
2024-07-22,27.0,-69.0,90
2024-07-22,27.0,-68.0,90
2024-07-22,27.5,-111.0,90
2024-07-22,27.5,-110.5,630
2024-07-22,27.5,-110.0,180
2024-07-22,27.5,-109.5,2160
2024-07-22,27.5,-109.0,2970
2024-07-22,27.5,-108.5,2520
2024-07-22,27.5,-108.0,1080
2024-07-22,27.5,-107.5,450
2024-07-22,27.5,-107.0,180
2024-07-22,27.5,-106.5,360
2024-07-22,27.5,-106.0,1080
2024-07-22,27.5,-105.5,180
2024-07-22,27.5,-105.0,90
2024-07-22,27.5,-104.5,90
2024-07-22,27.5,-104.0,270
2024-07-22,27.5,-103.5,90
2024-07-22,27.5,-103.0,180
2024-07-22,27.5,-102.5,450
2024-07-22,27.5,-102.0,450
2024-07-22,27.5,-101.5,810
2024-07-22,27.5,-101.0,720
2024-07-22,27.5,-100.5,1170
2024-07-22,27.5,-99.5,90
2024-07-22,27.5,-99.0,270
2024-07-22,27.5,-98.5,180
2024-07-22,27.5,-98.0,360
2024-07-22,27.5,-97.5,270
2024-07-22,27.5,-97.0,90
2024-07-22,27.5,-96.5,90
2024-07-22,27.5,-96.0,540
2024-07-22,27.5,-95.5,360
2024-07-22,27.5,-95.0,540
2024-07-22,27.5,-94.5,360
2024-07-22,27.5,-94.0,450
2024-07-22,27.5,-93.5,360
2024-07-22,27.5,-93.0,360
2024-07-22,27.5,-92.5,540
2024-07-22,27.5,-92.0,270
2024-07-22,27.5,-91.5,90
2024-07-22,27.5,-90.5,360
2024-07-22,27.5,-90.0,360
2024-07-22,27.5,-89.0,450
2024-07-22,27.5,-88.5,90
2024-07-22,27.5,-86.5,180
2024-07-22,27.5,-86.0,360
2024-07-22,27.5,-85.5,180
2024-07-22,27.5,-84.5,90
2024-07-22,27.5,-84.0,810
2024-07-22,27.5,-83.5,1350
2024-07-22,27.5,-83.0,1890
2024-07-22,27.5,-82.5,4230
2024-07-22,27.5,-82.0,630
2024-07-22,27.5,-81.5,1170
2024-07-22,27.5,-81.0,1440
2024-07-22,27.5,-80.0,180
2024-07-22,27.5,-79.5,450
2024-07-22,27.5,-79.0,90
2024-07-22,27.5,-77.0,90
2024-07-22,27.5,-76.5,90
2024-07-22,27.5,-76.0,90
2024-07-22,27.5,-75.5,90
2024-07-22,27.5,-74.5,180
2024-07-22,27.5,-74.0,450
2024-07-22,27.5,-73.5,810
2024-07-22,27.5,-73.0,990
2024-07-22,27.5,-72.5,450
2024-07-22,27.5,-72.0,2880
2024-07-22,27.5,-71.5,1440
2024-07-22,27.5,-71.0,720
2024-07-22,27.5,-70.5,450
2024-07-22,27.5,-70.0,630
2024-07-22,27.5,-69.5,90
2024-07-22,27.5,-69.0,180
2024-07-22,28.0,-111.0,180
2024-07-22,28.0,-110.5,360
2024-07-22,28.0,-110.0,720
2024-07-22,28.0,-109.5,2700
2024-07-22,28.0,-109.0,2880
2024-07-22,28.0,-108.5,2970
2024-07-22,28.0,-108.0,1260
2024-07-22,28.0,-107.5,180
2024-07-22,28.0,-107.0,270
2024-07-22,28.0,-106.5,810
2024-07-22,28.0,-106.0,450
2024-07-22,28.0,-105.5,270
2024-07-22,28.0,-103.5,270
2024-07-22,28.0,-103.0,90
2024-07-22,28.0,-102.5,270
2024-07-22,28.0,-102.0,900
2024-07-22,28.0,-101.5,2610
2024-07-22,28.0,-101.0,900
2024-07-22,28.0,-100.5,90
2024-07-22,28.0,-100.0,90
2024-07-22,28.0,-99.5,630
2024-07-22,28.0,-99.0,630
2024-07-22,28.0,-98.5,810
2024-07-22,28.0,-98.0,1530
2024-07-22,28.0,-97.5,1980
2024-07-22,28.0,-97.0,540
2024-07-22,28.0,-96.5,270
2024-07-22,28.0,-96.0,90
2024-07-22,28.0,-95.5,180
2024-07-22,28.0,-95.0,180
2024-07-22,28.0,-94.5,270
2024-07-22,28.0,-94.0,270
2024-07-22,28.0,-93.5,540
2024-07-22,28.0,-93.0,990
2024-07-22,28.0,-92.5,990
2024-07-22,28.0,-92.0,270
2024-07-22,28.0,-91.5,180
2024-07-22,28.0,-91.0,90
2024-07-22,28.0,-90.5,90
2024-07-22,28.0,-88.5,180
2024-07-22,28.0,-88.0,90
2024-07-22,28.0,-87.0,90
2024-07-22,28.0,-85.5,90
2024-07-22,28.0,-84.0,540
2024-07-22,28.0,-83.5,450
2024-07-22,28.0,-83.0,3870
2024-07-22,28.0,-82.5,7380
2024-07-22,28.0,-82.0,4680
2024-07-22,28.0,-81.5,1800
2024-07-22,28.0,-81.0,720
2024-07-22,28.0,-78.0,90
2024-07-22,28.0,-75.5,90
2024-07-22,28.0,-75.0,270
2024-07-22,28.0,-74.5,90
2024-07-22,28.0,-74.0,540
2024-07-22,28.0,-73.5,900
2024-07-22,28.0,-73.0,540
2024-07-22,28.0,-72.5,810
2024-07-22,28.0,-72.0,630
2024-07-22,28.0,-71.5,90
2024-07-22,28.0,-71.0,180
2024-07-22,28.0,-70.5,810
2024-07-22,28.0,-70.0,90
2024-07-22,28.5,-111.5,90
2024-07-22,28.5,-111.0,450
2024-07-22,28.5,-110.5,1800
2024-07-22,28.5,-110.0,720
2024-07-22,28.5,-109.5,1440
2024-07-22,28.5,-109.0,1890
2024-07-22,28.5,-108.5,2340
2024-07-22,28.5,-108.0,1980
2024-07-22,28.5,-107.5,360
2024-07-22,28.5,-107.0,180
2024-07-22,28.5,-106.5,450
2024-07-22,28.5,-105.5,90
2024-07-22,28.5,-104.5,450
2024-07-22,28.5,-104.0,180
2024-07-22,28.5,-103.5,270
2024-07-22,28.5,-102.5,180
2024-07-22,28.5,-102.0,900
2024-07-22,28.5,-101.5,1440
2024-07-22,28.5,-101.0,1170
2024-07-22,28.5,-100.5,360
2024-07-22,28.5,-100.0,1800
2024-07-22,28.5,-99.5,630
2024-07-22,28.5,-99.0,1260
2024-07-22,28.5,-98.5,810
2024-07-22,28.5,-98.0,1620
2024-07-22,28.5,-97.5,540
2024-07-22,28.5,-97.0,450
2024-07-22,28.5,-96.5,1800
2024-07-22,28.5,-96.0,630
2024-07-22,28.5,-95.5,90
2024-07-22,28.5,-95.0,540
2024-07-22,28.5,-94.5,1800
2024-07-22,28.5,-94.0,90
2024-07-22,28.5,-93.5,720
2024-07-22,28.5,-93.0,90
2024-07-22,28.5,-92.5,90
2024-07-22,28.5,-92.0,90
2024-07-22,28.5,-91.5,270
2024-07-22,28.5,-91.0,450
2024-07-22,28.5,-90.5,180
2024-07-22,28.5,-90.0,270
2024-07-22,28.5,-89.5,360
2024-07-22,28.5,-88.5,90
2024-07-22,28.5,-86.5,90
2024-07-22,28.5,-86.0,90
2024-07-22,28.5,-84.5,90
2024-07-22,28.5,-84.0,270
2024-07-22,28.5,-83.5,990
2024-07-22,28.5,-83.0,1260
2024-07-22,28.5,-82.5,6750
2024-07-22,28.5,-82.0,2340
2024-07-22,28.5,-81.5,2070
2024-07-22,28.5,-81.0,90
2024-07-22,28.5,-80.0,90
2024-07-22,28.5,-79.5,180
2024-07-22,28.5,-79.0,90
2024-07-22,28.5,-77.5,90
2024-07-22,28.5,-77.0,90
2024-07-22,28.5,-76.5,180
2024-07-22,28.5,-76.0,270
2024-07-22,28.5,-75.5,270
2024-07-22,28.5,-74.5,180
2024-07-22,28.5,-74.0,270
2024-07-22,28.5,-73.5,630
2024-07-22,28.5,-73.0,180
2024-07-22,28.5,-72.5,180
2024-07-22,28.5,-72.0,90
2024-07-22,28.5,-71.5,180
2024-07-22,28.5,-71.0,90
2024-07-22,28.5,-70.5,270
2024-07-22,28.5,-69.0,90
2024-07-22,29.0,-112.0,180
2024-07-22,29.0,-111.5,360
2024-07-22,29.0,-111.0,450
2024-07-22,29.0,-110.5,90
2024-07-22,29.0,-110.0,1530
2024-07-22,29.0,-109.5,720
2024-07-22,29.0,-109.0,1710
2024-07-22,29.0,-108.5,1890
2024-07-22,29.0,-108.0,540
2024-07-22,29.0,-107.5,90
2024-07-22,29.0,-107.0,180
2024-07-22,29.0,-106.5,180
2024-07-22,29.0,-106.0,180
2024-07-22,29.0,-105.5,180
2024-07-22,29.0,-105.0,450
2024-07-22,29.0,-104.5,270
2024-07-22,29.0,-104.0,360
2024-07-22,29.0,-103.5,90
2024-07-22,29.0,-103.0,180
2024-07-22,29.0,-102.5,180
2024-07-22,29.0,-102.0,1350
2024-07-22,29.0,-101.5,450
2024-07-22,29.0,-101.0,450
2024-07-22,29.0,-100.5,720
2024-07-22,29.0,-100.0,630
2024-07-22,29.0,-99.5,1440
2024-07-22,29.0,-99.0,1170
2024-07-22,29.0,-98.5,360
2024-07-22,29.0,-98.0,1080
2024-07-22,29.0,-97.5,540
2024-07-22,29.0,-97.0,360
2024-07-22,29.0,-96.5,540
2024-07-22,29.0,-96.0,1170
2024-07-22,29.0,-95.5,1440
2024-07-22,29.0,-95.0,2880
2024-07-22,29.0,-94.5,900
2024-07-22,29.0,-94.0,270
2024-07-22,29.0,-93.5,270
2024-07-22,29.0,-93.0,360
2024-07-22,29.0,-92.5,90
2024-07-22,29.0,-92.0,270
2024-07-22,29.0,-91.5,270
2024-07-22,29.0,-91.0,360
2024-07-22,29.0,-90.5,540
2024-07-22,29.0,-90.0,450
2024-07-22,29.0,-89.5,720
2024-07-22,29.0,-89.0,180
2024-07-22,29.0,-88.5,180
2024-07-22,29.0,-88.0,180
2024-07-22,29.0,-87.5,360
2024-07-22,29.0,-87.0,90
2024-07-22,29.0,-86.5,450
2024-07-22,29.0,-85.0,360
2024-07-22,29.0,-84.5,360
2024-07-22,29.0,-84.0,810
2024-07-22,29.0,-83.5,540
2024-07-22,29.0,-83.0,3960
2024-07-22,29.0,-82.5,4320
2024-07-22,29.0,-82.0,3960
2024-07-22,29.0,-81.5,990
2024-07-22,29.0,-81.0,90
2024-07-22,29.0,-80.5,90
2024-07-22,29.0,-79.5,270
2024-07-22,29.0,-78.5,180
2024-07-22,29.0,-78.0,270
2024-07-22,29.0,-77.0,180
2024-07-22,29.0,-76.5,270
2024-07-22,29.0,-74.5,180
2024-07-22,29.0,-74.0,180
2024-07-22,29.0,-73.0,180
2024-07-22,29.0,-72.5,180
2024-07-22,29.5,-113.0,90
2024-07-22,29.5,-112.5,720
2024-07-22,29.5,-112.0,1800
2024-07-22,29.5,-111.5,1260
2024-07-22,29.5,-111.0,810
2024-07-22,29.5,-110.5,3240
2024-07-22,29.5,-110.0,2700
2024-07-22,29.5,-109.5,1170
2024-07-22,29.5,-109.0,2250
2024-07-22,29.5,-108.5,810
2024-07-22,29.5,-108.0,540
2024-07-22,29.5,-107.5,270
2024-07-22,29.5,-107.0,360
2024-07-22,29.5,-106.5,90
2024-07-22,29.5,-105.5,450
2024-07-22,29.5,-105.0,90
2024-07-22,29.5,-104.5,270
2024-07-22,29.5,-103.5,90
2024-07-22,29.5,-102.5,360
2024-07-22,29.5,-102.0,90
2024-07-22,29.5,-101.5,90
2024-07-22,29.5,-101.0,1440
2024-07-22,29.5,-100.5,2610
2024-07-22,29.5,-100.0,1800
2024-07-22,29.5,-99.5,1620
2024-07-22,29.5,-99.0,2430
2024-07-22,29.5,-98.5,1980
2024-07-22,29.5,-98.0,900
2024-07-22,29.5,-97.5,360
2024-07-22,29.5,-97.0,180
2024-07-22,29.5,-96.5,90
2024-07-22,29.5,-96.0,1170
2024-07-22,29.5,-95.5,450
2024-07-22,29.5,-95.0,2970
2024-07-22,29.5,-94.5,450
2024-07-22,29.5,-94.0,270
2024-07-22,29.5,-93.5,1890
2024-07-22,29.5,-93.0,180
2024-07-22,29.5,-92.5,90
2024-07-22,29.5,-92.0,990
2024-07-22,29.5,-91.5,180
2024-07-22,29.5,-91.0,1260
2024-07-22,29.5,-90.5,900
2024-07-22,29.5,-90.0,1350
2024-07-22,29.5,-89.5,1170
2024-07-22,29.5,-89.0,1170
2024-07-22,29.5,-88.5,270
2024-07-22,29.5,-87.5,450
2024-07-22,29.5,-87.0,540
2024-07-22,29.5,-86.5,90
2024-07-22,29.5,-86.0,270
2024-07-22,29.5,-85.5,630
2024-07-22,29.5,-85.0,810
2024-07-22,29.5,-84.5,90
2024-07-22,29.5,-84.0,360
2024-07-22,29.5,-83.5,2250
2024-07-22,29.5,-83.0,2970
2024-07-22,29.5,-82.5,6120
2024-07-22,29.5,-82.0,4500
2024-07-22,29.5,-81.5,630
2024-07-22,29.5,-80.5,180
2024-07-22,29.5,-80.0,90
2024-07-22,29.5,-79.5,90
2024-07-22,29.5,-78.0,180
2024-07-22,29.5,-77.0,270
2024-07-22,29.5,-76.0,90
2024-07-22,29.5,-75.5,180
2024-07-22,29.5,-70.0,90
2024-07-22,29.5,-69.5,90
2024-07-22,29.5,-69.0,90
2024-07-22,30.0,-113.0,90
2024-07-22,30.0,-112.5,990
2024-07-22,30.0,-112.0,1350
2024-07-22,30.0,-111.5,1440
2024-07-22,30.0,-111.0,1260
2024-07-22,30.0,-110.5,1350
2024-07-22,30.0,-110.0,2700
2024-07-22,30.0,-109.5,1350
2024-07-22,30.0,-109.0,1170
2024-07-22,30.0,-108.5,1800
2024-07-22,30.0,-108.0,630
2024-07-22,30.0,-107.5,270
2024-07-22,30.0,-107.0,90
2024-07-22,30.0,-106.5,180
2024-07-22,30.0,-106.0,360
2024-07-22,30.0,-105.0,180
2024-07-22,30.0,-104.5,450
2024-07-22,30.0,-104.0,180
2024-07-22,30.0,-103.5,270
2024-07-22,30.0,-102.0,360
2024-07-22,30.0,-101.5,90
2024-07-22,30.0,-101.0,720
2024-07-22,30.0,-100.5,270
2024-07-22,30.0,-100.0,900
2024-07-22,30.0,-99.5,180
2024-07-22,30.0,-99.0,1080
2024-07-22,30.0,-98.5,1530
2024-07-22,30.0,-98.0,540
2024-07-22,30.0,-97.5,900
2024-07-22,30.0,-97.0,1260
2024-07-22,30.0,-96.5,630
2024-07-22,30.0,-96.0,1530
2024-07-22,30.0,-95.5,2430
2024-07-22,30.0,-95.0,990
2024-07-22,30.0,-94.5,270
2024-07-22,30.0,-94.0,540
2024-07-22,30.0,-93.5,810
2024-07-22,30.0,-93.0,1800
2024-07-22,30.0,-92.5,1080
2024-07-22,30.0,-92.0,1260
2024-07-22,30.0,-91.5,1350
2024-07-22,30.0,-91.0,1710
2024-07-22,30.0,-90.5,1800
2024-07-22,30.0,-90.0,1620
2024-07-22,30.0,-89.5,810
2024-07-22,30.0,-89.0,270
2024-07-22,30.0,-88.5,540
2024-07-22,30.0,-88.0,720
2024-07-22,30.0,-87.5,360
2024-07-22,30.0,-87.0,360
2024-07-22,30.0,-86.5,90
2024-07-22,30.0,-86.0,810
2024-07-22,30.0,-85.5,1620
2024-07-22,30.0,-85.0,1530
2024-07-22,30.0,-84.5,1710
2024-07-22,30.0,-84.0,2340
2024-07-22,30.0,-83.5,1080
2024-07-22,30.0,-83.0,1170
2024-07-22,30.0,-82.5,3060
2024-07-22,30.0,-82.0,3510
2024-07-22,30.0,-81.5,990
2024-07-22,30.0,-80.5,180
2024-07-22,30.0,-80.0,90
2024-07-22,30.0,-78.5,90
2024-07-22,30.0,-77.5,90
2024-07-22,30.0,-76.5,90
2024-07-22,30.0,-76.0,180
2024-07-22,30.0,-74.0,90
2024-07-22,30.0,-73.0,180
2024-07-22,30.0,-72.0,90
2024-07-22,30.0,-71.5,90
2024-07-22,30.0,-71.0,90
2024-07-22,30.5,-115.5,450
2024-07-22,30.5,-113.0,90
2024-07-22,30.5,-112.5,1260
2024-07-22,30.5,-112.0,2340
2024-07-22,30.5,-111.5,1800
2024-07-22,30.5,-111.0,2250
2024-07-22,30.5,-110.5,2430
2024-07-22,30.5,-110.0,1170
2024-07-22,30.5,-109.5,540
2024-07-22,30.5,-109.0,180
2024-07-22,30.5,-108.5,1080
2024-07-22,30.5,-108.0,540
2024-07-22,30.5,-107.5,270
2024-07-22,30.5,-106.5,90
2024-07-22,30.5,-106.0,180
2024-07-22,30.5,-105.5,180
2024-07-22,30.5,-104.0,180
2024-07-22,30.5,-103.5,90
2024-07-22,30.5,-103.0,90
2024-07-22,30.5,-102.0,270
2024-07-22,30.5,-101.5,270
2024-07-22,30.5,-101.0,270
2024-07-22,30.5,-100.5,270
2024-07-22,30.5,-100.0,180
2024-07-22,30.5,-99.0,720
2024-07-22,30.5,-98.5,450
2024-07-22,30.5,-98.0,270
2024-07-22,30.5,-97.5,540
2024-07-22,30.5,-97.0,900
2024-07-22,30.5,-96.5,1530
2024-07-22,30.5,-96.0,900
2024-07-22,30.5,-95.5,1170
2024-07-22,30.5,-95.0,720
2024-07-22,30.5,-94.5,990
2024-07-22,30.5,-94.0,360
2024-07-22,30.5,-93.5,360
2024-07-22,30.5,-93.0,270
2024-07-22,30.5,-92.5,360
2024-07-22,30.5,-92.0,1530
2024-07-22,30.5,-91.5,1260
2024-07-22,30.5,-91.0,2160
2024-07-22,30.5,-90.5,2970
2024-07-22,30.5,-90.0,1710
2024-07-22,30.5,-89.5,1800
2024-07-22,30.5,-89.0,4590
2024-07-22,30.5,-88.5,4140
2024-07-22,30.5,-88.0,1890
2024-07-22,30.5,-87.5,1980
2024-07-22,30.5,-87.0,1350
2024-07-22,30.5,-86.5,1080
2024-07-22,30.5,-86.0,1260
2024-07-22,30.5,-85.5,630
2024-07-22,30.5,-85.0,810
2024-07-22,30.5,-84.5,450
2024-07-22,30.5,-84.0,2160
2024-07-22,30.5,-83.5,3150
2024-07-22,30.5,-83.0,900
2024-07-22,30.5,-82.5,2700
2024-07-22,30.5,-82.0,2610
2024-07-22,30.5,-81.5,540
2024-07-22,30.5,-80.5,90
2024-07-22,30.5,-80.0,90
2024-07-22,30.5,-79.0,90
2024-07-22,30.5,-78.5,450
2024-07-22,30.5,-77.5,90
2024-07-22,30.5,-75.5,90
2024-07-22,30.5,-75.0,90
2024-07-22,30.5,-72.5,270
2024-07-22,30.5,-72.0,90
2024-07-22,30.5,-70.0,90
2024-07-22,31.0,-116.5,90
2024-07-22,31.0,-116.0,1350
2024-07-22,31.0,-115.5,270
2024-07-22,31.0,-113.0,270
2024-07-22,31.0,-112.5,3600
2024-07-22,31.0,-112.0,4680
2024-07-22,31.0,-111.5,5670
2024-07-22,31.0,-111.0,1530
2024-07-22,31.0,-110.5,900
2024-07-22,31.0,-110.0,630
2024-07-22,31.0,-109.5,360
2024-07-22,31.0,-109.0,270
2024-07-22,31.0,-108.5,540
2024-07-22,31.0,-108.0,90
2024-07-22,31.0,-107.5,180
2024-07-22,31.0,-106.5,90
2024-07-22,31.0,-105.5,90
2024-07-22,31.0,-105.0,90
2024-07-22,31.0,-102.0,90
2024-07-22,31.0,-101.5,90
2024-07-22,31.0,-100.0,90
2024-07-22,31.0,-99.5,90
2024-07-22,31.0,-99.0,90
2024-07-22,31.0,-98.5,180
2024-07-22,31.0,-98.0,630
2024-07-22,31.0,-97.5,540
2024-07-22,31.0,-97.0,1440
2024-07-22,31.0,-96.5,900
2024-07-22,31.0,-96.0,720
2024-07-22,31.0,-95.5,180
2024-07-22,31.0,-94.5,1530
2024-07-22,31.0,-94.0,2610
2024-07-22,31.0,-93.5,180
2024-07-22,31.0,-93.0,90
2024-07-22,31.0,-92.5,180
2024-07-22,31.0,-92.0,360
2024-07-22,31.0,-91.5,90
2024-07-22,31.0,-91.0,540
2024-07-22,31.0,-90.5,1710
2024-07-22,31.0,-90.0,1530
2024-07-22,31.0,-89.5,1620
2024-07-22,31.0,-89.0,1620
2024-07-22,31.0,-88.5,2970
2024-07-22,31.0,-88.0,2430
2024-07-22,31.0,-87.5,2070
2024-07-22,31.0,-87.0,2070
2024-07-22,31.0,-86.5,1620
2024-07-22,31.0,-86.0,90
2024-07-22,31.0,-85.5,990
2024-07-22,31.0,-85.0,810
2024-07-22,31.0,-84.5,630
2024-07-22,31.0,-84.0,360
2024-07-22,31.0,-83.5,1440
2024-07-22,31.0,-83.0,2340
2024-07-22,31.0,-82.5,4680
2024-07-22,31.0,-82.0,3330
2024-07-22,31.0,-81.5,270
2024-07-22,31.0,-81.0,90
2024-07-22,31.0,-80.5,180
2024-07-22,31.0,-80.0,270
2024-07-22,31.0,-79.5,360
2024-07-22,31.0,-79.0,270
2024-07-22,31.0,-78.5,270
2024-07-22,31.0,-78.0,90
2024-07-22,31.0,-77.5,720
2024-07-22,31.0,-75.0,90
2024-07-22,31.0,-72.5,270
2024-07-22,31.5,-116.5,90
2024-07-22,31.5,-116.0,1080
2024-07-22,31.5,-113.0,540
2024-07-22,31.5,-112.5,1800
2024-07-22,31.5,-112.0,4230
2024-07-22,31.5,-111.5,5580
2024-07-22,31.5,-111.0,3510
2024-07-22,31.5,-110.5,720
2024-07-22,31.5,-110.0,360
2024-07-22,31.5,-109.5,720
2024-07-22,31.5,-109.0,990
2024-07-22,31.5,-108.5,900
2024-07-22,31.5,-108.0,990
2024-07-22,31.5,-107.5,270
2024-07-22,31.5,-105.0,90
2024-07-22,31.5,-101.5,450
2024-07-22,31.5,-100.5,270
2024-07-22,31.5,-100.0,90
2024-07-22,31.5,-99.5,90
2024-07-22,31.5,-98.5,90
2024-07-22,31.5,-98.0,360
2024-07-22,31.5,-97.5,1080
2024-07-22,31.5,-97.0,630
2024-07-22,31.5,-96.5,90
2024-07-22,31.5,-96.0,270
2024-07-22,31.5,-95.5,1170
2024-07-22,31.5,-95.0,180
2024-07-22,31.5,-94.5,90
2024-07-22,31.5,-94.0,180
2024-07-22,31.5,-93.5,630
2024-07-22,31.5,-93.0,270
2024-07-22,31.5,-92.5,720
2024-07-22,31.5,-92.0,540
2024-07-22,31.5,-91.5,810
2024-07-22,31.5,-91.0,990
2024-07-22,31.5,-90.5,270
2024-07-22,31.5,-90.0,270
2024-07-22,31.5,-89.5,630
2024-07-22,31.5,-89.0,540
2024-07-22,31.5,-88.5,2070
2024-07-22,31.5,-88.0,1980
2024-07-22,31.5,-87.5,1530
2024-07-22,31.5,-87.0,990
2024-07-22,31.5,-86.5,2880
2024-07-22,31.5,-86.0,720
2024-07-22,31.5,-85.5,180
2024-07-22,31.5,-85.0,540
2024-07-22,31.5,-84.5,540
2024-07-22,31.5,-83.5,90
2024-07-22,31.5,-83.0,900
2024-07-22,31.5,-82.5,810
2024-07-22,31.5,-82.0,1620
2024-07-22,31.5,-81.5,3420
2024-07-22,31.5,-81.0,360
2024-07-22,31.5,-80.0,270
2024-07-22,31.5,-79.5,360
2024-07-22,31.5,-79.0,360
2024-07-22,31.5,-78.5,270
2024-07-22,31.5,-77.5,450
2024-07-22,31.5,-77.0,270
2024-07-22,31.5,-76.0,90
2024-07-22,31.5,-75.5,90
2024-07-22,31.5,-75.0,90
2024-07-22,31.5,-74.5,90
2024-07-22,31.5,-72.5,90
2024-07-22,31.5,-71.0,90
2024-07-22,32.0,-116.5,360
2024-07-22,32.0,-116.0,90
2024-07-22,32.0,-114.0,90
2024-07-22,32.0,-113.5,450
2024-07-22,32.0,-113.0,1620
2024-07-22,32.0,-112.5,2790
2024-07-22,32.0,-112.0,2700
2024-07-22,32.0,-111.5,2160
2024-07-22,32.0,-111.0,2970
2024-07-22,32.0,-110.5,1260
2024-07-22,32.0,-110.0,810
2024-07-22,32.0,-109.5,90
2024-07-22,32.0,-109.0,1710
2024-07-22,32.0,-108.5,450
2024-07-22,32.0,-108.0,1440
2024-07-22,32.0,-107.5,1080
2024-07-22,32.0,-107.0,90
2024-07-22,32.0,-106.5,90
2024-07-22,32.0,-100.0,270
2024-07-22,32.0,-99.5,360
2024-07-22,32.0,-98.5,90
2024-07-22,32.0,-98.0,270
2024-07-22,32.0,-97.5,270
2024-07-22,32.0,-97.0,90
2024-07-22,32.0,-96.5,360
2024-07-22,32.0,-96.0,720
2024-07-22,32.0,-95.5,450
2024-07-22,32.0,-95.0,630
2024-07-22,32.0,-94.5,630
2024-07-22,32.0,-94.0,900
2024-07-22,32.0,-93.5,630
2024-07-22,32.0,-93.0,540
2024-07-22,32.0,-92.5,630
2024-07-22,32.0,-92.0,270
2024-07-22,32.0,-91.5,450
2024-07-22,32.0,-91.0,450
2024-07-22,32.0,-90.5,720
2024-07-22,32.0,-90.0,180
2024-07-22,32.0,-89.5,450
2024-07-22,32.0,-89.0,180
2024-07-22,32.0,-88.5,1890
2024-07-22,32.0,-88.0,900
2024-07-22,32.0,-87.5,1710
2024-07-22,32.0,-87.0,630
2024-07-22,32.0,-86.5,1170
2024-07-22,32.0,-86.0,1350
2024-07-22,32.0,-85.5,1170
2024-07-22,32.0,-85.0,2160
2024-07-22,32.0,-84.5,360
2024-07-22,32.0,-84.0,90
2024-07-22,32.0,-83.5,1620
2024-07-22,32.0,-83.0,720
2024-07-22,32.0,-82.5,1620
2024-07-22,32.0,-82.0,1440
2024-07-22,32.0,-81.5,3960
2024-07-22,32.0,-81.0,2520
2024-07-22,32.0,-80.5,180
2024-07-22,32.0,-80.0,450
2024-07-22,32.0,-79.5,990
2024-07-22,32.0,-79.0,2070
2024-07-22,32.0,-78.5,360
2024-07-22,32.0,-78.0,90
2024-07-22,32.0,-77.5,90
2024-07-22,32.0,-77.0,90
2024-07-22,32.0,-76.5,90
2024-07-22,32.0,-76.0,90
2024-07-22,32.5,-116.5,270
2024-07-22,32.5,-113.5,450
2024-07-22,32.5,-113.0,540
2024-07-22,32.5,-112.5,2430
2024-07-22,32.5,-112.0,1620
2024-07-22,32.5,-111.5,1620
2024-07-22,32.5,-111.0,2700
2024-07-22,32.5,-110.5,1890
2024-07-22,32.5,-110.0,540
2024-07-22,32.5,-109.5,810
2024-07-22,32.5,-109.0,1080
2024-07-22,32.5,-108.5,2250
2024-07-22,32.5,-108.0,900
2024-07-22,32.5,-107.5,990
2024-07-22,32.5,-107.0,270
2024-07-22,32.5,-106.5,180
2024-07-22,32.5,-106.0,450
2024-07-22,32.5,-105.5,90
2024-07-22,32.5,-105.0,90
2024-07-22,32.5,-100.0,90
2024-07-22,32.5,-98.5,540
2024-07-22,32.5,-98.0,360
2024-07-22,32.5,-97.0,270
2024-07-22,32.5,-96.5,990
2024-07-22,32.5,-96.0,450
2024-07-22,32.5,-95.5,90
2024-07-22,32.5,-95.0,90
2024-07-22,32.5,-94.0,270
2024-07-22,32.5,-93.5,630
2024-07-22,32.5,-93.0,720
2024-07-22,32.5,-92.5,630
2024-07-22,32.5,-92.0,1800
2024-07-22,32.5,-91.5,270
2024-07-22,32.5,-91.0,180
2024-07-22,32.5,-90.0,360
2024-07-22,32.5,-89.5,180
2024-07-22,32.5,-88.5,900
2024-07-22,32.5,-88.0,3420
2024-07-22,32.5,-87.5,2340
2024-07-22,32.5,-87.0,1980
2024-07-22,32.5,-86.5,900
2024-07-22,32.5,-86.0,900
2024-07-22,32.5,-85.5,1170
2024-07-22,32.5,-85.0,990
2024-07-22,32.5,-84.5,2250
2024-07-22,32.5,-84.0,630
2024-07-22,32.5,-83.5,450
2024-07-22,32.5,-83.0,810
2024-07-22,32.5,-82.5,990
2024-07-22,32.5,-82.0,1800
2024-07-22,32.5,-81.5,1530
2024-07-22,32.5,-81.0,1800
2024-07-22,32.5,-80.5,630
2024-07-22,32.5,-80.0,990
2024-07-22,32.5,-79.5,810
2024-07-22,32.5,-79.0,360
2024-07-22,32.5,-78.5,360
2024-07-22,32.5,-78.0,360
2024-07-22,32.5,-77.0,90
2024-07-22,32.5,-76.0,270
2024-07-22,32.5,-75.0,90
2024-07-22,32.5,-67.0,90
2024-07-22,33.0,-117.0,90
2024-07-22,33.0,-116.5,90
2024-07-22,33.0,-115.5,90
2024-07-22,33.0,-114.5,450
2024-07-22,33.0,-114.0,360
2024-07-22,33.0,-113.5,1440
2024-07-22,33.0,-113.0,1080
2024-07-22,33.0,-112.5,630
2024-07-22,33.0,-112.0,1080
2024-07-22,33.0,-111.5,270
2024-07-22,33.0,-111.0,1440
2024-07-22,33.0,-110.5,810
2024-07-22,33.0,-110.0,1710
2024-07-22,33.0,-109.5,1890
2024-07-22,33.0,-109.0,1620
2024-07-22,33.0,-108.5,1620
2024-07-22,33.0,-108.0,1980
2024-07-22,33.0,-107.5,810
2024-07-22,33.0,-107.0,540
2024-07-22,33.0,-106.5,540
2024-07-22,33.0,-106.0,1080
2024-07-22,33.0,-105.5,270
2024-07-22,33.0,-105.0,810
2024-07-22,33.0,-104.5,90
2024-07-22,33.0,-104.0,180
2024-07-22,33.0,-103.0,90
2024-07-22,33.0,-102.5,270
2024-07-22,33.0,-101.0,540
2024-07-22,33.0,-98.5,360
2024-07-22,33.0,-97.5,90
2024-07-22,33.0,-97.0,180
2024-07-22,33.0,-96.5,90
2024-07-22,33.0,-95.0,270
2024-07-22,33.0,-94.5,810
2024-07-22,33.0,-94.0,180
2024-07-22,33.0,-93.5,90
2024-07-22,33.0,-93.0,180
2024-07-22,33.0,-92.5,360
2024-07-22,33.0,-91.5,270
2024-07-22,33.0,-91.0,90
2024-07-22,33.0,-90.5,90
2024-07-22,33.0,-89.5,360
2024-07-22,33.0,-89.0,270
2024-07-22,33.0,-88.5,90
2024-07-22,33.0,-88.0,1080
2024-07-22,33.0,-87.5,2430
2024-07-22,33.0,-87.0,810
2024-07-22,33.0,-86.5,720
2024-07-22,33.0,-86.0,810
2024-07-22,33.0,-85.5,360
2024-07-22,33.0,-85.0,1890
2024-07-22,33.0,-84.5,1890
2024-07-22,33.0,-84.0,1620
2024-07-22,33.0,-83.5,810
2024-07-22,33.0,-83.0,810
2024-07-22,33.0,-82.5,1530
2024-07-22,33.0,-82.0,540
2024-07-22,33.0,-81.5,1170
2024-07-22,33.0,-81.0,1530
2024-07-22,33.0,-80.5,1080
2024-07-22,33.0,-80.0,1080
2024-07-22,33.0,-79.5,450
2024-07-22,33.0,-79.0,90
2024-07-22,33.0,-78.5,270
2024-07-22,33.0,-78.0,630
2024-07-22,33.0,-77.5,450
2024-07-22,33.0,-77.0,270
2024-07-22,33.0,-76.5,180
2024-07-22,33.0,-76.0,90
2024-07-22,33.0,-75.0,90
2024-07-22,33.5,-117.0,90
2024-07-22,33.5,-116.5,180
2024-07-22,33.5,-116.0,180
2024-07-22,33.5,-114.5,360
2024-07-22,33.5,-114.0,180
2024-07-22,33.5,-113.5,450
2024-07-22,33.5,-113.0,630
2024-07-22,33.5,-112.5,360
2024-07-22,33.5,-112.0,720
2024-07-22,33.5,-111.5,1620
2024-07-22,33.5,-111.0,810
2024-07-22,33.5,-110.5,1170
2024-07-22,33.5,-110.0,1890
2024-07-22,33.5,-109.5,2520
2024-07-22,33.5,-109.0,1620
2024-07-22,33.5,-108.5,2250
2024-07-22,33.5,-108.0,1350
2024-07-22,33.5,-107.5,1170
2024-07-22,33.5,-107.0,810
2024-07-22,33.5,-106.5,1260
2024-07-22,33.5,-106.0,900
2024-07-22,33.5,-105.5,1080
2024-07-22,33.5,-105.0,720
2024-07-22,33.5,-104.0,90
2024-07-22,33.5,-103.5,360
2024-07-22,33.5,-103.0,270
2024-07-22,33.5,-102.0,90
2024-07-22,33.5,-101.0,720
2024-07-22,33.5,-100.5,1080
2024-07-22,33.5,-98.0,360
2024-07-22,33.5,-97.5,1170
2024-07-22,33.5,-97.0,810
2024-07-22,33.5,-96.5,270
2024-07-22,33.5,-96.0,1170
2024-07-22,33.5,-95.5,630
2024-07-22,33.5,-94.5,180
2024-07-22,33.5,-94.0,270
2024-07-22,33.5,-93.5,90
2024-07-22,33.5,-93.0,270
2024-07-22,33.5,-92.5,270
2024-07-22,33.5,-92.0,360
2024-07-22,33.5,-91.0,180
2024-07-22,33.5,-90.5,630
2024-07-22,33.5,-89.5,90
2024-07-22,33.5,-89.0,720
2024-07-22,33.5,-88.5,1530
2024-07-22,33.5,-88.0,990
2024-07-22,33.5,-87.5,720
2024-07-22,33.5,-87.0,900
2024-07-22,33.5,-86.5,1170
2024-07-22,33.5,-86.0,810
2024-07-22,33.5,-85.5,360
2024-07-22,33.5,-85.0,540
2024-07-22,33.5,-84.5,1440
2024-07-22,33.5,-84.0,990
2024-07-22,33.5,-83.5,1800
2024-07-22,33.5,-83.0,1080
2024-07-22,33.5,-82.5,1710
2024-07-22,33.5,-82.0,1350
2024-07-22,33.5,-81.5,1260
2024-07-22,33.5,-81.0,1260
2024-07-22,33.5,-80.5,1710
2024-07-22,33.5,-80.0,1980
2024-07-22,33.5,-79.5,900
2024-07-22,33.5,-79.0,450
2024-07-22,33.5,-78.5,720
2024-07-22,33.5,-78.0,360
2024-07-22,33.5,-77.0,180
2024-07-22,33.5,-76.5,180
2024-07-22,33.5,-76.0,360
2024-07-22,33.5,-75.5,180
2024-07-22,33.5,-75.0,90
2024-07-22,33.5,-74.5,90
2024-07-22,33.5,-68.5,90
2024-07-22,34.0,-117.5,180
2024-07-22,34.0,-117.0,90
2024-07-22,34.0,-116.5,90
2024-07-22,34.0,-114.0,180
2024-07-22,34.0,-113.5,900
2024-07-22,34.0,-113.0,900
2024-07-22,34.0,-112.5,360
2024-07-22,34.0,-112.0,1440
2024-07-22,34.0,-111.5,1980
2024-07-22,34.0,-111.0,1170
2024-07-22,34.0,-110.5,270
2024-07-22,34.0,-110.0,720
2024-07-22,34.0,-109.5,2250
2024-07-22,34.0,-109.0,1260
2024-07-22,34.0,-108.5,720
2024-07-22,34.0,-108.0,3060
2024-07-22,34.0,-107.5,810
2024-07-22,34.0,-107.0,1260
2024-07-22,34.0,-106.5,1080
2024-07-22,34.0,-106.0,2250
2024-07-22,34.0,-105.5,1890
2024-07-22,34.0,-105.0,1260
2024-07-22,34.0,-104.5,90
2024-07-22,34.0,-104.0,90
2024-07-22,34.0,-103.5,810
2024-07-22,34.0,-103.0,540
2024-07-22,34.0,-102.5,990
2024-07-22,34.0,-102.0,450
2024-07-22,34.0,-101.5,90
2024-07-22,34.0,-101.0,540
2024-07-22,34.0,-100.5,180
2024-07-22,34.0,-100.0,180
2024-07-22,34.0,-98.0,360
2024-07-22,34.0,-97.5,90
2024-07-22,34.0,-97.0,450
2024-07-22,34.0,-96.5,630
2024-07-22,34.0,-96.0,540
2024-07-22,34.0,-95.5,3060
2024-07-22,34.0,-95.0,270
2024-07-22,34.0,-94.5,90
2024-07-22,34.0,-94.0,270
2024-07-22,34.0,-93.5,180
2024-07-22,34.0,-93.0,270
2024-07-22,34.0,-92.5,540
2024-07-22,34.0,-92.0,90
2024-07-22,34.0,-91.0,270
2024-07-22,34.0,-90.5,360
2024-07-22,34.0,-90.0,2070
2024-07-22,34.0,-89.5,360
2024-07-22,34.0,-89.0,1260
2024-07-22,34.0,-88.5,720
2024-07-22,34.0,-88.0,990
2024-07-22,34.0,-87.5,270
2024-07-22,34.0,-87.0,630
2024-07-22,34.0,-86.5,810
2024-07-22,34.0,-86.0,540
2024-07-22,34.0,-85.5,720
2024-07-22,34.0,-85.0,180
2024-07-22,34.0,-84.5,270
2024-07-22,34.0,-84.0,540
2024-07-22,34.0,-83.5,450
2024-07-22,34.0,-83.0,540
2024-07-22,34.0,-82.5,270
2024-07-22,34.0,-82.0,630
2024-07-22,34.0,-81.5,1620
2024-07-22,34.0,-81.0,1980
2024-07-22,34.0,-80.5,1350
2024-07-22,34.0,-80.0,8730
2024-07-22,34.0,-79.5,2700
2024-07-22,34.0,-79.0,2520
2024-07-22,34.0,-78.5,630
2024-07-22,34.0,-78.0,360
2024-07-22,34.0,-77.0,90
2024-07-22,34.0,-76.5,270
2024-07-22,34.0,-76.0,180
2024-07-22,34.0,-75.5,450
2024-07-22,34.0,-75.0,720
2024-07-22,34.0,-74.5,180
2024-07-22,34.0,-73.0,90
2024-07-22,34.0,-67.0,90
2024-07-22,34.5,-118.0,90
2024-07-22,34.5,-117.0,180
2024-07-22,34.5,-116.5,180
2024-07-22,34.5,-116.0,270
2024-07-22,34.5,-115.5,270
2024-07-22,34.5,-114.5,90
2024-07-22,34.5,-114.0,1080
2024-07-22,34.5,-113.5,900
2024-07-22,34.5,-113.0,1350
2024-07-22,34.5,-112.5,720
2024-07-22,34.5,-112.0,1440
2024-07-22,34.5,-111.5,270
2024-07-22,34.5,-111.0,180
2024-07-22,34.5,-110.5,360
2024-07-22,34.5,-110.0,720
2024-07-22,34.5,-109.5,1440
2024-07-22,34.5,-109.0,900
2024-07-22,34.5,-108.5,1170
2024-07-22,34.5,-108.0,1530
2024-07-22,34.5,-107.5,1620
2024-07-22,34.5,-107.0,900
2024-07-22,34.5,-106.5,1530
2024-07-22,34.5,-106.0,2070
2024-07-22,34.5,-105.5,1710
2024-07-22,34.5,-105.0,990
2024-07-22,34.5,-104.0,450
2024-07-22,34.5,-103.5,270
2024-07-22,34.5,-103.0,180
2024-07-22,34.5,-102.0,180
2024-07-22,34.5,-101.5,360
2024-07-22,34.5,-101.0,90
2024-07-22,34.5,-96.5,450
2024-07-22,34.5,-96.0,90
2024-07-22,34.5,-95.0,180
2024-07-22,34.5,-94.5,90
2024-07-22,34.5,-94.0,360
2024-07-22,34.5,-92.0,90
2024-07-22,34.5,-91.5,360
2024-07-22,34.5,-91.0,450
2024-07-22,34.5,-90.5,180
2024-07-22,34.5,-90.0,630
2024-07-22,34.5,-89.5,90
2024-07-22,34.5,-89.0,450
2024-07-22,34.5,-88.5,180
2024-07-22,34.5,-88.0,90
2024-07-22,34.5,-87.5,360
2024-07-22,34.5,-87.0,1170
2024-07-22,34.5,-86.5,540
2024-07-22,34.5,-85.5,360
2024-07-22,34.5,-85.0,90
2024-07-22,34.5,-84.5,540
2024-07-22,34.5,-84.0,90
2024-07-22,34.5,-83.5,450
2024-07-22,34.5,-83.0,90
2024-07-22,34.5,-82.5,90
2024-07-22,34.5,-82.0,360
2024-07-22,34.5,-81.5,450
2024-07-22,34.5,-81.0,900
2024-07-22,34.5,-80.5,540
2024-07-22,34.5,-80.0,3870
2024-07-22,34.5,-79.5,3420
2024-07-22,34.5,-79.0,2970
2024-07-22,34.5,-78.5,2700
2024-07-22,34.5,-78.0,1170
2024-07-22,34.5,-77.5,1080
2024-07-22,34.5,-77.0,450
2024-07-22,34.5,-76.0,540
2024-07-22,34.5,-75.5,180
2024-07-22,34.5,-75.0,90
2024-07-22,34.5,-74.5,90
2024-07-22,34.5,-74.0,180
2024-07-22,34.5,-73.0,90
2024-07-22,34.5,-72.5,90
2024-07-22,35.0,-118.5,90
2024-07-22,35.0,-118.0,90
2024-07-22,35.0,-117.5,180
2024-07-22,35.0,-117.0,180
2024-07-22,35.0,-116.0,360
2024-07-22,35.0,-115.5,270
2024-07-22,35.0,-115.0,90
2024-07-22,35.0,-114.5,180
2024-07-22,35.0,-114.0,1080
2024-07-22,35.0,-113.5,360
2024-07-22,35.0,-113.0,1350
2024-07-22,35.0,-112.5,2340
2024-07-22,35.0,-112.0,1260
2024-07-22,35.0,-111.5,360
2024-07-22,35.0,-111.0,90
2024-07-22,35.0,-110.5,630
2024-07-22,35.0,-110.0,900
2024-07-22,35.0,-109.5,900
2024-07-22,35.0,-109.0,720
2024-07-22,35.0,-108.5,630
2024-07-22,35.0,-108.0,540
2024-07-22,35.0,-107.5,900
2024-07-22,35.0,-107.0,720
2024-07-22,35.0,-106.5,2070
2024-07-22,35.0,-106.0,1440
2024-07-22,35.0,-105.5,1980
2024-07-22,35.0,-105.0,2250
2024-07-22,35.0,-104.5,90
2024-07-22,35.0,-104.0,180
2024-07-22,35.0,-103.5,450
2024-07-22,35.0,-102.5,180
2024-07-22,35.0,-101.5,180
2024-07-22,35.0,-101.0,180
2024-07-22,35.0,-100.5,270
2024-07-22,35.0,-96.0,90
2024-07-22,35.0,-95.0,90
2024-07-22,35.0,-94.5,270
2024-07-22,35.0,-93.5,810
2024-07-22,35.0,-93.0,540
2024-07-22,35.0,-92.5,90
2024-07-22,35.0,-91.0,360
2024-07-22,35.0,-90.5,540
2024-07-22,35.0,-90.0,720
2024-07-22,35.0,-89.5,270
2024-07-22,35.0,-89.0,180
2024-07-22,35.0,-88.5,1170
2024-07-22,35.0,-88.0,450
2024-07-22,35.0,-87.5,450
2024-07-22,35.0,-86.5,180
2024-07-22,35.0,-86.0,1080
2024-07-22,35.0,-85.5,90
2024-07-22,35.0,-85.0,540
2024-07-22,35.0,-84.5,540
2024-07-22,35.0,-84.0,540
2024-07-22,35.0,-83.5,540
2024-07-22,35.0,-83.0,360
2024-07-22,35.0,-82.5,270
2024-07-22,35.0,-81.5,990
2024-07-22,35.0,-81.0,1710
2024-07-22,35.0,-80.5,360
2024-07-22,35.0,-80.0,360
2024-07-22,35.0,-79.5,2070
2024-07-22,35.0,-79.0,2700
2024-07-22,35.0,-78.5,2430
2024-07-22,35.0,-78.0,2610
2024-07-22,35.0,-77.5,450
2024-07-22,35.0,-77.0,720
2024-07-22,35.0,-75.5,90
2024-07-22,35.0,-75.0,360
2024-07-22,35.0,-74.5,540
2024-07-22,35.0,-73.5,180
2024-07-22,35.0,-73.0,90
2024-07-22,35.0,-70.5,90
2024-07-22,35.0,-68.0,90
2024-07-22,35.0,-65.5,90
2024-07-22,35.5,-118.5,90
2024-07-22,35.5,-118.0,90
2024-07-22,35.5,-117.5,180
2024-07-22,35.5,-117.0,270
2024-07-22,35.5,-116.5,270
2024-07-22,35.5,-116.0,180
2024-07-22,35.5,-115.5,90
2024-07-22,35.5,-115.0,630
2024-07-22,35.5,-114.5,1800
2024-07-22,35.5,-114.0,540
2024-07-22,35.5,-113.5,180
2024-07-22,35.5,-113.0,900
2024-07-22,35.5,-112.5,900
2024-07-22,35.5,-112.0,360
2024-07-22,35.5,-111.5,90
2024-07-22,35.5,-111.0,360
2024-07-22,35.5,-110.5,1260
2024-07-22,35.5,-110.0,450
2024-07-22,35.5,-109.5,540
2024-07-22,35.5,-109.0,900
2024-07-22,35.5,-108.5,270
2024-07-22,35.5,-108.0,90
2024-07-22,35.5,-107.5,180
2024-07-22,35.5,-107.0,1350
2024-07-22,35.5,-106.5,900
2024-07-22,35.5,-106.0,2250
2024-07-22,35.5,-105.5,2250
2024-07-22,35.5,-105.0,900
2024-07-22,35.5,-104.5,270
2024-07-22,35.5,-104.0,630
2024-07-22,35.5,-103.5,90
2024-07-22,35.5,-101.5,180
2024-07-22,35.5,-101.0,630
2024-07-22,35.5,-100.5,90
2024-07-22,35.5,-95.0,90
2024-07-22,35.5,-94.5,180
2024-07-22,35.5,-94.0,360
2024-07-22,35.5,-93.5,450
2024-07-22,35.5,-93.0,90
2024-07-22,35.5,-92.5,270
2024-07-22,35.5,-92.0,360
2024-07-22,35.5,-91.0,270
2024-07-22,35.5,-90.5,90
2024-07-22,35.5,-90.0,270
2024-07-22,35.5,-89.5,180
2024-07-22,35.5,-89.0,90
2024-07-22,35.5,-88.0,90
2024-07-22,35.5,-87.5,90
2024-07-22,35.5,-87.0,360
2024-07-22,35.5,-86.5,180
2024-07-22,35.5,-86.0,180
2024-07-22,35.5,-85.5,90
2024-07-22,35.5,-85.0,90
2024-07-22,35.5,-84.5,180
2024-07-22,35.5,-84.0,630
2024-07-22,35.5,-83.5,810
2024-07-22,35.5,-83.0,540
2024-07-22,35.5,-82.5,180
2024-07-22,35.5,-82.0,180
2024-07-22,35.5,-81.5,180
2024-07-22,35.5,-81.0,450
2024-07-22,35.5,-80.5,630
2024-07-22,35.5,-80.0,540
2024-07-22,35.5,-79.5,810
2024-07-22,35.5,-79.0,1080
2024-07-22,35.5,-78.5,1260
2024-07-22,35.5,-78.0,2610
2024-07-22,35.5,-77.5,1800
2024-07-22,35.5,-77.0,1980
2024-07-22,35.5,-76.5,630
2024-07-22,35.5,-76.0,450
2024-07-22,35.5,-75.5,180
2024-07-22,35.5,-74.5,270
2024-07-22,35.5,-74.0,180
2024-07-22,35.5,-73.5,270
2024-07-22,35.5,-73.0,180
2024-07-22,35.5,-72.5,180
2024-07-22,35.5,-72.0,90
2024-07-22,35.5,-70.0,360
2024-07-22,35.5,-67.5,90
2024-07-22,36.0,-119.0,90
2024-07-22,36.0,-118.5,180
2024-07-22,36.0,-118.0,360
2024-07-22,36.0,-117.5,450
2024-07-22,36.0,-117.0,90
2024-07-22,36.0,-116.5,270
2024-07-22,36.0,-116.0,270
2024-07-22,36.0,-115.0,90
2024-07-22,36.0,-114.5,90
2024-07-22,36.0,-114.0,720
2024-07-22,36.0,-113.5,180
2024-07-22,36.0,-113.0,90
2024-07-22,36.0,-112.5,450
2024-07-22,36.0,-112.0,720
2024-07-22,36.0,-111.5,360
2024-07-22,36.0,-111.0,1080
2024-07-22,36.0,-110.5,360
2024-07-22,36.0,-110.0,270
2024-07-22,36.0,-109.5,270
2024-07-22,36.0,-107.5,90
2024-07-22,36.0,-107.0,360
2024-07-22,36.0,-106.5,180
2024-07-22,36.0,-106.0,1530
2024-07-22,36.0,-105.5,450
2024-07-22,36.0,-105.0,450
2024-07-22,36.0,-104.5,180
2024-07-22,36.0,-101.5,270
2024-07-22,36.0,-101.0,270
2024-07-22,36.0,-100.5,90
2024-07-22,36.0,-95.0,180
2024-07-22,36.0,-92.5,270
2024-07-22,36.0,-92.0,270
2024-07-22,36.0,-91.5,90
2024-07-22,36.0,-90.5,90
2024-07-22,36.0,-90.0,450
2024-07-22,36.0,-89.5,180
2024-07-22,36.0,-88.5,450
2024-07-22,36.0,-88.0,180
2024-07-22,36.0,-87.5,270
2024-07-22,36.0,-87.0,1170
2024-07-22,36.0,-86.5,900
2024-07-22,36.0,-86.0,720
2024-07-22,36.0,-85.5,630
2024-07-22,36.0,-85.0,540
2024-07-22,36.0,-84.5,540
2024-07-22,36.0,-84.0,1080
2024-07-22,36.0,-83.5,540
2024-07-22,36.0,-83.0,540
2024-07-22,36.0,-81.5,270
2024-07-22,36.0,-81.0,630
2024-07-22,36.0,-80.5,630
2024-07-22,36.0,-80.0,810
2024-07-22,36.0,-79.5,450
2024-07-22,36.0,-79.0,1080
2024-07-22,36.0,-78.5,1170
2024-07-22,36.0,-78.0,2970
2024-07-22,36.0,-77.5,1620
2024-07-22,36.0,-77.0,360
2024-07-22,36.0,-76.5,540
2024-07-22,36.0,-76.0,900
2024-07-22,36.0,-75.5,90
2024-07-22,36.0,-75.0,90
2024-07-22,36.0,-74.0,180
2024-07-22,36.0,-73.5,630
2024-07-22,36.0,-73.0,630
2024-07-22,36.0,-72.5,270
2024-07-22,36.0,-71.5,90
2024-07-22,36.0,-70.5,90
2024-07-22,36.5,-118.5,90
2024-07-22,36.5,-118.0,180
2024-07-22,36.5,-117.0,270
2024-07-22,36.5,-116.5,180
2024-07-22,36.5,-116.0,90
2024-07-22,36.5,-115.5,90
2024-07-22,36.5,-115.0,360
2024-07-22,36.5,-114.5,1170
2024-07-22,36.5,-114.0,540
2024-07-22,36.5,-113.0,360
2024-07-22,36.5,-112.0,180
2024-07-22,36.5,-111.5,180
2024-07-22,36.5,-111.0,270
2024-07-22,36.5,-110.5,90
2024-07-22,36.5,-110.0,180
2024-07-22,36.5,-109.5,450
2024-07-22,36.5,-109.0,90
2024-07-22,36.5,-108.5,180
2024-07-22,36.5,-108.0,180
2024-07-22,36.5,-107.5,810
2024-07-22,36.5,-107.0,990
2024-07-22,36.5,-106.5,270
2024-07-22,36.5,-106.0,720
2024-07-22,36.5,-105.5,1170
2024-07-22,36.5,-105.0,360
2024-07-22,36.5,-104.5,450
2024-07-22,36.5,-104.0,90
2024-07-22,36.5,-102.0,810
2024-07-22,36.5,-101.5,1170
2024-07-22,36.5,-101.0,360
2024-07-22,36.5,-100.5,90
2024-07-22,36.5,-100.0,90
2024-07-22,36.5,-97.5,90
2024-07-22,36.5,-94.5,270
2024-07-22,36.5,-93.0,270
2024-07-22,36.5,-92.5,180
2024-07-22,36.5,-92.0,1080
2024-07-22,36.5,-91.5,810
2024-07-22,36.5,-91.0,360
2024-07-22,36.5,-90.0,360
2024-07-22,36.5,-89.5,90
2024-07-22,36.5,-89.0,180
2024-07-22,36.5,-88.5,990
2024-07-22,36.5,-88.0,720
2024-07-22,36.5,-87.5,360
2024-07-22,36.5,-87.0,1440
2024-07-22,36.5,-86.5,900
2024-07-22,36.5,-86.0,360
2024-07-22,36.5,-85.5,990
2024-07-22,36.5,-85.0,720
2024-07-22,36.5,-84.5,450
2024-07-22,36.5,-84.0,90
2024-07-22,36.5,-83.0,180
2024-07-22,36.5,-82.5,90
2024-07-22,36.5,-81.5,180
2024-07-22,36.5,-81.0,360
2024-07-22,36.5,-80.5,360
2024-07-22,36.5,-80.0,990
2024-07-22,36.5,-79.5,2430
2024-07-22,36.5,-79.0,1440
2024-07-22,36.5,-78.5,3780
2024-07-22,36.5,-78.0,990
2024-07-22,36.5,-77.5,900
2024-07-22,36.5,-77.0,1350
2024-07-22,36.5,-76.5,720
2024-07-22,36.5,-76.0,360
2024-07-22,36.5,-75.0,540
2024-07-22,36.5,-74.5,270
2024-07-22,36.5,-73.5,90
2024-07-22,36.5,-73.0,540
2024-07-22,36.5,-72.5,450
2024-07-22,36.5,-72.0,270
2024-07-22,36.5,-71.5,450
2024-07-22,36.5,-71.0,360
2024-07-22,36.5,-70.0,90
2024-07-22,36.5,-68.0,90
2024-07-22,37.0,-119.0,540
2024-07-22,37.0,-118.5,270
2024-07-22,37.0,-118.0,360
2024-07-22,37.0,-117.0,360
2024-07-22,37.0,-116.5,270
2024-07-22,37.0,-116.0,540
2024-07-22,37.0,-115.5,180
2024-07-22,37.0,-115.0,180
2024-07-22,37.0,-114.5,720
2024-07-22,37.0,-114.0,540
2024-07-22,37.0,-113.5,90
2024-07-22,37.0,-113.0,90
2024-07-22,37.0,-112.5,810
2024-07-22,37.0,-112.0,180
2024-07-22,37.0,-111.5,360
2024-07-22,37.0,-110.0,180
2024-07-22,37.0,-109.5,360
2024-07-22,37.0,-109.0,270
2024-07-22,37.0,-108.5,90
2024-07-22,37.0,-108.0,360
2024-07-22,37.0,-107.5,450
2024-07-22,37.0,-107.0,1800
2024-07-22,37.0,-106.5,450
2024-07-22,37.0,-106.0,360
2024-07-22,37.0,-105.5,540
2024-07-22,37.0,-105.0,360
2024-07-22,37.0,-104.0,810
2024-07-22,37.0,-103.0,270
2024-07-22,37.0,-102.0,180
2024-07-22,37.0,-101.5,540
2024-07-22,37.0,-101.0,630
2024-07-22,37.0,-100.5,450
2024-07-22,37.0,-100.0,180
2024-07-22,37.0,-99.5,360
2024-07-22,37.0,-97.0,360
2024-07-22,37.0,-96.5,270
2024-07-22,37.0,-95.0,180
2024-07-22,37.0,-93.5,810
2024-07-22,37.0,-93.0,270
2024-07-22,37.0,-92.5,360
2024-07-22,37.0,-92.0,900
2024-07-22,37.0,-91.5,630
2024-07-22,37.0,-91.0,900
2024-07-22,37.0,-90.5,1260
2024-07-22,37.0,-90.0,450
2024-07-22,37.0,-89.5,450
2024-07-22,37.0,-89.0,990
2024-07-22,37.0,-88.5,630
2024-07-22,37.0,-88.0,270
2024-07-22,37.0,-87.0,720
2024-07-22,37.0,-86.5,360
2024-07-22,37.0,-86.0,810
2024-07-22,37.0,-85.5,2430
2024-07-22,37.0,-85.0,810
2024-07-22,37.0,-84.5,90
2024-07-22,37.0,-84.0,360
2024-07-22,37.0,-83.5,360
2024-07-22,37.0,-83.0,90
2024-07-22,37.0,-82.5,990
2024-07-22,37.0,-82.0,90
2024-07-22,37.0,-81.5,180
2024-07-22,37.0,-81.0,270
2024-07-22,37.0,-80.5,360
2024-07-22,37.0,-80.0,90
2024-07-22,37.0,-79.5,360
2024-07-22,37.0,-79.0,810
2024-07-22,37.0,-78.5,270
2024-07-22,37.0,-78.0,540
2024-07-22,37.0,-77.5,1260
2024-07-22,37.0,-77.0,1710
2024-07-22,37.0,-76.5,2070
2024-07-22,37.0,-76.0,1080
2024-07-22,37.0,-75.5,90
2024-07-22,37.0,-75.0,90
2024-07-22,37.0,-74.5,180
2024-07-22,37.0,-73.5,90
2024-07-22,37.0,-73.0,180
2024-07-22,37.0,-72.5,540
2024-07-22,37.0,-72.0,990
2024-07-22,37.0,-71.5,270
2024-07-22,37.0,-71.0,180
2024-07-22,37.0,-70.5,90
2024-07-22,37.0,-69.5,90
2024-07-22,37.0,-68.5,180
2024-07-22,37.0,-67.5,90
2024-07-22,37.5,-119.5,1080
2024-07-22,37.5,-119.0,540
2024-07-22,37.5,-118.5,360
2024-07-22,37.5,-118.0,540
2024-07-22,37.5,-117.5,180
2024-07-22,37.5,-117.0,540
2024-07-22,37.5,-116.5,630
2024-07-22,37.5,-116.0,540
2024-07-22,37.5,-115.5,90
2024-07-22,37.5,-115.0,180
2024-07-22,37.5,-114.0,90
2024-07-22,37.5,-113.5,540
2024-07-22,37.5,-113.0,90
2024-07-22,37.5,-112.5,270
2024-07-22,37.5,-112.0,630
2024-07-22,37.5,-111.5,270
2024-07-22,37.5,-111.0,180
2024-07-22,37.5,-110.5,180
2024-07-22,37.5,-110.0,540
2024-07-22,37.5,-109.5,90
2024-07-22,37.5,-109.0,360
2024-07-22,37.5,-108.0,270
2024-07-22,37.5,-107.5,90
2024-07-22,37.5,-107.0,810
2024-07-22,37.5,-106.5,450
2024-07-22,37.5,-106.0,270
2024-07-22,37.5,-105.5,270
2024-07-22,37.5,-105.0,360
2024-07-22,37.5,-104.5,360
2024-07-22,37.5,-104.0,810
2024-07-22,37.5,-103.5,360
2024-07-22,37.5,-103.0,900
2024-07-22,37.5,-102.0,360
2024-07-22,37.5,-101.5,360
2024-07-22,37.5,-101.0,270
2024-07-22,37.5,-100.5,270
2024-07-22,37.5,-100.0,360
2024-07-22,37.5,-99.5,720
2024-07-22,37.5,-98.5,270
2024-07-22,37.5,-97.0,1440
2024-07-22,37.5,-96.5,360
2024-07-22,37.5,-95.5,90
2024-07-22,37.5,-95.0,540
2024-07-22,37.5,-94.0,450
2024-07-22,37.5,-93.5,1260
2024-07-22,37.5,-93.0,360
2024-07-22,37.5,-92.5,630
2024-07-22,37.5,-92.0,900
2024-07-22,37.5,-91.5,180
2024-07-22,37.5,-91.0,1440
2024-07-22,37.5,-90.5,270
2024-07-22,37.5,-90.0,180
2024-07-22,37.5,-89.5,90
2024-07-22,37.5,-89.0,1530
2024-07-22,37.5,-88.5,1170
2024-07-22,37.5,-88.0,990
2024-07-22,37.5,-87.5,450
2024-07-22,37.5,-87.0,1080
2024-07-22,37.5,-86.5,900
2024-07-22,37.5,-86.0,360
2024-07-22,37.5,-85.5,180
2024-07-22,37.5,-85.0,900
2024-07-22,37.5,-84.5,540
2024-07-22,37.5,-84.0,270
2024-07-22,37.5,-83.5,270
2024-07-22,37.5,-83.0,90
2024-07-22,37.5,-82.0,540
2024-07-22,37.5,-81.5,180
2024-07-22,37.5,-81.0,1800
2024-07-22,37.5,-80.5,450
2024-07-22,37.5,-80.0,270
2024-07-22,37.5,-79.5,270
2024-07-22,37.5,-79.0,180
2024-07-22,37.5,-78.5,360
2024-07-22,37.5,-78.0,450
2024-07-22,37.5,-77.5,900
2024-07-22,37.5,-77.0,450
2024-07-22,37.5,-76.5,540
2024-07-22,37.5,-76.0,1080
2024-07-22,37.5,-74.5,180
2024-07-22,37.5,-73.0,360
2024-07-22,37.5,-72.5,270
2024-07-22,37.5,-72.0,810
2024-07-22,37.5,-71.5,720
2024-07-22,37.5,-71.0,720
2024-07-22,37.5,-70.5,450
2024-07-22,37.5,-70.0,540
2024-07-22,37.5,-69.5,90
2024-07-22,37.5,-68.5,90
2024-07-22,37.5,-68.0,90
2024-07-22,37.5,-66.0,90
2024-07-22,38.0,-119.5,1080
2024-07-22,38.0,-119.0,540
2024-07-22,38.0,-118.5,360
2024-07-22,38.0,-118.0,180
2024-07-22,38.0,-117.5,630
2024-07-22,38.0,-117.0,360
2024-07-22,38.0,-116.5,540
2024-07-22,38.0,-116.0,180
2024-07-22,38.0,-115.5,180
2024-07-22,38.0,-115.0,180
2024-07-22,38.0,-114.5,90
2024-07-22,38.0,-114.0,180
2024-07-22,38.0,-113.5,180
2024-07-22,38.0,-113.0,180
2024-07-22,38.0,-112.5,450
2024-07-22,38.0,-112.0,630
2024-07-22,38.0,-111.5,270
2024-07-22,38.0,-111.0,90
2024-07-22,38.0,-110.5,90
2024-07-22,38.0,-110.0,450
2024-07-22,38.0,-109.5,360
2024-07-22,38.0,-109.0,360
2024-07-22,38.0,-107.0,360
2024-07-22,38.0,-106.5,180
2024-07-22,38.0,-106.0,270
2024-07-22,38.0,-105.5,270
2024-07-22,38.0,-105.0,450
2024-07-22,38.0,-104.5,540
2024-07-22,38.0,-104.0,90
2024-07-22,38.0,-103.5,90
2024-07-22,38.0,-103.0,90
2024-07-22,38.0,-101.5,270
2024-07-22,38.0,-101.0,180
2024-07-22,38.0,-100.5,270
2024-07-22,38.0,-100.0,1170
2024-07-22,38.0,-99.5,180
2024-07-22,38.0,-99.0,180
2024-07-22,38.0,-98.5,90
2024-07-22,38.0,-98.0,540
2024-07-22,38.0,-97.5,540
2024-07-22,38.0,-97.0,720
2024-07-22,38.0,-96.5,180
2024-07-22,38.0,-96.0,1170
2024-07-22,38.0,-95.5,360
2024-07-22,38.0,-95.0,540
2024-07-22,38.0,-94.5,270
2024-07-22,38.0,-94.0,180
2024-07-22,38.0,-93.5,180
2024-07-22,38.0,-93.0,90
2024-07-22,38.0,-92.5,360
2024-07-22,38.0,-92.0,450
2024-07-22,38.0,-91.5,630
2024-07-22,38.0,-90.5,450
2024-07-22,38.0,-89.5,270
2024-07-22,38.0,-89.0,2250
2024-07-22,38.0,-88.5,1980
2024-07-22,38.0,-88.0,540
2024-07-22,38.0,-87.5,180
2024-07-22,38.0,-87.0,180
2024-07-22,38.0,-86.5,270
2024-07-22,38.0,-86.0,630
2024-07-22,38.0,-85.5,900
2024-07-22,38.0,-85.0,270
2024-07-22,38.0,-84.5,180
2024-07-22,38.0,-82.0,90
2024-07-22,38.0,-81.5,540
2024-07-22,38.0,-81.0,270
2024-07-22,38.0,-80.0,180
2024-07-22,38.0,-79.5,270
2024-07-22,38.0,-79.0,90
2024-07-22,38.0,-78.5,540
2024-07-22,38.0,-78.0,360
2024-07-22,38.0,-77.5,90
2024-07-22,38.0,-77.0,450
2024-07-22,38.0,-75.5,90
2024-07-22,38.0,-74.5,180
2024-07-22,38.0,-73.5,90
2024-07-22,38.0,-72.5,180
2024-07-22,38.0,-71.5,720
2024-07-22,38.0,-71.0,1530
2024-07-22,38.0,-70.5,1350
2024-07-22,38.0,-70.0,630
2024-07-22,38.0,-69.5,360
2024-07-22,38.0,-68.5,90
2024-07-22,38.0,-67.0,180
2024-07-22,38.5,-120.0,90
2024-07-22,38.5,-119.5,1350
2024-07-22,38.5,-119.0,270
2024-07-22,38.5,-118.5,360
2024-07-22,38.5,-118.0,270
2024-07-22,38.5,-117.5,810
2024-07-22,38.5,-117.0,270
2024-07-22,38.5,-116.5,270
2024-07-22,38.5,-116.0,720
2024-07-22,38.5,-115.5,540
2024-07-22,38.5,-114.5,90
2024-07-22,38.5,-114.0,450
2024-07-22,38.5,-113.5,180
2024-07-22,38.5,-113.0,360
2024-07-22,38.5,-112.5,90
2024-07-22,38.5,-111.0,90
2024-07-22,38.5,-110.5,90
2024-07-22,38.5,-110.0,90
2024-07-22,38.5,-109.5,180
2024-07-22,38.5,-109.0,270
2024-07-22,38.5,-108.5,360
2024-07-22,38.5,-107.5,90
2024-07-22,38.5,-107.0,450
2024-07-22,38.5,-106.5,630
2024-07-22,38.5,-106.0,720
2024-07-22,38.5,-105.5,720
2024-07-22,38.5,-105.0,270
2024-07-22,38.5,-104.5,270
2024-07-22,38.5,-104.0,630
2024-07-22,38.5,-100.5,270
2024-07-22,38.5,-99.5,270
2024-07-22,38.5,-99.0,270
2024-07-22,38.5,-98.5,1710
2024-07-22,38.5,-98.0,1800
2024-07-22,38.5,-97.5,450
2024-07-22,38.5,-97.0,90
2024-07-22,38.5,-95.5,1710
2024-07-22,38.5,-95.0,1350
2024-07-22,38.5,-94.5,180
2024-07-22,38.5,-93.0,90
2024-07-22,38.5,-92.5,540
2024-07-22,38.5,-92.0,1530
2024-07-22,38.5,-91.5,720
2024-07-22,38.5,-90.5,630
2024-07-22,38.5,-90.0,810
2024-07-22,38.5,-89.5,90
2024-07-22,38.5,-89.0,1080
2024-07-22,38.5,-88.5,270
2024-07-22,38.5,-88.0,90
2024-07-22,38.5,-87.0,270
2024-07-22,38.5,-86.0,270
2024-07-22,38.5,-85.5,450
2024-07-22,38.5,-85.0,450
2024-07-22,38.5,-84.5,900
2024-07-22,38.5,-81.5,90
2024-07-22,38.5,-81.0,90
2024-07-22,38.5,-80.5,180
2024-07-22,38.5,-80.0,90
2024-07-22,38.5,-79.0,90
2024-07-22,38.5,-78.5,180
2024-07-22,38.5,-78.0,270
2024-07-22,38.5,-77.5,630
2024-07-22,38.5,-74.0,90
2024-07-22,38.5,-73.0,180
2024-07-22,38.5,-72.5,90
2024-07-22,38.5,-72.0,180
2024-07-22,38.5,-71.5,180
2024-07-22,38.5,-71.0,810
2024-07-22,38.5,-70.5,630
2024-07-22,38.5,-70.0,1080
2024-07-22,38.5,-69.5,1080
2024-07-22,38.5,-69.0,630
2024-07-22,38.5,-68.5,450
2024-07-22,38.5,-68.0,540
2024-07-22,38.5,-65.5,90
2024-07-22,39.0,-119.5,720
2024-07-22,39.0,-119.0,270
2024-07-22,39.0,-118.5,90
2024-07-22,39.0,-118.0,540
2024-07-22,39.0,-117.5,270
2024-07-22,39.0,-117.0,180
2024-07-22,39.0,-116.5,540
2024-07-22,39.0,-116.0,720
2024-07-22,39.0,-115.5,270
2024-07-22,39.0,-115.0,450
2024-07-22,39.0,-114.5,720
2024-07-22,39.0,-114.0,180
2024-07-22,39.0,-113.5,540
2024-07-22,39.0,-113.0,450
2024-07-22,39.0,-112.5,270
2024-07-22,39.0,-112.0,180
2024-07-22,39.0,-111.5,90
2024-07-22,39.0,-110.5,180
2024-07-22,39.0,-110.0,90
2024-07-22,39.0,-109.5,180
2024-07-22,39.0,-109.0,270
2024-07-22,39.0,-108.0,180
2024-07-22,39.0,-107.5,630
2024-07-22,39.0,-107.0,270
2024-07-22,39.0,-106.5,180
2024-07-22,39.0,-106.0,450
2024-07-22,39.0,-105.5,540
2024-07-22,39.0,-105.0,360
2024-07-22,39.0,-104.5,270
2024-07-22,39.0,-104.0,270
2024-07-22,39.0,-103.5,270
2024-07-22,39.0,-102.0,90
2024-07-22,39.0,-101.5,270
2024-07-22,39.0,-100.0,180
2024-07-22,39.0,-99.5,990
2024-07-22,39.0,-99.0,270
2024-07-22,39.0,-98.5,360
2024-07-22,39.0,-98.0,720
2024-07-22,39.0,-97.5,180
2024-07-22,39.0,-97.0,90
2024-07-22,39.0,-96.0,360
2024-07-22,39.0,-95.5,90
2024-07-22,39.0,-95.0,540
2024-07-22,39.0,-92.5,270
2024-07-22,39.0,-92.0,1170
2024-07-22,39.0,-91.5,540
2024-07-22,39.0,-91.0,450
2024-07-22,39.0,-89.5,90
2024-07-22,39.0,-89.0,90
2024-07-22,39.0,-87.5,360
2024-07-22,39.0,-87.0,540
2024-07-22,39.0,-86.5,90
2024-07-22,39.0,-86.0,270
2024-07-22,39.0,-85.0,810
2024-07-22,39.0,-83.5,630
2024-07-22,39.0,-83.0,270
2024-07-22,39.0,-82.5,180
2024-07-22,39.0,-82.0,450
2024-07-22,39.0,-81.5,540
2024-07-22,39.0,-81.0,270
2024-07-22,39.0,-80.0,90
2024-07-22,39.0,-79.5,180
2024-07-22,39.0,-77.0,90
2024-07-22,39.0,-76.5,180
2024-07-22,39.0,-76.0,90
2024-07-22,39.0,-72.5,180
2024-07-22,39.0,-72.0,270
2024-07-22,39.0,-71.5,180
2024-07-22,39.0,-70.0,90
2024-07-22,39.0,-69.0,180
2024-07-22,39.0,-67.5,180
2024-07-22,39.0,-67.0,180
2024-07-22,39.0,-66.5,90
2024-07-22,39.5,-120.5,90
2024-07-22,39.5,-120.0,540
2024-07-22,39.5,-119.5,900
2024-07-22,39.5,-119.0,1170
2024-07-22,39.5,-118.5,90
2024-07-22,39.5,-118.0,450
2024-07-22,39.5,-117.5,180
2024-07-22,39.5,-117.0,810
2024-07-22,39.5,-116.5,360
2024-07-22,39.5,-116.0,810
2024-07-22,39.5,-115.5,90
2024-07-22,39.5,-115.0,180
2024-07-22,39.5,-114.5,90
2024-07-22,39.5,-114.0,630
2024-07-22,39.5,-113.5,360
2024-07-22,39.5,-113.0,270
2024-07-22,39.5,-112.5,360
2024-07-22,39.5,-112.0,360
2024-07-22,39.5,-111.5,270
2024-07-22,39.5,-111.0,90
2024-07-22,39.5,-109.5,180
2024-07-22,39.5,-109.0,360
2024-07-22,39.5,-108.5,1350
2024-07-22,39.5,-108.0,360
2024-07-22,39.5,-107.5,270
2024-07-22,39.5,-107.0,630
2024-07-22,39.5,-106.5,90
2024-07-22,39.5,-106.0,720
2024-07-22,39.5,-105.5,630
2024-07-22,39.5,-105.0,90
2024-07-22,39.5,-104.5,270
2024-07-22,39.5,-104.0,270
2024-07-22,39.5,-103.5,360
2024-07-22,39.5,-103.0,270
2024-07-22,39.5,-102.5,90
2024-07-22,39.5,-102.0,180
2024-07-22,39.5,-101.5,630
2024-07-22,39.5,-100.5,180
2024-07-22,39.5,-100.0,180
2024-07-22,39.5,-99.5,450
2024-07-22,39.5,-99.0,360
2024-07-22,39.5,-98.0,360
2024-07-22,39.5,-97.5,450
2024-07-22,39.5,-93.5,90
2024-07-22,39.5,-92.0,900
2024-07-22,39.5,-91.5,360
2024-07-22,39.5,-91.0,1440
2024-07-22,39.5,-90.5,630
2024-07-22,39.5,-90.0,630
2024-07-22,39.5,-89.5,2160
2024-07-22,39.5,-89.0,90
2024-07-22,39.5,-88.0,270
2024-07-22,39.5,-87.5,900
2024-07-22,39.5,-87.0,630
2024-07-22,39.5,-86.5,450
2024-07-22,39.5,-86.0,90
2024-07-22,39.5,-85.5,90
2024-07-22,39.5,-85.0,90
2024-07-22,39.5,-83.5,90
2024-07-22,39.5,-83.0,630
2024-07-22,39.5,-82.5,450
2024-07-22,39.5,-82.0,540
2024-07-22,39.5,-81.5,900
2024-07-22,39.5,-81.0,450
2024-07-22,39.5,-80.5,180
2024-07-22,39.5,-78.0,90
2024-07-22,39.5,-77.5,270
2024-07-22,39.5,-77.0,180
2024-07-22,39.5,-76.0,270
2024-07-22,39.5,-69.0,180
2024-07-22,39.5,-68.5,90
2024-07-22,39.5,-66.5,270
2024-07-22,39.5,-66.0,270
2024-07-22,40.0,-120.5,90
2024-07-22,40.0,-120.0,360
2024-07-22,40.0,-119.5,270
2024-07-22,40.0,-119.0,360
2024-07-22,40.0,-118.5,360
2024-07-22,40.0,-118.0,360
2024-07-22,40.0,-117.5,720
2024-07-22,40.0,-117.0,270
2024-07-22,40.0,-116.5,450
2024-07-22,40.0,-116.0,810
2024-07-22,40.0,-115.5,450
2024-07-22,40.0,-115.0,630
2024-07-22,40.0,-114.5,360
2024-07-22,40.0,-114.0,540
2024-07-22,40.0,-113.5,90
2024-07-22,40.0,-112.5,90
2024-07-22,40.0,-110.0,90
2024-07-22,40.0,-109.5,90
2024-07-22,40.0,-108.5,540
2024-07-22,40.0,-108.0,360
2024-07-22,40.0,-107.5,1080
2024-07-22,40.0,-107.0,270
2024-07-22,40.0,-106.5,180
2024-07-22,40.0,-106.0,270
2024-07-22,40.0,-105.5,450
2024-07-22,40.0,-105.0,180
2024-07-22,40.0,-104.5,270
2024-07-22,40.0,-104.0,180
2024-07-22,40.0,-103.5,2340
2024-07-22,40.0,-103.0,360
2024-07-22,40.0,-102.5,540
2024-07-22,40.0,-102.0,1080
2024-07-22,40.0,-101.5,630
2024-07-22,40.0,-101.0,540
2024-07-22,40.0,-100.5,630
2024-07-22,40.0,-100.0,1170
2024-07-22,40.0,-99.5,270
2024-07-22,40.0,-99.0,360
2024-07-22,40.0,-98.5,270
2024-07-22,40.0,-98.0,180
2024-07-22,40.0,-97.5,180
2024-07-22,40.0,-97.0,90
2024-07-22,40.0,-94.0,900
2024-07-22,40.0,-93.5,180
2024-07-22,40.0,-92.5,180
2024-07-22,40.0,-92.0,810
2024-07-22,40.0,-91.5,2610
2024-07-22,40.0,-91.0,540
2024-07-22,40.0,-90.5,810
2024-07-22,40.0,-90.0,630
2024-07-22,40.0,-89.5,270
2024-07-22,40.0,-89.0,90
2024-07-22,40.0,-88.5,90
2024-07-22,40.0,-87.5,90
2024-07-22,40.0,-87.0,90
2024-07-22,40.0,-84.5,90
2024-07-22,40.0,-84.0,90
2024-07-22,40.0,-83.0,900
2024-07-22,40.0,-82.5,630
2024-07-22,40.0,-82.0,1710
2024-07-22,40.0,-81.5,450
2024-07-22,40.0,-81.0,360
2024-07-22,40.0,-80.5,180
2024-07-22,40.0,-78.5,180
2024-07-22,40.0,-78.0,180
2024-07-22,40.0,-76.0,810
2024-07-22,40.0,-69.5,90
2024-07-22,40.0,-67.0,90
2024-07-22,40.0,-66.0,90
2024-07-22,40.5,-121.0,90
2024-07-22,40.5,-119.5,990
2024-07-22,40.5,-119.0,180
2024-07-22,40.5,-118.5,360
2024-07-22,40.5,-118.0,360
2024-07-22,40.5,-117.5,450
2024-07-22,40.5,-117.0,360
2024-07-22,40.5,-116.5,90
2024-07-22,40.5,-116.0,270
2024-07-22,40.5,-115.5,270
2024-07-22,40.5,-114.5,720
2024-07-22,40.5,-114.0,270
2024-07-22,40.5,-113.5,270
2024-07-22,40.5,-112.5,360
2024-07-22,40.5,-112.0,90
2024-07-22,40.5,-111.5,90
2024-07-22,40.5,-110.0,810
2024-07-22,40.5,-109.5,180
2024-07-22,40.5,-109.0,450
2024-07-22,40.5,-108.0,90
2024-07-22,40.5,-107.5,810
2024-07-22,40.5,-107.0,270
2024-07-22,40.5,-106.5,540
2024-07-22,40.5,-105.5,900
2024-07-22,40.5,-105.0,630
2024-07-22,40.5,-104.5,270
2024-07-22,40.5,-104.0,450
2024-07-22,40.5,-103.5,2610
2024-07-22,40.5,-103.0,2610
2024-07-22,40.5,-102.5,4230
2024-07-22,40.5,-102.0,900
2024-07-22,40.5,-101.5,720
2024-07-22,40.5,-101.0,540
2024-07-22,40.5,-100.5,180
2024-07-22,40.5,-100.0,270
2024-07-22,40.5,-99.0,90
2024-07-22,40.5,-98.0,180
2024-07-22,40.5,-95.0,90
2024-07-22,40.5,-94.0,180
2024-07-22,40.5,-93.0,90
2024-07-22,40.5,-92.5,1890
2024-07-22,40.5,-92.0,1440
2024-07-22,40.5,-91.5,630
2024-07-22,40.5,-91.0,720
2024-07-22,40.5,-90.5,630
2024-07-22,40.5,-90.0,450
2024-07-22,40.5,-89.5,180
2024-07-22,40.5,-88.0,180
2024-07-22,40.5,-82.5,360
2024-07-22,40.5,-82.0,180
2024-07-22,40.5,-81.5,810
2024-07-22,40.5,-81.0,270
2024-07-22,40.5,-80.5,180
2024-07-22,40.5,-79.0,450
2024-07-22,40.5,-78.5,630
2024-07-22,40.5,-78.0,360
2024-07-22,40.5,-77.5,450
2024-07-22,40.5,-77.0,360
2024-07-22,40.5,-76.0,360
2024-07-22,40.5,-75.5,90
2024-07-22,40.5,-65.5,360
2024-07-22,41.0,-120.5,360
2024-07-22,41.0,-120.0,450
2024-07-22,41.0,-119.5,900
2024-07-22,41.0,-119.0,720
2024-07-22,41.0,-118.0,90
2024-07-22,41.0,-116.5,90
2024-07-22,41.0,-116.0,450
2024-07-22,41.0,-115.5,450
2024-07-22,41.0,-115.0,360
2024-07-22,41.0,-114.5,270
2024-07-22,41.0,-114.0,630
2024-07-22,41.0,-113.5,450
2024-07-22,41.0,-113.0,810
2024-07-22,41.0,-112.5,360
2024-07-22,41.0,-112.0,1260
2024-07-22,41.0,-111.5,90
2024-07-22,41.0,-111.0,180
2024-07-22,41.0,-110.5,270
2024-07-22,41.0,-109.0,90
2024-07-22,41.0,-108.5,270
2024-07-22,41.0,-108.0,180
2024-07-22,41.0,-107.5,360
2024-07-22,41.0,-107.0,270
2024-07-22,41.0,-106.5,270
2024-07-22,41.0,-106.0,450
2024-07-22,41.0,-105.5,810
2024-07-22,41.0,-105.0,540
2024-07-22,41.0,-104.5,630
2024-07-22,41.0,-104.0,1080
2024-07-22,41.0,-103.5,1440
2024-07-22,41.0,-103.0,1350
2024-07-22,41.0,-102.5,180
2024-07-22,41.0,-102.0,1350
2024-07-22,41.0,-101.5,1890
2024-07-22,41.0,-101.0,1350
2024-07-22,41.0,-100.5,180
2024-07-22,41.0,-99.5,630
2024-07-22,41.0,-99.0,270
2024-07-22,41.0,-98.0,450
2024-07-22,41.0,-94.0,450
2024-07-22,41.0,-93.5,90
2024-07-22,41.0,-93.0,1260
2024-07-22,41.0,-92.5,270
2024-07-22,41.0,-92.0,450
2024-07-22,41.0,-91.5,270
2024-07-22,41.0,-90.5,360
2024-07-22,41.0,-90.0,90
2024-07-22,41.0,-89.5,270
2024-07-22,41.0,-89.0,270
2024-07-22,41.0,-83.0,90
2024-07-22,41.0,-82.5,90
2024-07-22,41.0,-82.0,270
2024-07-22,41.0,-81.5,180
2024-07-22,41.0,-81.0,270
2024-07-22,41.0,-80.5,540
2024-07-22,41.0,-80.0,450
2024-07-22,41.0,-79.5,90
2024-07-22,41.0,-79.0,270
2024-07-22,41.0,-78.5,360
2024-07-22,41.0,-78.0,1080
2024-07-22,41.0,-77.5,720
2024-07-22,41.0,-76.0,90
2024-07-22,41.0,-75.0,180
2024-07-22,41.0,-74.5,90
2024-07-22,41.0,-74.0,90
2024-07-22,41.0,-73.0,90
2024-07-22,41.5,-120.0,90
2024-07-22,41.5,-119.5,360
2024-07-22,41.5,-119.0,360
2024-07-22,41.5,-118.5,450
2024-07-22,41.5,-118.0,180
2024-07-22,41.5,-117.0,90
2024-07-22,41.5,-116.5,180
2024-07-22,41.5,-115.0,90
2024-07-22,41.5,-114.5,810
2024-07-22,41.5,-114.0,180
2024-07-22,41.5,-113.5,900
2024-07-22,41.5,-113.0,360
2024-07-22,41.5,-112.5,1080
2024-07-22,41.5,-112.0,180
2024-07-22,41.5,-111.5,540
2024-07-22,41.5,-111.0,900
2024-07-22,41.5,-110.5,90
2024-07-22,41.5,-110.0,180
2024-07-22,41.5,-109.5,270
2024-07-22,41.5,-109.0,180
2024-07-22,41.5,-108.5,90
2024-07-22,41.5,-108.0,180
2024-07-22,41.5,-107.0,360
2024-07-22,41.5,-106.5,360
2024-07-22,41.5,-106.0,90
2024-07-22,41.5,-105.5,270
2024-07-22,41.5,-105.0,720
2024-07-22,41.5,-104.5,180
2024-07-22,41.5,-104.0,360
2024-07-22,41.5,-103.5,720
2024-07-22,41.5,-103.0,720
2024-07-22,41.5,-102.5,1710
2024-07-22,41.5,-102.0,1530
2024-07-22,41.5,-101.5,810
2024-07-22,41.5,-101.0,720
2024-07-22,41.5,-100.5,180
2024-07-22,41.5,-99.5,630
2024-07-22,41.5,-99.0,540
2024-07-22,41.5,-95.5,270
2024-07-22,41.5,-94.5,450
2024-07-22,41.5,-94.0,540
2024-07-22,41.5,-93.5,810
2024-07-22,41.5,-92.5,90
2024-07-22,41.5,-92.0,360
2024-07-22,41.5,-91.5,900
2024-07-22,41.5,-91.0,1440
2024-07-22,41.5,-90.5,2700
2024-07-22,41.5,-90.0,360
2024-07-22,41.5,-89.5,270
2024-07-22,41.5,-89.0,450
2024-07-22,41.5,-88.5,360
2024-07-22,41.5,-88.0,1890
2024-07-22,41.5,-87.5,90
2024-07-22,41.5,-86.0,90
2024-07-22,41.5,-85.5,90
2024-07-22,41.5,-82.5,90
2024-07-22,41.5,-81.5,180
2024-07-22,41.5,-81.0,630
2024-07-22,41.5,-80.5,450
2024-07-22,41.5,-80.0,270
2024-07-22,41.5,-79.5,270
2024-07-22,41.5,-78.5,90
2024-07-22,41.5,-78.0,180
2024-07-22,41.5,-77.5,180
2024-07-22,41.5,-77.0,720
2024-07-22,41.5,-76.5,810
2024-07-22,41.5,-76.0,810
2024-07-22,41.5,-75.5,90
2024-07-22,41.5,-74.5,90
2024-07-22,41.5,-71.5,90
2024-07-22,42.0,-119.5,90
2024-07-22,42.0,-119.0,180
2024-07-22,42.0,-118.5,180
2024-07-22,42.0,-118.0,180
2024-07-22,42.0,-117.5,180
2024-07-22,42.0,-117.0,270
2024-07-22,42.0,-116.5,270
2024-07-22,42.0,-116.0,540
2024-07-22,42.0,-115.5,450
2024-07-22,42.0,-115.0,360
2024-07-22,42.0,-114.5,630
2024-07-22,42.0,-114.0,1170
2024-07-22,42.0,-113.5,990
2024-07-22,42.0,-113.0,1260
2024-07-22,42.0,-112.5,990
2024-07-22,42.0,-112.0,270
2024-07-22,42.0,-111.5,720
2024-07-22,42.0,-111.0,90
2024-07-22,42.0,-110.0,90
2024-07-22,42.0,-108.5,90
2024-07-22,42.0,-108.0,180
2024-07-22,42.0,-107.5,90
2024-07-22,42.0,-107.0,180
2024-07-22,42.0,-106.5,360
2024-07-22,42.0,-106.0,630
2024-07-22,42.0,-105.5,180
2024-07-22,42.0,-105.0,360
2024-07-22,42.0,-104.5,540
2024-07-22,42.0,-103.5,270
2024-07-22,42.0,-103.0,180
2024-07-22,42.0,-102.5,720
2024-07-22,42.0,-102.0,450
2024-07-22,42.0,-101.5,1080
2024-07-22,42.0,-101.0,180
2024-07-22,42.0,-99.5,360
2024-07-22,42.0,-97.0,270
2024-07-22,42.0,-96.5,630
2024-07-22,42.0,-96.0,810
2024-07-22,42.0,-95.5,1800
2024-07-22,42.0,-95.0,270
2024-07-22,42.0,-94.5,810
2024-07-22,42.0,-94.0,2160
2024-07-22,42.0,-93.5,900
2024-07-22,42.0,-93.0,720
2024-07-22,42.0,-92.5,450
2024-07-22,42.0,-92.0,2160
2024-07-22,42.0,-91.5,810
2024-07-22,42.0,-91.0,1440
2024-07-22,42.0,-90.5,540
2024-07-22,42.0,-90.0,360
2024-07-22,42.0,-89.5,180
2024-07-22,42.0,-89.0,1980
2024-07-22,42.0,-88.5,720
2024-07-22,42.0,-88.0,990
2024-07-22,42.0,-87.5,900
2024-07-22,42.0,-86.0,630
2024-07-22,42.0,-85.5,90
2024-07-22,42.0,-85.0,90
2024-07-22,42.0,-84.5,90
2024-07-22,42.0,-84.0,90
2024-07-22,42.0,-83.5,270
2024-07-22,42.0,-83.0,270
2024-07-22,42.0,-82.5,540
2024-07-22,42.0,-82.0,360
2024-07-22,42.0,-81.5,90
2024-07-22,42.0,-80.0,90
2024-07-22,42.0,-79.5,270
2024-07-22,42.0,-79.0,360
2024-07-22,42.0,-78.0,180
2024-07-22,42.0,-77.5,360
2024-07-22,42.0,-77.0,720
2024-07-22,42.0,-76.5,2970
2024-07-22,42.0,-76.0,1710
2024-07-22,42.0,-75.5,1440
2024-07-22,42.0,-75.0,180
2024-07-22,42.0,-71.5,90
2024-07-22,42.5,-120.5,180
2024-07-22,42.5,-120.0,90
2024-07-22,42.5,-119.5,90
2024-07-22,42.5,-119.0,630
2024-07-22,42.5,-118.5,180
2024-07-22,42.5,-118.0,90
2024-07-22,42.5,-117.0,270
2024-07-22,42.5,-116.5,180
2024-07-22,42.5,-116.0,90
2024-07-22,42.5,-115.5,90
2024-07-22,42.5,-115.0,360
2024-07-22,42.5,-114.5,270
2024-07-22,42.5,-114.0,180
2024-07-22,42.5,-113.5,450
2024-07-22,42.5,-113.0,90
2024-07-22,42.5,-112.5,540
2024-07-22,42.5,-112.0,180
2024-07-22,42.5,-111.5,630
2024-07-22,42.5,-111.0,180
2024-07-22,42.5,-110.5,90
2024-07-22,42.5,-110.0,720
2024-07-22,42.5,-109.5,360
2024-07-22,42.5,-108.5,90
2024-07-22,42.5,-108.0,270
2024-07-22,42.5,-107.5,90
2024-07-22,42.5,-107.0,90
2024-07-22,42.5,-106.0,180
2024-07-22,42.5,-105.5,90
2024-07-22,42.5,-105.0,630
2024-07-22,42.5,-104.5,90
2024-07-22,42.5,-104.0,450
2024-07-22,42.5,-103.5,450
2024-07-22,42.5,-103.0,450
2024-07-22,42.5,-102.5,1710
2024-07-22,42.5,-102.0,720
2024-07-22,42.5,-101.5,450
2024-07-22,42.5,-101.0,90
2024-07-22,42.5,-98.0,180
2024-07-22,42.5,-96.5,450
2024-07-22,42.5,-96.0,270
2024-07-22,42.5,-95.5,540
2024-07-22,42.5,-95.0,720
2024-07-22,42.5,-94.5,900
2024-07-22,42.5,-94.0,2340
2024-07-22,42.5,-93.5,1350
2024-07-22,42.5,-93.0,1170
2024-07-22,42.5,-92.0,180
2024-07-22,42.5,-91.5,90
2024-07-22,42.5,-89.0,720
2024-07-22,42.5,-88.5,90
2024-07-22,42.5,-88.0,90
2024-07-22,42.5,-87.5,90
2024-07-22,42.5,-86.5,180
2024-07-22,42.5,-86.0,180
2024-07-22,42.5,-85.5,90
2024-07-22,42.5,-85.0,270
2024-07-22,42.5,-84.5,270
2024-07-22,42.5,-84.0,1350
2024-07-22,42.5,-83.5,540
2024-07-22,42.5,-83.0,450
2024-07-22,42.5,-82.0,90
2024-07-22,42.5,-80.5,90
2024-07-22,42.5,-80.0,90
2024-07-22,42.5,-79.0,90
2024-07-22,42.5,-78.5,810
2024-07-22,42.5,-78.0,360
2024-07-22,42.5,-76.5,630
2024-07-22,42.5,-76.0,180
2024-07-22,42.5,-75.5,180
2024-07-22,42.5,-75.0,90
2024-07-22,42.5,-74.5,90
2024-07-22,42.5,-74.0,90
2024-07-22,42.5,-73.5,90
2024-07-22,43.0,-121.0,90
2024-07-22,43.0,-120.0,270
2024-07-22,43.0,-119.5,90
2024-07-22,43.0,-119.0,720
2024-07-22,43.0,-118.5,450
2024-07-22,43.0,-118.0,990
2024-07-22,43.0,-117.5,90
2024-07-22,43.0,-117.0,180
2024-07-22,43.0,-116.5,90
2024-07-22,43.0,-116.0,180
2024-07-22,43.0,-115.0,90
2024-07-22,43.0,-113.5,90
2024-07-22,43.0,-113.0,180
2024-07-22,43.0,-112.5,180
2024-07-22,43.0,-111.5,180
2024-07-22,43.0,-111.0,360
2024-07-22,43.0,-110.5,90
2024-07-22,43.0,-110.0,540
2024-07-22,43.0,-109.0,270
2024-07-22,43.0,-108.5,90
2024-07-22,43.0,-107.5,90
2024-07-22,43.0,-107.0,90
2024-07-22,43.0,-106.5,90
2024-07-22,43.0,-104.0,360
2024-07-22,43.0,-103.5,270
2024-07-22,43.0,-103.0,720
2024-07-22,43.0,-102.5,270
2024-07-22,43.0,-102.0,180
2024-07-22,43.0,-101.5,450
2024-07-22,43.0,-101.0,1080
2024-07-22,43.0,-98.0,270
2024-07-22,43.0,-97.5,90
2024-07-22,43.0,-96.5,90
2024-07-22,43.0,-95.5,540
2024-07-22,43.0,-95.0,630
2024-07-22,43.0,-94.5,180
2024-07-22,43.0,-94.0,450
2024-07-22,43.0,-93.5,270
2024-07-22,43.0,-93.0,90
2024-07-22,43.0,-91.5,360
2024-07-22,43.0,-91.0,540
2024-07-22,43.0,-90.5,810
2024-07-22,43.0,-90.0,810
2024-07-22,43.0,-89.5,180
2024-07-22,43.0,-86.5,90
2024-07-22,43.0,-85.5,540
2024-07-22,43.0,-85.0,360
2024-07-22,43.0,-84.5,360
2024-07-22,43.0,-84.0,270
2024-07-22,43.0,-83.5,180
2024-07-22,43.0,-83.0,450
2024-07-22,43.0,-82.5,90
2024-07-22,43.0,-82.0,90
2024-07-22,43.0,-80.5,540
2024-07-22,43.0,-80.0,540
2024-07-22,43.0,-79.5,270
2024-07-22,43.0,-78.5,90
2024-07-22,43.0,-78.0,90
2024-07-22,43.0,-76.5,270
2024-07-22,43.0,-76.0,360
2024-07-22,43.0,-75.5,1080
2024-07-22,43.0,-75.0,1080
2024-07-22,43.0,-74.5,270
2024-07-22,43.0,-74.0,450
2024-07-22,43.0,-73.5,360
2024-07-22,43.0,-73.0,180
2024-07-22,43.0,-71.0,90
2024-07-22,43.0,-70.5,90
2024-07-22,43.5,-121.5,90
2024-07-22,43.5,-120.0,180
2024-07-22,43.5,-119.5,90
2024-07-22,43.5,-119.0,90
2024-07-22,43.5,-118.5,450
2024-07-22,43.5,-118.0,450
2024-07-22,43.5,-117.5,180
2024-07-22,43.5,-117.0,360
2024-07-22,43.5,-116.5,180
2024-07-22,43.5,-116.0,90
2024-07-22,43.5,-115.0,90
2024-07-22,43.5,-114.0,450
2024-07-22,43.5,-113.5,360
2024-07-22,43.5,-113.0,720
2024-07-22,43.5,-112.5,90
2024-07-22,43.5,-111.5,90
2024-07-22,43.5,-111.0,270
2024-07-22,43.5,-110.5,90
2024-07-22,43.5,-110.0,90
2024-07-22,43.5,-109.5,270
2024-07-22,43.5,-109.0,450
2024-07-22,43.5,-108.5,270
2024-07-22,43.5,-108.0,360
2024-07-22,43.5,-107.5,270
2024-07-22,43.5,-107.0,90
2024-07-22,43.5,-106.5,90
2024-07-22,43.5,-104.0,270
2024-07-22,43.5,-103.5,810
2024-07-22,43.5,-102.5,270
2024-07-22,43.5,-101.5,90
2024-07-22,43.5,-101.0,990
2024-07-22,43.5,-100.5,540
2024-07-22,43.5,-98.0,90
2024-07-22,43.5,-97.5,270
2024-07-22,43.5,-96.0,1620
2024-07-22,43.5,-95.5,810
2024-07-22,43.5,-95.0,90
2024-07-22,43.5,-94.5,180
2024-07-22,43.5,-94.0,90
2024-07-22,43.5,-92.0,1170
2024-07-22,43.5,-91.5,450
2024-07-22,43.5,-91.0,270
2024-07-22,43.5,-90.5,90
2024-07-22,43.5,-90.0,90
2024-07-22,43.5,-87.0,90
2024-07-22,43.5,-86.0,180
2024-07-22,43.5,-85.0,90
2024-07-22,43.5,-84.5,90
2024-07-22,43.5,-84.0,270
2024-07-22,43.5,-83.5,90
2024-07-22,43.5,-83.0,450
2024-07-22,43.5,-81.0,990
2024-07-22,43.5,-80.5,90
2024-07-22,43.5,-79.5,360
2024-07-22,43.5,-79.0,180
2024-07-22,43.5,-78.0,180
2024-07-22,43.5,-77.5,90
2024-07-22,43.5,-76.5,90
2024-07-22,43.5,-76.0,900
2024-07-22,43.5,-75.5,630
2024-07-22,43.5,-75.0,360
2024-07-22,43.5,-74.5,270
2024-07-22,43.5,-73.5,90
2024-07-22,43.5,-72.5,90
2024-07-22,43.5,-72.0,90
2024-07-22,44.0,-119.0,180
2024-07-22,44.0,-118.5,90
2024-07-22,44.0,-118.0,270
2024-07-22,44.0,-117.5,270
2024-07-22,44.0,-117.0,270
2024-07-22,44.0,-116.0,90
2024-07-22,44.0,-115.0,360
2024-07-22,44.0,-114.5,630
2024-07-22,44.0,-113.5,180
2024-07-22,44.0,-113.0,360
2024-07-22,44.0,-112.5,270
2024-07-22,44.0,-112.0,360
2024-07-22,44.0,-111.5,90
2024-07-22,44.0,-111.0,270
2024-07-22,44.0,-110.0,360
2024-07-22,44.0,-109.5,180
2024-07-22,44.0,-109.0,270
2024-07-22,44.0,-108.5,90
2024-07-22,44.0,-108.0,90
2024-07-22,44.0,-107.5,90
2024-07-22,44.0,-106.0,270
2024-07-22,44.0,-105.5,540
2024-07-22,44.0,-105.0,270
2024-07-22,44.0,-104.5,180
2024-07-22,44.0,-104.0,270
2024-07-22,44.0,-103.5,630
2024-07-22,44.0,-102.5,90
2024-07-22,44.0,-101.0,270
2024-07-22,44.0,-100.5,90
2024-07-22,44.0,-99.5,540
2024-07-22,44.0,-96.5,180
2024-07-22,44.0,-95.5,270
2024-07-22,44.0,-95.0,270
2024-07-22,44.0,-94.5,180
2024-07-22,44.0,-93.5,270
2024-07-22,44.0,-92.0,90
2024-07-22,44.0,-91.5,180
2024-07-22,44.0,-91.0,270
2024-07-22,44.0,-90.0,180
2024-07-22,44.0,-88.5,90
2024-07-22,44.0,-87.5,90
2024-07-22,44.0,-86.0,90
2024-07-22,44.0,-85.5,90
2024-07-22,44.0,-85.0,360
2024-07-22,44.0,-83.5,90
2024-07-22,44.0,-83.0,90
2024-07-22,44.0,-82.5,180
2024-07-22,44.0,-82.0,90
2024-07-22,44.0,-81.5,540
2024-07-22,44.0,-81.0,360
2024-07-22,44.0,-80.0,180
2024-07-22,44.0,-79.0,270
2024-07-22,44.0,-78.5,180
2024-07-22,44.0,-76.5,90
2024-07-22,44.0,-75.5,540
2024-07-22,44.0,-74.5,90
2024-07-22,44.0,-74.0,180
2024-07-22,44.0,-73.5,180
2024-07-22,44.0,-73.0,90
2024-07-22,44.0,-72.5,180
2024-07-22,44.0,-72.0,90
2024-07-22,44.0,-71.5,90
2024-07-22,44.0,-65.5,90
2024-07-22,44.5,-118.0,180
2024-07-22,44.5,-117.5,180
2024-07-22,44.5,-116.5,90
2024-07-22,44.5,-116.0,90
2024-07-22,44.5,-115.0,630
2024-07-22,44.5,-114.5,180
2024-07-22,44.5,-114.0,180
2024-07-22,44.5,-113.0,90
2024-07-22,44.5,-112.5,540
2024-07-22,44.5,-112.0,540
2024-07-22,44.5,-111.5,720
2024-07-22,44.5,-111.0,360
2024-07-22,44.5,-110.5,270
2024-07-22,44.5,-110.0,180
2024-07-22,44.5,-109.5,90
2024-07-22,44.5,-109.0,90
2024-07-22,44.5,-108.5,180
2024-07-22,44.5,-107.5,180
2024-07-22,44.5,-105.0,180
2024-07-22,44.5,-104.5,270
2024-07-22,44.5,-104.0,90
2024-07-22,44.5,-103.5,540
2024-07-22,44.5,-103.0,450
2024-07-22,44.5,-102.5,540
2024-07-22,44.5,-102.0,90
2024-07-22,44.5,-101.0,90
2024-07-22,44.5,-100.5,450
2024-07-22,44.5,-100.0,1170
2024-07-22,44.5,-99.5,810
2024-07-22,44.5,-99.0,900
2024-07-22,44.5,-97.5,360
2024-07-22,44.5,-97.0,180
2024-07-22,44.5,-96.5,2160
2024-07-22,44.5,-96.0,1980
2024-07-22,44.5,-95.5,1350
2024-07-22,44.5,-95.0,630
2024-07-22,44.5,-94.5,90
2024-07-22,44.5,-94.0,810
2024-07-22,44.5,-93.5,1350
2024-07-22,44.5,-91.5,720
2024-07-22,44.5,-91.0,90
2024-07-22,44.5,-90.5,90
2024-07-22,44.5,-90.0,180
2024-07-22,44.5,-89.5,360
2024-07-22,44.5,-89.0,450
2024-07-22,44.5,-88.5,180
2024-07-22,44.5,-87.5,90
2024-07-22,44.5,-86.0,90
2024-07-22,44.5,-84.5,90
2024-07-22,44.5,-84.0,90
2024-07-22,44.5,-81.5,90
2024-07-22,44.5,-80.0,90
2024-07-22,44.5,-79.5,90
2024-07-22,44.5,-79.0,180
2024-07-22,44.5,-78.5,1890
2024-07-22,44.5,-78.0,1080
2024-07-22,44.5,-77.5,1260
2024-07-22,44.5,-77.0,270
2024-07-22,44.5,-76.5,270
2024-07-22,44.5,-76.0,180
2024-07-22,44.5,-75.5,720
2024-07-22,44.5,-75.0,450
2024-07-22,44.5,-74.5,90
2024-07-22,44.5,-74.0,90
2024-07-22,44.5,-73.5,270
2024-07-22,44.5,-73.0,180
2024-07-22,44.5,-72.0,90
2024-07-22,44.5,-71.5,90
2024-07-22,44.5,-70.5,90
2024-07-22,44.5,-70.0,450
2024-07-22,44.5,-69.5,540
2024-07-22,45.0,-118.0,90
2024-07-22,45.0,-117.5,270
2024-07-22,45.0,-117.0,270
2024-07-22,45.0,-116.5,180
2024-07-22,45.0,-115.0,90
2024-07-22,45.0,-114.5,180
2024-07-22,45.0,-113.5,90
2024-07-22,45.0,-112.0,360
2024-07-22,45.0,-111.5,180
2024-07-22,45.0,-111.0,450
2024-07-22,45.0,-110.5,90
2024-07-22,45.0,-110.0,180
2024-07-22,45.0,-109.0,360
2024-07-22,45.0,-108.5,90
2024-07-22,45.0,-107.5,180
2024-07-22,45.0,-103.0,90
2024-07-22,45.0,-102.0,270
2024-07-22,45.0,-101.5,450
2024-07-22,45.0,-101.0,180
2024-07-22,45.0,-100.5,180
2024-07-22,45.0,-100.0,180
2024-07-22,45.0,-99.5,270
2024-07-22,45.0,-99.0,360
2024-07-22,45.0,-98.5,360
2024-07-22,45.0,-97.5,90
2024-07-22,45.0,-96.5,810
2024-07-22,45.0,-96.0,990
2024-07-22,45.0,-95.5,270
2024-07-22,45.0,-95.0,1800
2024-07-22,45.0,-94.5,540
2024-07-22,45.0,-94.0,810
2024-07-22,45.0,-93.5,1260
2024-07-22,45.0,-93.0,450
2024-07-22,45.0,-92.0,180
2024-07-22,45.0,-91.5,720
2024-07-22,45.0,-91.0,900
2024-07-22,45.0,-90.5,450
2024-07-22,45.0,-90.0,180
2024-07-22,45.0,-89.5,630
2024-07-22,45.0,-89.0,180
2024-07-22,45.0,-83.0,90
2024-07-22,45.0,-81.0,90
2024-07-22,45.0,-80.5,90
2024-07-22,45.0,-78.5,1260
2024-07-22,45.0,-78.0,360
2024-07-22,45.0,-77.5,450
2024-07-22,45.0,-77.0,990
2024-07-22,45.0,-76.5,630
2024-07-22,45.0,-76.0,630
2024-07-22,45.0,-75.5,270
2024-07-22,45.0,-75.0,990
2024-07-22,45.0,-74.5,360
2024-07-22,45.0,-74.0,270
2024-07-22,45.0,-73.5,270
2024-07-22,45.0,-73.0,90
2024-07-22,45.0,-72.5,90
2024-07-22,45.0,-69.0,90
2024-07-22,45.0,-68.5,90
2024-07-22,45.5,-118.0,180
2024-07-22,45.5,-117.0,180
2024-07-22,45.5,-115.5,90
2024-07-22,45.5,-114.0,540
2024-07-22,45.5,-113.5,270
2024-07-22,45.5,-113.0,180
2024-07-22,45.5,-111.0,90
2024-07-22,45.5,-110.0,360
2024-07-22,45.5,-109.5,90
2024-07-22,45.5,-109.0,180
2024-07-22,45.5,-108.5,90
2024-07-22,45.5,-102.5,180
2024-07-22,45.5,-102.0,270
2024-07-22,45.5,-101.5,630
2024-07-22,45.5,-101.0,360
2024-07-22,45.5,-100.5,180
2024-07-22,45.5,-100.0,90
2024-07-22,45.5,-99.5,540
2024-07-22,45.5,-99.0,450
2024-07-22,45.5,-98.5,450
2024-07-22,45.5,-97.0,180
2024-07-22,45.5,-96.5,2790
2024-07-22,45.5,-96.0,1530
2024-07-22,45.5,-95.5,450
2024-07-22,45.5,-94.5,900
2024-07-22,45.5,-94.0,1350
2024-07-22,45.5,-93.5,450
2024-07-22,45.5,-93.0,180
2024-07-22,45.5,-92.5,180
2024-07-22,45.5,-92.0,540
2024-07-22,45.5,-91.5,450
2024-07-22,45.5,-91.0,540
2024-07-22,45.5,-90.5,630
2024-07-22,45.5,-90.0,270
2024-07-22,45.5,-89.5,90
2024-07-22,45.5,-82.5,90
2024-07-22,45.5,-82.0,90
2024-07-22,45.5,-81.0,90
2024-07-22,45.5,-78.0,270
2024-07-22,45.5,-77.5,180
2024-07-22,45.5,-77.0,540
2024-07-22,45.5,-76.0,360
2024-07-22,45.5,-75.5,180
2024-07-22,45.5,-75.0,270
2024-07-22,45.5,-74.5,450
2024-07-22,45.5,-73.5,270
2024-07-22,45.5,-73.0,270
2024-07-22,45.5,-70.0,90
2024-07-22,45.5,-67.5,180
2024-07-22,46.0,-116.5,90
2024-07-22,46.0,-115.0,450
2024-07-22,46.0,-114.5,180
2024-07-22,46.0,-114.0,270
2024-07-22,46.0,-113.5,360
2024-07-22,46.0,-113.0,90
2024-07-22,46.0,-112.5,180
2024-07-22,46.0,-112.0,90
2024-07-22,46.0,-111.5,90
2024-07-22,46.0,-111.0,90
2024-07-22,46.0,-110.0,270
2024-07-22,46.0,-109.0,360
2024-07-22,46.0,-108.5,1080
2024-07-22,46.0,-108.0,180
2024-07-22,46.0,-107.5,90
2024-07-22,46.0,-102.0,90
2024-07-22,46.0,-101.5,360
2024-07-22,46.0,-101.0,180
2024-07-22,46.0,-100.5,90
2024-07-22,46.0,-100.0,180
2024-07-22,46.0,-99.5,360
2024-07-22,46.0,-99.0,450
2024-07-22,46.0,-98.5,90
2024-07-22,46.0,-98.0,180
2024-07-22,46.0,-97.5,90
2024-07-22,46.0,-97.0,630
2024-07-22,46.0,-96.5,990
2024-07-22,46.0,-96.0,1080
2024-07-22,46.0,-95.5,270
2024-07-22,46.0,-95.0,180
2024-07-22,46.0,-94.0,810
2024-07-22,46.0,-93.5,540
2024-07-22,46.0,-93.0,450
2024-07-22,46.0,-92.5,720
2024-07-22,46.0,-92.0,450
2024-07-22,46.0,-91.5,990
2024-07-22,46.0,-91.0,1080
2024-07-22,46.0,-81.0,90
2024-07-22,46.0,-79.5,90
2024-07-22,46.0,-79.0,270
2024-07-22,46.0,-78.0,450
2024-07-22,46.0,-77.5,180
2024-07-22,46.0,-76.0,180
2024-07-22,46.0,-74.5,180
2024-07-22,46.0,-73.5,180
2024-07-22,46.0,-73.0,270
2024-07-22,46.0,-72.5,180
2024-07-22,46.0,-72.0,270
2024-07-22,46.5,-117.0,90
2024-07-22,46.5,-115.0,90
2024-07-22,46.5,-114.5,180
2024-07-22,46.5,-114.0,540
2024-07-22,46.5,-113.5,450
2024-07-22,46.5,-113.0,90
2024-07-22,46.5,-112.0,180
2024-07-22,46.5,-110.5,180
2024-07-22,46.5,-110.0,180
2024-07-22,46.5,-109.5,180
2024-07-22,46.5,-109.0,90
2024-07-22,46.5,-108.5,270
2024-07-22,46.5,-108.0,270
2024-07-22,46.5,-107.5,90
2024-07-22,46.5,-101.0,90
2024-07-22,46.5,-100.5,90
2024-07-22,46.5,-100.0,540
2024-07-22,46.5,-99.5,810
2024-07-22,46.5,-99.0,90
2024-07-22,46.5,-98.5,90
2024-07-22,46.5,-98.0,180
2024-07-22,46.5,-97.5,90
2024-07-22,46.5,-97.0,270
2024-07-22,46.5,-96.5,990
2024-07-22,46.5,-96.0,3150
2024-07-22,46.5,-95.5,360
2024-07-22,46.5,-94.5,540
2024-07-22,46.5,-94.0,630
2024-07-22,46.5,-93.5,1170
2024-07-22,46.5,-93.0,270
2024-07-22,46.5,-91.0,270
2024-07-22,46.5,-79.0,90
2024-07-22,46.5,-78.5,180
2024-07-22,46.5,-78.0,180
2024-07-22,46.5,-77.0,90
2024-07-22,46.5,-76.5,90
2024-07-22,46.5,-73.0,180
2024-07-22,46.5,-72.5,90
2024-07-22,46.5,-72.0,360
2024-07-22,46.5,-66.0,90
2024-07-22,47.0,-114.0,180
2024-07-22,47.0,-113.5,180
2024-07-22,47.0,-113.0,180
2024-07-22,47.0,-110.0,450
2024-07-22,47.0,-109.5,270
2024-07-22,47.0,-109.0,360
2024-07-22,47.0,-108.5,180
2024-07-22,47.0,-101.5,90
2024-07-22,47.0,-100.0,90
2024-07-22,47.0,-99.5,540
2024-07-22,47.0,-99.0,630
2024-07-22,47.0,-98.5,720
2024-07-22,47.0,-98.0,990
2024-07-22,47.0,-97.5,90
2024-07-22,47.0,-97.0,90
2024-07-22,47.0,-96.5,1800
2024-07-22,47.0,-96.0,1080
2024-07-22,47.0,-94.5,90
2024-07-22,47.0,-94.0,90
2024-07-22,47.0,-93.0,180
2024-07-22,47.0,-92.0,180
2024-07-22,47.0,-77.5,90
2024-07-22,47.0,-77.0,90
2024-07-22,47.0,-76.5,90
2024-07-22,47.0,-73.0,90
2024-07-22,47.0,-69.0,450
2024-07-22,47.0,-68.5,180
2024-07-22,47.5,-118.5,90
2024-07-22,47.5,-115.0,90
2024-07-22,47.5,-113.5,90
2024-07-22,47.5,-112.5,90
2024-07-22,47.5,-110.5,90
2024-07-22,47.5,-110.0,90
2024-07-22,47.5,-109.5,360
2024-07-22,47.5,-109.0,450
2024-07-22,47.5,-108.5,630
2024-07-22,47.5,-108.0,180
2024-07-22,47.5,-107.5,270
2024-07-22,47.5,-101.0,90
2024-07-22,47.5,-100.5,90
2024-07-22,47.5,-100.0,360
2024-07-22,47.5,-99.5,180
2024-07-22,47.5,-98.5,90
2024-07-22,47.5,-98.0,180
2024-07-22,47.5,-97.5,1080
2024-07-22,47.5,-97.0,3690
2024-07-22,47.5,-96.5,4860
2024-07-22,47.5,-96.0,810
2024-07-22,47.5,-95.5,180
2024-07-22,47.5,-94.5,90
2024-07-22,47.5,-91.5,90
2024-07-22,47.5,-91.0,270
2024-07-22,47.5,-77.0,90
2024-07-22,47.5,-69.0,180
2024-07-22,47.5,-68.5,90
2024-07-22,47.5,-68.0,90
2024-07-22,48.0,-114.0,180
2024-07-22,48.0,-111.5,90
2024-07-22,48.0,-110.5,90
2024-07-22,48.0,-109.0,630
2024-07-22,48.0,-108.5,90
2024-07-22,48.0,-108.0,450
2024-07-22,48.0,-107.5,180
2024-07-22,48.0,-107.0,90
2024-07-22,48.0,-99.5,900
2024-07-22,48.0,-99.0,90
2024-07-22,48.0,-98.0,540
2024-07-22,48.0,-97.5,720
2024-07-22,48.0,-97.0,3150
2024-07-22,48.0,-96.5,10260
2024-07-22,48.0,-96.0,8190
2024-07-22,48.0,-95.5,6120
2024-07-22,48.0,-95.0,540
2024-07-22,48.0,-94.0,180
2024-07-22,48.0,-93.5,180
2024-07-22,48.0,-92.5,90
2024-07-22,48.0,-91.0,90
2024-07-22,48.0,-90.5,90
2024-07-22,48.0,-72.5,90
2024-07-22,48.0,-72.0,90
2024-07-22,48.0,-71.0,180
2024-07-22,48.0,-70.5,810
2024-07-22,48.0,-70.0,990
2024-07-22,48.0,-69.0,360
2024-07-22,48.0,-68.5,720
2024-07-22,48.0,-68.0,180
2024-07-22,48.5,-120.0,90
2024-07-22,48.5,-119.5,90
2024-07-22,48.5,-119.0,90
2024-07-22,48.5,-117.5,90
2024-07-22,48.5,-116.5,90
2024-07-22,48.5,-112.0,90
2024-07-22,48.5,-111.5,180
2024-07-22,48.5,-109.0,180
2024-07-22,48.5,-108.0,90
2024-07-22,48.5,-107.5,270
2024-07-22,48.5,-107.0,180
2024-07-22,48.5,-100.5,90
2024-07-22,48.5,-99.5,90
2024-07-22,48.5,-98.5,540
2024-07-22,48.5,-98.0,720
2024-07-22,48.5,-97.0,630
2024-07-22,48.5,-96.5,2520
2024-07-22,48.5,-96.0,2430
2024-07-22,48.5,-95.5,1440
2024-07-22,48.5,-95.0,1440
2024-07-22,48.5,-94.5,1890
2024-07-22,48.5,-94.0,270
2024-07-22,48.5,-93.5,1080
2024-07-22,48.5,-93.0,450
2024-07-22,48.5,-92.5,180
2024-07-22,48.5,-92.0,90
2024-07-22,48.5,-90.5,450
2024-07-22,48.5,-90.0,90
2024-07-22,48.5,-89.5,180
2024-07-22,48.5,-71.0,450
2024-07-22,48.5,-70.5,180
2024-07-22,48.5,-70.0,630
2024-07-22,48.5,-69.5,270
2024-07-22,49.0,-115.0,90
2024-07-22,49.0,-112.5,90
2024-07-22,49.0,-111.5,90
2024-07-22,49.0,-109.0,90
2024-07-22,49.0,-108.0,90
2024-07-22,49.0,-107.0,90
2024-07-22,49.0,-106.5,180
2024-07-22,49.0,-99.5,360
2024-07-22,49.0,-99.0,90
2024-07-22,49.0,-98.0,90
2024-07-22,49.0,-97.5,90
2024-07-22,49.0,-97.0,900
2024-07-22,49.0,-96.5,270
2024-07-22,49.0,-96.0,810
2024-07-22,49.0,-95.5,1080
2024-07-22,49.0,-95.0,1080
2024-07-22,49.0,-94.5,360
2024-07-22,49.0,-94.0,540
2024-07-22,49.0,-93.5,1170
2024-07-22,49.0,-93.0,540
2024-07-22,49.0,-92.5,990
2024-07-22,49.0,-92.0,810
2024-07-22,49.0,-91.5,540
2024-07-22,49.0,-91.0,1260
2024-07-22,49.0,-90.5,540
2024-07-22,49.0,-90.0,1980
2024-07-22,49.0,-89.5,1710
2024-07-22,49.0,-89.0,540
2024-07-22,49.0,-77.0,180
2024-07-22,49.0,-72.0,180
2024-07-22,49.0,-71.5,90
2024-07-22,49.0,-70.0,1170
2024-07-22,49.0,-69.5,1620
2024-07-22,49.0,-67.0,90
2024-07-22,49.0,-66.5,90
2024-07-22,49.5,-117.5,90
2024-07-22,49.5,-116.0,180
2024-07-22,49.5,-108.5,90
2024-07-22,49.5,-108.0,90
2024-07-22,49.5,-107.5,90
2024-07-22,49.5,-106.5,270
2024-07-22,49.5,-106.0,90
2024-07-22,49.5,-105.0,180
2024-07-22,49.5,-103.5,90
2024-07-22,49.5,-98.5,90
2024-07-22,49.5,-97.5,90
2024-07-22,49.5,-97.0,90
2024-07-22,49.5,-96.5,180
2024-07-22,49.5,-96.0,360
2024-07-22,49.5,-95.5,360
2024-07-22,49.5,-95.0,810
2024-07-22,49.5,-94.5,2070
2024-07-22,49.5,-94.0,1080
2024-07-22,49.5,-93.5,540
2024-07-22,49.5,-93.0,810
2024-07-22,49.5,-92.5,900
2024-07-22,49.5,-92.0,180
2024-07-22,49.5,-91.5,810
2024-07-22,49.5,-91.0,1080
2024-07-22,49.5,-90.5,810
2024-07-22,49.5,-90.0,450
2024-07-22,49.5,-89.5,810
2024-07-22,49.5,-89.0,90
2024-07-22,49.5,-88.5,630
2024-07-22,49.5,-87.5,180
2024-07-22,49.5,-87.0,90
2024-07-22,49.5,-71.5,90
2024-07-22,49.5,-71.0,90
2024-07-22,49.5,-70.0,180
2024-07-22,49.5,-69.5,360
2024-07-22,49.5,-65.5,90
2024-07-22,50.0,-119.5,90
2024-07-22,50.0,-116.0,90
2024-07-22,50.0,-115.5,90
2024-07-22,50.0,-114.0,90
2024-07-22,50.0,-110.5,90
2024-07-22,50.0,-107.5,90
2024-07-22,50.0,-107.0,90
2024-07-22,50.0,-102.5,180
2024-07-22,50.0,-101.5,90
2024-07-22,50.0,-99.0,90
2024-07-22,50.0,-98.5,450
2024-07-22,50.0,-98.0,360
2024-07-22,50.0,-97.5,360
2024-07-22,50.0,-97.0,450
2024-07-22,50.0,-96.5,720
2024-07-22,50.0,-96.0,180
2024-07-22,50.0,-95.5,540
2024-07-22,50.0,-95.0,540
2024-07-22,50.0,-94.5,270
2024-07-22,50.0,-94.0,2250
2024-07-22,50.0,-93.5,360
2024-07-22,50.0,-93.0,1620
2024-07-22,50.0,-92.5,540
2024-07-22,50.0,-92.0,180
2024-07-22,50.0,-91.5,270
2024-07-22,50.0,-91.0,540
2024-07-22,50.0,-90.5,990
2024-07-22,50.0,-90.0,990
2024-07-22,50.0,-89.5,1530
2024-07-22,50.0,-89.0,630
2024-07-22,50.0,-88.5,1530
2024-07-22,50.0,-88.0,990
2024-07-22,50.0,-87.5,180
2024-07-22,50.0,-87.0,900
2024-07-22,50.0,-86.0,90
2024-07-22,50.5,-121.0,270
2024-07-22,50.5,-117.5,90
2024-07-22,50.5,-115.5,180
2024-07-22,50.5,-107.5,180
2024-07-22,50.5,-107.0,180
2024-07-22,50.5,-106.5,360
2024-07-22,50.5,-106.0,90
2024-07-22,50.5,-104.0,90
2024-07-22,50.5,-103.0,90
2024-07-22,50.5,-102.5,90
2024-07-22,50.5,-99.0,720
2024-07-22,50.5,-98.5,90
2024-07-22,50.5,-98.0,450
2024-07-22,50.5,-97.5,270
2024-07-22,50.5,-96.5,360
2024-07-22,50.5,-96.0,720
2024-07-22,50.5,-95.5,450
2024-07-22,50.5,-95.0,360
2024-07-22,50.5,-94.5,90
2024-07-22,50.5,-93.0,270
2024-07-22,50.5,-92.5,450
2024-07-22,50.5,-92.0,720
2024-07-22,50.5,-91.5,1260
2024-07-22,50.5,-91.0,180
2024-07-22,50.5,-90.5,450
2024-07-22,50.5,-90.0,360
2024-07-22,50.5,-89.5,270
2024-07-22,50.5,-89.0,810
2024-07-22,50.5,-88.5,1710
2024-07-22,50.5,-88.0,900
2024-07-22,50.5,-87.5,1440
2024-07-22,50.5,-87.0,810
2024-07-22,50.5,-86.5,270
2024-07-22,50.5,-86.0,90
2024-07-22,51.0,-121.0,90
2024-07-22,51.0,-118.5,90
2024-07-22,51.0,-117.5,90
2024-07-22,51.0,-116.5,90
2024-07-22,51.0,-106.0,90
2024-07-22,51.0,-105.5,90
2024-07-22,51.0,-103.0,270
2024-07-22,51.0,-102.0,90
2024-07-22,51.0,-100.5,180
2024-07-22,51.0,-99.0,360
2024-07-22,51.0,-98.5,900
2024-07-22,51.0,-98.0,450
2024-07-22,51.0,-97.5,180
2024-07-22,51.0,-97.0,180
2024-07-22,51.0,-96.5,900
2024-07-22,51.0,-96.0,990
2024-07-22,51.0,-95.5,1260
2024-07-22,51.0,-95.0,1260
2024-07-22,51.0,-94.5,1350
2024-07-22,51.0,-94.0,540
2024-07-22,51.0,-93.5,90
2024-07-22,51.0,-93.0,180
2024-07-22,51.0,-92.0,270
2024-07-22,51.0,-91.5,450
2024-07-22,51.0,-91.0,810
2024-07-22,51.0,-90.5,2520
2024-07-22,51.0,-90.0,270
2024-07-22,51.0,-89.5,990
2024-07-22,51.0,-89.0,540
2024-07-22,51.0,-88.5,270
2024-07-22,51.0,-88.0,540
2024-07-22,51.0,-87.5,540
2024-07-22,51.0,-87.0,990
2024-07-22,51.0,-86.5,630
2024-07-22,51.0,-86.0,810
2024-07-22,51.0,-85.0,90
2024-07-22,51.0,-84.5,90
2024-07-22,51.0,-84.0,360
2024-07-22,51.5,-120.0,90
2024-07-22,51.5,-118.5,90
2024-07-22,51.5,-118.0,90
2024-07-22,51.5,-115.5,90
2024-07-22,51.5,-115.0,90
2024-07-22,51.5,-114.5,90
2024-07-22,51.5,-106.0,90
2024-07-22,51.5,-105.5,180
2024-07-22,51.5,-102.5,180
2024-07-22,51.5,-101.5,90
2024-07-22,51.5,-99.5,90
2024-07-22,51.5,-99.0,90
2024-07-22,51.5,-98.5,810
2024-07-22,51.5,-98.0,360
2024-07-22,51.5,-97.5,180
2024-07-22,51.5,-97.0,360
2024-07-22,51.5,-96.5,180
2024-07-22,51.5,-94.5,900
2024-07-22,51.5,-94.0,990
2024-07-22,51.5,-93.5,720
2024-07-22,51.5,-93.0,1260
2024-07-22,51.5,-92.5,450
2024-07-22,51.5,-92.0,180
2024-07-22,51.5,-91.5,90
2024-07-22,51.5,-91.0,180
2024-07-22,51.5,-90.5,90
2024-07-22,51.5,-90.0,360
2024-07-22,51.5,-89.5,540
2024-07-22,51.5,-89.0,720
2024-07-22,51.5,-88.5,1170
2024-07-22,51.5,-88.0,270
2024-07-22,51.5,-87.5,720
2024-07-22,51.5,-87.0,270
2024-07-22,51.5,-86.5,180
2024-07-22,51.5,-86.0,180
2024-07-22,51.5,-85.5,360
2024-07-22,51.5,-85.0,450
2024-07-22,51.5,-84.5,630
2024-07-22,51.5,-84.0,540
2024-07-22,51.5,-83.5,90
2024-07-22,51.5,-83.0,270
2024-07-22,51.5,-82.5,90
2024-07-22,51.5,-82.0,180
2024-07-22,51.5,-72.5,90
2024-07-22,51.5,-69.0,90
2024-07-22,52.0,-120.0,270
2024-07-22,52.0,-119.5,180
2024-07-22,52.0,-118.5,90
2024-07-22,52.0,-118.0,90
2024-07-22,52.0,-117.0,180
2024-07-22,52.0,-116.0,90
2024-07-22,52.0,-115.5,270
2024-07-22,52.0,-115.0,360
2024-07-22,52.0,-114.5,270
2024-07-22,52.0,-113.5,720
2024-07-22,52.0,-107.0,90
2024-07-22,52.0,-101.5,90
2024-07-22,52.0,-99.0,180
2024-07-22,52.0,-98.5,2160
2024-07-22,52.0,-98.0,450
2024-07-22,52.0,-97.5,450
2024-07-22,52.0,-97.0,450
2024-07-22,52.0,-96.5,90
2024-07-22,52.0,-95.5,270
2024-07-22,52.0,-94.5,90
2024-07-22,52.0,-92.0,1080
2024-07-22,52.0,-91.5,450
2024-07-22,52.0,-91.0,450
2024-07-22,52.0,-90.5,630
2024-07-22,52.0,-90.0,270
2024-07-22,52.0,-89.5,90
2024-07-22,52.0,-89.0,180
2024-07-22,52.0,-88.5,540
2024-07-22,52.0,-87.5,990
2024-07-22,52.0,-87.0,450
2024-07-22,52.0,-86.5,90
2024-07-22,52.0,-85.5,450
2024-07-22,52.0,-85.0,540
2024-07-22,52.0,-84.5,540
2024-07-22,52.0,-84.0,2610
2024-07-22,52.0,-83.5,360
2024-07-22,52.0,-83.0,1710
2024-07-22,52.0,-82.0,90
2024-07-22,52.0,-75.5,630
2024-07-22,52.0,-75.0,180
2024-07-22,52.0,-74.5,180
2024-07-22,52.0,-74.0,180
2024-07-22,52.0,-73.5,90
2024-07-22,52.0,-73.0,90
2024-07-22,52.0,-69.5,90
2024-07-22,52.0,-66.5,90
2024-07-22,52.0,-66.0,90
2024-07-22,52.5,-118.5,90
2024-07-22,52.5,-117.5,270
2024-07-22,52.5,-116.5,90
2024-07-22,52.5,-116.0,180
2024-07-22,52.5,-115.5,630
2024-07-22,52.5,-115.0,630
2024-07-22,52.5,-114.5,540
2024-07-22,52.5,-114.0,360
2024-07-22,52.5,-100.0,90
2024-07-22,52.5,-99.5,90
2024-07-22,52.5,-98.5,270
2024-07-22,52.5,-98.0,450
2024-07-22,52.5,-96.5,90
2024-07-22,52.5,-93.5,990
2024-07-22,52.5,-90.5,720
2024-07-22,52.5,-90.0,270
2024-07-22,52.5,-89.5,990
2024-07-22,52.5,-87.5,540
2024-07-22,52.5,-86.5,90
2024-07-22,52.5,-86.0,90
2024-07-22,52.5,-84.0,270
2024-07-22,52.5,-83.5,810
2024-07-22,52.5,-83.0,2340
2024-07-22,52.5,-82.0,90
2024-07-22,52.5,-81.5,450
2024-07-22,52.5,-80.5,90
2024-07-22,52.5,-80.0,90
2024-07-22,52.5,-79.5,90
2024-07-22,52.5,-79.0,180
2024-07-22,52.5,-78.5,1710
2024-07-22,52.5,-78.0,540
2024-07-22,52.5,-77.5,720
2024-07-22,52.5,-77.0,90
2024-07-22,52.5,-76.5,180
2024-07-22,52.5,-76.0,270
2024-07-22,52.5,-75.5,720
2024-07-22,52.5,-75.0,90
2024-07-22,52.5,-74.5,810
2024-07-22,52.5,-74.0,90
2024-07-22,52.5,-70.5,180
2024-07-22,52.5,-70.0,90
2024-07-22,52.5,-69.5,90
2024-07-22,52.5,-68.5,180
2024-07-22,52.5,-68.0,90
2024-07-22,52.5,-67.5,630
2024-07-22,52.5,-67.0,450
2024-07-22,52.5,-66.5,90
2024-07-22,53.0,-117.0,90
2024-07-22,53.0,-116.5,450
2024-07-22,53.0,-116.0,180
2024-07-22,53.0,-115.5,270
2024-07-22,53.0,-115.0,90
2024-07-22,53.0,-106.5,180
2024-07-22,53.0,-101.5,90
2024-07-22,53.0,-101.0,90
2024-07-22,53.0,-99.0,180
2024-07-22,53.0,-98.5,450
2024-07-22,53.0,-98.0,450
2024-07-22,53.0,-92.5,90
2024-07-22,53.0,-92.0,180
2024-07-22,53.0,-90.0,180
2024-07-22,53.0,-89.5,450
2024-07-22,53.0,-82.5,90
2024-07-22,53.0,-81.0,270
2024-07-22,53.0,-80.0,270
2024-07-22,53.0,-79.5,180
2024-07-22,53.0,-79.0,90
2024-07-22,53.0,-78.5,900
2024-07-22,53.0,-78.0,90
2024-07-22,53.0,-77.5,450
2024-07-22,53.0,-77.0,270
2024-07-22,53.0,-76.5,180
2024-07-22,53.0,-76.0,90
2024-07-22,53.0,-75.5,90
2024-07-22,53.0,-75.0,90
2024-07-22,53.5,-115.5,180
2024-07-22,53.5,-115.0,630
2024-07-22,53.5,-114.5,450
2024-07-22,53.5,-114.0,450
2024-07-22,53.5,-113.0,90
2024-07-22,53.5,-107.5,90
2024-07-22,53.5,-107.0,90
2024-07-22,53.5,-106.5,180
2024-07-22,53.5,-97.5,90
2024-07-22,53.5,-96.5,360
2024-07-22,53.5,-83.0,90
2024-07-22,53.5,-82.5,90
2024-07-22,53.5,-79.0,180
2024-07-22,53.5,-78.5,540
2024-07-22,53.5,-78.0,180
2024-07-22,53.5,-77.5,90
2024-07-22,53.5,-77.0,450
2024-07-22,53.5,-76.5,180
2024-07-22,53.5,-73.5,90
2024-07-22,54.0,-115.0,90
2024-07-22,54.0,-114.5,90
2024-07-22,54.0,-114.0,360
2024-07-22,54.0,-113.5,90
2024-07-22,54.0,-112.5,90
2024-07-22,54.0,-107.0,180
2024-07-22,54.0,-106.5,180
2024-07-22,54.0,-101.5,90
2024-07-22,54.0,-101.0,90
2024-07-22,54.0,-100.5,90
2024-07-22,54.0,-97.0,270
2024-07-22,54.0,-83.0,180
2024-07-22,54.0,-82.0,90
2024-07-22,54.0,-81.5,90
2024-07-22,54.0,-79.5,180
2024-07-22,54.0,-79.0,90
2024-07-22,54.0,-78.5,270
2024-07-22,54.0,-77.5,180
2024-07-22,54.0,-71.5,90
2024-07-22,54.5,-115.5,180
2024-07-22,54.5,-115.0,360
2024-07-22,54.5,-114.5,360
2024-07-22,54.5,-114.0,270
2024-07-22,54.5,-113.5,180
2024-07-22,54.5,-113.0,360
2024-07-22,54.5,-107.5,180
2024-07-22,54.5,-106.0,90
2024-07-22,54.5,-105.5,180
2024-07-22,54.5,-101.0,180
2024-07-22,54.5,-100.0,90
2024-07-22,54.5,-96.0,360
2024-07-22,54.5,-89.0,90
2024-07-22,54.5,-82.0,90
2024-07-22,54.5,-78.5,90
2024-07-22,54.5,-77.5,90
2024-07-22,54.5,-75.0,90
2024-07-29,20.0,-110.5,180
2024-07-29,20.0,-109.5,90
2024-07-29,20.0,-109.0,180
2024-07-29,20.0,-108.5,630
2024-07-29,20.0,-108.0,180
2024-07-29,20.0,-107.5,900
2024-07-29,20.0,-107.0,540
2024-07-29,20.0,-106.5,990
2024-07-29,20.0,-106.0,810
2024-07-29,20.0,-105.5,7380
2024-07-29,20.0,-105.0,4680
2024-07-29,20.0,-104.5,1890
2024-07-29,20.0,-104.0,1620
2024-07-29,20.0,-103.5,1350
2024-07-29,20.0,-103.0,810
2024-07-29,20.0,-102.5,2160
2024-07-29,20.0,-102.0,1620
2024-07-29,20.0,-101.5,1890
2024-07-29,20.0,-101.0,2250
2024-07-29,20.0,-100.5,990
2024-07-29,20.0,-100.0,270
2024-07-29,20.0,-99.5,90
2024-07-29,20.0,-99.0,90
2024-07-29,20.0,-98.5,1080
2024-07-29,20.0,-98.0,1260
2024-07-29,20.0,-97.5,270
2024-07-29,20.0,-97.0,360
2024-07-29,20.0,-96.5,1440
2024-07-29,20.0,-96.0,1350
2024-07-29,20.0,-95.5,540
2024-07-29,20.0,-95.0,180
2024-07-29,20.0,-94.5,180
2024-07-29,20.0,-93.0,180
2024-07-29,20.0,-90.5,3600
2024-07-29,20.0,-90.0,1440
2024-07-29,20.0,-89.5,2880
2024-07-29,20.0,-89.0,2700
2024-07-29,20.0,-88.5,3240
2024-07-29,20.0,-88.0,1170
2024-07-29,20.0,-87.5,630
2024-07-29,20.0,-87.0,360
2024-07-29,20.0,-86.5,90
2024-07-29,20.0,-85.5,90
2024-07-29,20.0,-85.0,90
2024-07-29,20.0,-84.5,720
2024-07-29,20.0,-84.0,630
2024-07-29,20.0,-83.5,810
2024-07-29,20.0,-83.0,360
2024-07-29,20.0,-82.5,270
2024-07-29,20.0,-82.0,360
2024-07-29,20.0,-81.5,90
2024-07-29,20.0,-81.0,270
2024-07-29,20.0,-80.5,360
2024-07-29,20.0,-80.0,180
2024-07-29,20.0,-79.5,1080
2024-07-29,20.0,-79.0,2520
2024-07-29,20.0,-78.5,1080
2024-07-29,20.0,-78.0,3060
2024-07-29,20.0,-77.5,8280
2024-07-29,20.0,-77.0,5940
2024-07-29,20.0,-76.5,5040
2024-07-29,20.0,-76.0,6030
2024-07-29,20.0,-75.5,2070
2024-07-29,20.0,-75.0,450
2024-07-29,20.0,-74.5,360
2024-07-29,20.0,-74.0,540
2024-07-29,20.0,-73.5,90
2024-07-29,20.0,-73.0,90
2024-07-29,20.0,-72.5,450
2024-07-29,20.0,-72.0,540
2024-07-29,20.0,-71.5,270
2024-07-29,20.0,-70.5,630
2024-07-29,20.0,-70.0,540
2024-07-29,20.0,-69.5,810
2024-07-29,20.0,-69.0,270
2024-07-29,20.0,-68.5,90
2024-07-29,20.0,-68.0,270
2024-07-29,20.0,-67.5,540
2024-07-29,20.0,-67.0,450
2024-07-29,20.0,-66.5,90
2024-07-29,20.0,-66.0,180
2024-07-29,20.0,-65.5,360
2024-07-29,20.5,-109.0,1080
2024-07-29,20.5,-108.5,90
2024-07-29,20.5,-108.0,270
2024-07-29,20.5,-107.5,1620
2024-07-29,20.5,-107.0,4140
2024-07-29,20.5,-106.5,2160
2024-07-29,20.5,-106.0,1530
2024-07-29,20.5,-105.5,2790
2024-07-29,20.5,-105.0,4590
2024-07-29,20.5,-104.5,8010
2024-07-29,20.5,-104.0,4590
2024-07-29,20.5,-103.5,4590
2024-07-29,20.5,-103.0,3240
2024-07-29,20.5,-102.5,1980
2024-07-29,20.5,-102.0,810
2024-07-29,20.5,-101.5,630
2024-07-29,20.5,-101.0,450
2024-07-29,20.5,-100.0,90
2024-07-29,20.5,-99.0,990
2024-07-29,20.5,-98.5,540
2024-07-29,20.5,-98.0,360
2024-07-29,20.5,-97.0,360
2024-07-29,20.5,-96.5,360
2024-07-29,20.5,-96.0,450
2024-07-29,20.5,-95.5,990
2024-07-29,20.5,-95.0,90
2024-07-29,20.5,-90.5,3330
2024-07-29,20.5,-90.0,1980
2024-07-29,20.5,-89.5,990
2024-07-29,20.5,-89.0,3600
2024-07-29,20.5,-88.5,6300
2024-07-29,20.5,-88.0,1890
2024-07-29,20.5,-87.5,1080
2024-07-29,20.5,-87.0,450
2024-07-29,20.5,-86.0,270
2024-07-29,20.5,-85.5,450
2024-07-29,20.5,-85.0,1080
2024-07-29,20.5,-84.5,540
2024-07-29,20.5,-84.0,360
2024-07-29,20.5,-83.5,270
2024-07-29,20.5,-83.0,540
2024-07-29,20.5,-82.5,990
2024-07-29,20.5,-82.0,630
2024-07-29,20.5,-81.5,990
2024-07-29,20.5,-81.0,180
2024-07-29,20.5,-80.5,90
2024-07-29,20.5,-80.0,1710
2024-07-29,20.5,-79.5,2070
2024-07-29,20.5,-79.0,1530
2024-07-29,20.5,-78.5,7200
2024-07-29,20.5,-78.0,6030
2024-07-29,20.5,-77.5,1890
2024-07-29,20.5,-77.0,2340
2024-07-29,20.5,-76.5,1170
2024-07-29,20.5,-76.0,2430
2024-07-29,20.5,-75.5,810
2024-07-29,20.5,-75.0,540
2024-07-29,20.5,-74.5,720
2024-07-29,20.5,-74.0,360
2024-07-29,20.5,-73.5,270
2024-07-29,20.5,-70.0,450
2024-07-29,20.5,-69.5,720
2024-07-29,20.5,-69.0,450
2024-07-29,20.5,-68.5,90
2024-07-29,20.5,-68.0,630
2024-07-29,20.5,-67.5,900
2024-07-29,20.5,-67.0,1350
2024-07-29,20.5,-66.5,1170
2024-07-29,20.5,-66.0,180
2024-07-29,21.0,-107.5,180
2024-07-29,21.0,-107.0,1440
2024-07-29,21.0,-106.5,1170
2024-07-29,21.0,-106.0,1800
2024-07-29,21.0,-105.5,7200
2024-07-29,21.0,-105.0,4950
2024-07-29,21.0,-104.5,3870
2024-07-29,21.0,-104.0,4050
2024-07-29,21.0,-103.5,3960
2024-07-29,21.0,-103.0,2970
2024-07-29,21.0,-102.5,1800
2024-07-29,21.0,-102.0,180
2024-07-29,21.0,-101.0,90
2024-07-29,21.0,-100.5,90
2024-07-29,21.0,-99.5,360
2024-07-29,21.0,-99.0,1170
2024-07-29,21.0,-98.5,2430
2024-07-29,21.0,-98.0,810
2024-07-29,21.0,-97.0,180
2024-07-29,21.0,-96.5,180
2024-07-29,21.0,-90.0,90
2024-07-29,21.0,-89.5,270
2024-07-29,21.0,-89.0,1080
2024-07-29,21.0,-88.5,360
2024-07-29,21.0,-88.0,180
2024-07-29,21.0,-87.5,630
2024-07-29,21.0,-87.0,450
2024-07-29,21.0,-86.0,270
2024-07-29,21.0,-85.5,360
2024-07-29,21.0,-85.0,900
2024-07-29,21.0,-84.5,630
2024-07-29,21.0,-84.0,720
2024-07-29,21.0,-83.5,2250
2024-07-29,21.0,-83.0,1440
2024-07-29,21.0,-82.5,1170
2024-07-29,21.0,-82.0,1890
2024-07-29,21.0,-81.5,540
2024-07-29,21.0,-81.0,450
2024-07-29,21.0,-80.5,270
2024-07-29,21.0,-80.0,2250
2024-07-29,21.0,-79.5,1080
2024-07-29,21.0,-79.0,1980
2024-07-29,21.0,-78.5,3240
2024-07-29,21.0,-78.0,630
2024-07-29,21.0,-77.5,6750
2024-07-29,21.0,-77.0,720
2024-07-29,21.0,-76.5,990
2024-07-29,21.0,-76.0,270
2024-07-29,21.0,-75.5,90
2024-07-29,21.0,-74.5,270
2024-07-29,21.0,-74.0,270
2024-07-29,21.0,-73.5,180
2024-07-29,21.0,-71.5,90
2024-07-29,21.0,-71.0,450
2024-07-29,21.0,-70.5,180
2024-07-29,21.0,-69.5,540
2024-07-29,21.0,-69.0,90
2024-07-29,21.0,-68.5,900
2024-07-29,21.0,-68.0,630
2024-07-29,21.0,-67.5,720
2024-07-29,21.0,-67.0,990
2024-07-29,21.0,-66.5,630
2024-07-29,21.0,-66.0,270
2024-07-29,21.5,-107.0,1080
2024-07-29,21.5,-106.5,3420
2024-07-29,21.5,-106.0,2520
2024-07-29,21.5,-105.5,8280
2024-07-29,21.5,-105.0,8460
2024-07-29,21.5,-104.5,4140
2024-07-29,21.5,-104.0,3870
2024-07-29,21.5,-103.5,720
2024-07-29,21.5,-103.0,810
2024-07-29,21.5,-102.5,180
2024-07-29,21.5,-99.5,1710
2024-07-29,21.5,-99.0,270
2024-07-29,21.5,-98.5,1170
2024-07-29,21.5,-98.0,180
2024-07-29,21.5,-90.5,90
2024-07-29,21.5,-86.5,270
2024-07-29,21.5,-86.0,90
2024-07-29,21.5,-85.5,360
2024-07-29,21.5,-85.0,2070
2024-07-29,21.5,-84.5,1350
2024-07-29,21.5,-84.0,540
2024-07-29,21.5,-83.5,1080
2024-07-29,21.5,-83.0,180
2024-07-29,21.5,-82.5,1530
2024-07-29,21.5,-82.0,3150
2024-07-29,21.5,-81.5,1080
2024-07-29,21.5,-81.0,180
2024-07-29,21.5,-80.5,630
2024-07-29,21.5,-80.0,3690
2024-07-29,21.5,-79.5,3060
2024-07-29,21.5,-79.0,1260
2024-07-29,21.5,-78.5,2700
2024-07-29,21.5,-78.0,3420
2024-07-29,21.5,-77.5,2610
2024-07-29,21.5,-76.5,90
2024-07-29,21.5,-76.0,90
2024-07-29,21.5,-75.0,180
2024-07-29,21.5,-74.5,180
2024-07-29,21.5,-74.0,540
2024-07-29,21.5,-73.0,270
2024-07-29,21.5,-72.5,720
2024-07-29,21.5,-72.0,90
2024-07-29,21.5,-71.5,180
2024-07-29,21.5,-71.0,360
2024-07-29,21.5,-70.5,90
2024-07-29,21.5,-70.0,270
2024-07-29,21.5,-69.0,810
2024-07-29,21.5,-68.5,360
2024-07-29,21.5,-68.0,180
2024-07-29,21.5,-67.5,360
2024-07-29,21.5,-67.0,810
2024-07-29,21.5,-66.5,990
2024-07-29,21.5,-66.0,450
2024-07-29,21.5,-65.5,720
2024-07-29,22.0,-109.0,90
2024-07-29,22.0,-108.5,630
2024-07-29,22.0,-108.0,90
2024-07-29,22.0,-107.0,360
2024-07-29,22.0,-106.0,3150
2024-07-29,22.0,-105.5,10350
2024-07-29,22.0,-105.0,9360
2024-07-29,22.0,-104.5,4230
2024-07-29,22.0,-104.0,3600
2024-07-29,22.0,-103.5,2070
2024-07-29,22.0,-103.0,360
2024-07-29,22.0,-102.5,180
2024-07-29,22.0,-100.0,180
2024-07-29,22.0,-99.5,810
2024-07-29,22.0,-99.0,1170
2024-07-29,22.0,-98.5,270
2024-07-29,22.0,-97.5,90
2024-07-29,22.0,-97.0,360
2024-07-29,22.0,-94.5,90
2024-07-29,22.0,-89.5,90
2024-07-29,22.0,-86.5,90
2024-07-29,22.0,-86.0,270
2024-07-29,22.0,-85.5,90
2024-07-29,22.0,-85.0,450
2024-07-29,22.0,-84.5,7650
2024-07-29,22.0,-84.0,2700
2024-07-29,22.0,-83.5,1620
2024-07-29,22.0,-83.0,1260
2024-07-29,22.0,-82.5,1080
2024-07-29,22.0,-82.0,10350
2024-07-29,22.0,-81.5,900
2024-07-29,22.0,-81.0,5490
2024-07-29,22.0,-80.5,1800
2024-07-29,22.0,-80.0,810
2024-07-29,22.0,-79.5,270
2024-07-29,22.0,-79.0,450
2024-07-29,22.0,-78.5,1440
2024-07-29,22.0,-78.0,180
2024-07-29,22.0,-77.5,90
2024-07-29,22.0,-76.5,90
2024-07-29,22.0,-76.0,180
2024-07-29,22.0,-73.0,270
2024-07-29,22.0,-72.5,180
2024-07-29,22.0,-72.0,90
2024-07-29,22.0,-70.0,180
2024-07-29,22.0,-69.5,270
2024-07-29,22.0,-69.0,810
2024-07-29,22.0,-68.5,540
2024-07-29,22.0,-68.0,270
2024-07-29,22.0,-67.0,270
2024-07-29,22.0,-66.5,540
2024-07-29,22.0,-66.0,540
2024-07-29,22.0,-65.5,720
2024-07-29,22.5,-108.5,270
2024-07-29,22.5,-108.0,360
2024-07-29,22.5,-107.0,90
2024-07-29,22.5,-106.5,1890
2024-07-29,22.5,-106.0,1890
2024-07-29,22.5,-105.5,10350
2024-07-29,22.5,-105.0,8010
2024-07-29,22.5,-104.5,2070
2024-07-29,22.5,-104.0,1170
2024-07-29,22.5,-103.5,540
2024-07-29,22.5,-100.0,450
2024-07-29,22.5,-99.5,630
2024-07-29,22.5,-99.0,270
2024-07-29,22.5,-98.5,180
2024-07-29,22.5,-91.5,90
2024-07-29,22.5,-90.5,90
2024-07-29,22.5,-90.0,90
2024-07-29,22.5,-89.5,90
2024-07-29,22.5,-86.5,180
2024-07-29,22.5,-86.0,360
2024-07-29,22.5,-85.5,180
2024-07-29,22.5,-85.0,180
2024-07-29,22.5,-84.5,990
2024-07-29,22.5,-84.0,4860
2024-07-29,22.5,-83.5,3690
2024-07-29,22.5,-83.0,5940
2024-07-29,22.5,-82.5,5580
2024-07-29,22.5,-82.0,4590
2024-07-29,22.5,-81.5,1260
2024-07-29,22.5,-81.0,270
2024-07-29,22.5,-80.5,180
2024-07-29,22.5,-80.0,900
2024-07-29,22.5,-79.5,450
2024-07-29,22.5,-79.0,1350
2024-07-29,22.5,-78.5,540
2024-07-29,22.5,-76.5,90
2024-07-29,22.5,-76.0,270
2024-07-29,22.5,-75.5,90
2024-07-29,22.5,-74.0,360
2024-07-29,22.5,-73.5,180
2024-07-29,22.5,-73.0,360
2024-07-29,22.5,-70.0,180
2024-07-29,22.5,-69.5,90
2024-07-29,22.5,-69.0,180
2024-07-29,22.5,-68.0,90
2024-07-29,22.5,-67.5,180
2024-07-29,22.5,-67.0,630
2024-07-29,22.5,-66.5,990
2024-07-29,22.5,-66.0,990
2024-07-29,22.5,-65.5,360
2024-07-29,23.0,-110.0,360
2024-07-29,23.0,-107.5,630
2024-07-29,23.0,-107.0,4770
2024-07-29,23.0,-106.5,4770
2024-07-29,23.0,-106.0,8550
2024-07-29,23.0,-105.5,9720
2024-07-29,23.0,-105.0,4320
2024-07-29,23.0,-104.5,1260
2024-07-29,23.0,-104.0,450
2024-07-29,23.0,-103.5,90
2024-07-29,23.0,-103.0,90
2024-07-29,23.0,-99.5,180
2024-07-29,23.0,-99.0,90
2024-07-29,23.0,-98.5,360
2024-07-29,23.0,-90.5,90
2024-07-29,23.0,-87.5,90
2024-07-29,23.0,-87.0,90
2024-07-29,23.0,-86.5,450
2024-07-29,23.0,-86.0,540
2024-07-29,23.0,-85.5,450
2024-07-29,23.0,-85.0,180
2024-07-29,23.0,-84.5,450
2024-07-29,23.0,-84.0,450
2024-07-29,23.0,-83.5,270
2024-07-29,23.0,-83.0,360
2024-07-29,23.0,-82.5,630
2024-07-29,23.0,-82.0,990
2024-07-29,23.0,-81.5,270
2024-07-29,23.0,-81.0,630
2024-07-29,23.0,-80.5,90
2024-07-29,23.0,-80.0,360
2024-07-29,23.0,-79.5,540
2024-07-29,23.0,-79.0,900
2024-07-29,23.0,-78.5,1530
2024-07-29,23.0,-78.0,990
2024-07-29,23.0,-77.0,270
2024-07-29,23.0,-76.0,90
2024-07-29,23.0,-75.0,180
2024-07-29,23.0,-74.5,270
2024-07-29,23.0,-74.0,90
2024-07-29,23.0,-73.5,180
2024-07-29,23.0,-71.0,90
2024-07-29,23.0,-70.0,270
2024-07-29,23.0,-69.0,270
2024-07-29,23.0,-68.5,360
2024-07-29,23.0,-68.0,360
2024-07-29,23.0,-67.5,90
2024-07-29,23.0,-67.0,1350
2024-07-29,23.0,-66.5,540
2024-07-29,23.0,-66.0,180
2024-07-29,23.0,-65.5,90
2024-07-29,23.5,-110.5,270
2024-07-29,23.5,-109.0,90
2024-07-29,23.5,-107.5,6300
2024-07-29,23.5,-107.0,6120
2024-07-29,23.5,-106.5,6930
2024-07-29,23.5,-106.0,5490
2024-07-29,23.5,-105.5,1440
2024-07-29,23.5,-105.0,720
2024-07-29,23.5,-104.5,270
2024-07-29,23.5,-103.5,990
2024-07-29,23.5,-103.0,720
2024-07-29,23.5,-102.5,90
2024-07-29,23.5,-102.0,90
2024-07-29,23.5,-100.0,90
2024-07-29,23.5,-99.0,720
2024-07-29,23.5,-97.0,180
2024-07-29,23.5,-94.0,90
2024-07-29,23.5,-93.5,90
2024-07-29,23.5,-92.0,90
2024-07-29,23.5,-89.5,90
2024-07-29,23.5,-87.5,180
2024-07-29,23.5,-87.0,180
2024-07-29,23.5,-86.5,630
2024-07-29,23.5,-86.0,630
2024-07-29,23.5,-85.5,450
2024-07-29,23.5,-85.0,270
2024-07-29,23.5,-84.5,270
2024-07-29,23.5,-84.0,450
2024-07-29,23.5,-83.5,270
2024-07-29,23.5,-83.0,90
2024-07-29,23.5,-82.5,540
2024-07-29,23.5,-82.0,900
2024-07-29,23.5,-81.5,360
2024-07-29,23.5,-81.0,1980
2024-07-29,23.5,-80.5,450
2024-07-29,23.5,-80.0,270
2024-07-29,23.5,-79.5,2340
2024-07-29,23.5,-79.0,720
2024-07-29,23.5,-78.5,1260
2024-07-29,23.5,-77.5,90
2024-07-29,23.5,-77.0,270
2024-07-29,23.5,-76.5,90
2024-07-29,23.5,-76.0,90
2024-07-29,23.5,-75.5,90
2024-07-29,23.5,-75.0,180
2024-07-29,23.5,-74.5,360
2024-07-29,23.5,-74.0,90
2024-07-29,23.5,-71.0,90
2024-07-29,23.5,-70.5,90
2024-07-29,23.5,-69.5,270
2024-07-29,23.5,-69.0,90
2024-07-29,23.5,-68.5,180
2024-07-29,23.5,-67.5,450
2024-07-29,23.5,-67.0,990
2024-07-29,23.5,-66.5,270
2024-07-29,23.5,-66.0,360
2024-07-29,24.0,-109.0,90
2024-07-29,24.0,-108.0,1260
2024-07-29,24.0,-107.5,2430
2024-07-29,24.0,-107.0,4410
2024-07-29,24.0,-106.5,5850
2024-07-29,24.0,-106.0,810
2024-07-29,24.0,-105.5,360
2024-07-29,24.0,-105.0,180
2024-07-29,24.0,-104.0,180
2024-07-29,24.0,-103.5,360
2024-07-29,24.0,-103.0,180
2024-07-29,24.0,-102.5,90
2024-07-29,24.0,-100.5,630
2024-07-29,24.0,-100.0,180
2024-07-29,24.0,-99.5,90
2024-07-29,24.0,-99.0,180
2024-07-29,24.0,-95.0,90
2024-07-29,24.0,-94.5,90
2024-07-29,24.0,-93.5,90
2024-07-29,24.0,-90.0,90
2024-07-29,24.0,-89.5,90
2024-07-29,24.0,-88.0,180
2024-07-29,24.0,-87.5,450
2024-07-29,24.0,-87.0,540
2024-07-29,24.0,-86.5,1980
2024-07-29,24.0,-86.0,1260
2024-07-29,24.0,-85.5,450
2024-07-29,24.0,-85.0,180
2024-07-29,24.0,-84.5,180
2024-07-29,24.0,-84.0,540
2024-07-29,24.0,-83.5,360
2024-07-29,24.0,-83.0,540
2024-07-29,24.0,-82.5,720
2024-07-29,24.0,-82.0,90
2024-07-29,24.0,-81.5,450
2024-07-29,24.0,-81.0,810
2024-07-29,24.0,-80.5,270
2024-07-29,24.0,-80.0,1710
2024-07-29,24.0,-79.5,2700
2024-07-29,24.0,-79.0,450
2024-07-29,24.0,-78.5,810
2024-07-29,24.0,-78.0,270
2024-07-29,24.0,-77.5,450
2024-07-29,24.0,-75.5,90
2024-07-29,24.0,-75.0,180
2024-07-29,24.0,-74.0,90
2024-07-29,24.0,-71.5,90
2024-07-29,24.0,-70.5,90
2024-07-29,24.0,-69.0,450
2024-07-29,24.0,-68.5,360
2024-07-29,24.0,-68.0,540
2024-07-29,24.0,-67.5,450
2024-07-29,24.0,-67.0,180
2024-07-29,24.0,-66.5,90
2024-07-29,24.0,-65.5,90
2024-07-29,24.5,-108.0,630
2024-07-29,24.5,-107.5,5670
2024-07-29,24.5,-107.0,4230
2024-07-29,24.5,-106.5,5220
2024-07-29,24.5,-106.0,1800
2024-07-29,24.5,-105.5,180
2024-07-29,24.5,-105.0,90
2024-07-29,24.5,-104.0,180
2024-07-29,24.5,-103.5,450
2024-07-29,24.5,-103.0,360
2024-07-29,24.5,-102.5,90
2024-07-29,24.5,-101.5,90
2024-07-29,24.5,-101.0,450
2024-07-29,24.5,-100.5,360
2024-07-29,24.5,-99.5,810
2024-07-29,24.5,-99.0,90
2024-07-29,24.5,-93.0,180
2024-07-29,24.5,-92.5,90
2024-07-29,24.5,-90.5,90
2024-07-29,24.5,-89.5,90
2024-07-29,24.5,-89.0,360
2024-07-29,24.5,-88.5,180
2024-07-29,24.5,-87.5,90
2024-07-29,24.5,-87.0,540
2024-07-29,24.5,-86.5,900
2024-07-29,24.5,-86.0,360
2024-07-29,24.5,-85.5,990
2024-07-29,24.5,-85.0,360
2024-07-29,24.5,-84.5,90
2024-07-29,24.5,-84.0,810
2024-07-29,24.5,-83.5,900
2024-07-29,24.5,-83.0,900
2024-07-29,24.5,-82.5,360
2024-07-29,24.5,-82.0,360
2024-07-29,24.5,-81.5,540
2024-07-29,24.5,-81.0,1170
2024-07-29,24.5,-80.5,630
2024-07-29,24.5,-80.0,1170
2024-07-29,24.5,-79.5,2610
2024-07-29,24.5,-79.0,360
2024-07-29,24.5,-78.5,1260
2024-07-29,24.5,-78.0,180
2024-07-29,24.5,-77.0,180
2024-07-29,24.5,-76.0,540
2024-07-29,24.5,-74.0,90
2024-07-29,24.5,-73.0,90
2024-07-29,24.5,-70.5,360
2024-07-29,24.5,-70.0,90
2024-07-29,24.5,-69.0,720
2024-07-29,24.5,-68.5,180
2024-07-29,24.5,-67.5,810
2024-07-29,24.5,-67.0,720
2024-07-29,24.5,-66.5,90
2024-07-29,25.0,-108.5,630
2024-07-29,25.0,-108.0,6390
2024-07-29,25.0,-107.5,8910
2024-07-29,25.0,-107.0,5940
2024-07-29,25.0,-106.5,3060
2024-07-29,25.0,-106.0,270
2024-07-29,25.0,-105.5,360
2024-07-29,25.0,-103.5,90
2024-07-29,25.0,-103.0,180
2024-07-29,25.0,-102.5,180
2024-07-29,25.0,-102.0,90
2024-07-29,25.0,-101.5,990
2024-07-29,25.0,-101.0,360
2024-07-29,25.0,-100.5,90
2024-07-29,25.0,-93.5,90
2024-07-29,25.0,-91.5,90
2024-07-29,25.0,-90.0,90
2024-07-29,25.0,-89.0,270
2024-07-29,25.0,-88.5,180
2024-07-29,25.0,-88.0,720
2024-07-29,25.0,-87.5,360
2024-07-29,25.0,-87.0,990
2024-07-29,25.0,-86.5,360
2024-07-29,25.0,-86.0,450
2024-07-29,25.0,-85.5,630
2024-07-29,25.0,-85.0,270
2024-07-29,25.0,-84.5,180
2024-07-29,25.0,-84.0,180
2024-07-29,25.0,-83.5,360
2024-07-29,25.0,-83.0,810
2024-07-29,25.0,-82.5,720
2024-07-29,25.0,-82.0,450
2024-07-29,25.0,-81.5,3060
2024-07-29,25.0,-81.0,2880
2024-07-29,25.0,-80.5,810
2024-07-29,25.0,-80.0,540
2024-07-29,25.0,-79.5,270
2024-07-29,25.0,-79.0,540
2024-07-29,25.0,-78.5,450
2024-07-29,25.0,-78.0,270
2024-07-29,25.0,-76.0,270
2024-07-29,25.0,-70.5,360
2024-07-29,25.0,-68.5,810
2024-07-29,25.0,-68.0,810
2024-07-29,25.5,-112.0,90
2024-07-29,25.5,-109.5,90
2024-07-29,25.5,-109.0,630
2024-07-29,25.5,-108.5,6660
2024-07-29,25.5,-108.0,12780
2024-07-29,25.5,-107.5,4950
2024-07-29,25.5,-107.0,3510
2024-07-29,25.5,-106.5,1170
2024-07-29,25.5,-106.0,450
2024-07-29,25.5,-105.5,540
2024-07-29,25.5,-105.0,180
2024-07-29,25.5,-104.5,180
2024-07-29,25.5,-103.5,90
2024-07-29,25.5,-103.0,180
2024-07-29,25.5,-92.0,90
2024-07-29,25.5,-91.5,360
2024-07-29,25.5,-90.5,180
2024-07-29,25.5,-90.0,360
2024-07-29,25.5,-89.5,180
2024-07-29,25.5,-89.0,90
2024-07-29,25.5,-88.0,90
2024-07-29,25.5,-87.5,630
2024-07-29,25.5,-87.0,630
2024-07-29,25.5,-86.5,990
2024-07-29,25.5,-86.0,3510
2024-07-29,25.5,-85.5,900
2024-07-29,25.5,-85.0,990
2024-07-29,25.5,-84.5,90
2024-07-29,25.5,-84.0,90
2024-07-29,25.5,-83.5,180
2024-07-29,25.5,-83.0,630
2024-07-29,25.5,-82.5,1620
2024-07-29,25.5,-82.0,5040
2024-07-29,25.5,-81.5,3780
2024-07-29,25.5,-81.0,2070
2024-07-29,25.5,-80.5,1980
2024-07-29,25.5,-80.0,180
2024-07-29,25.5,-79.5,1800
2024-07-29,25.5,-79.0,720
2024-07-29,25.5,-78.5,270
2024-07-29,25.5,-71.0,360
2024-07-29,26.0,-112.5,540
2024-07-29,26.0,-112.0,990
2024-07-29,26.0,-109.5,1620
2024-07-29,26.0,-109.0,4860
2024-07-29,26.0,-108.5,8460
2024-07-29,26.0,-108.0,8640
2024-07-29,26.0,-107.5,4140
2024-07-29,26.0,-107.0,1440
2024-07-29,26.0,-106.5,720
2024-07-29,26.0,-106.0,360
2024-07-29,26.0,-105.5,450
2024-07-29,26.0,-105.0,90
2024-07-29,26.0,-104.0,180
2024-07-29,26.0,-103.5,180
2024-07-29,26.0,-102.5,270
2024-07-29,26.0,-91.5,90
2024-07-29,26.0,-90.5,90
2024-07-29,26.0,-89.0,180
2024-07-29,26.0,-88.0,180
2024-07-29,26.0,-87.0,90
2024-07-29,26.0,-86.5,540
2024-07-29,26.0,-86.0,720
2024-07-29,26.0,-85.5,1440
2024-07-29,26.0,-85.0,540
2024-07-29,26.0,-84.5,810
2024-07-29,26.0,-84.0,540
2024-07-29,26.0,-83.5,270
2024-07-29,26.0,-83.0,720
2024-07-29,26.0,-82.5,1530
2024-07-29,26.0,-82.0,5940
2024-07-29,26.0,-81.5,4590
2024-07-29,26.0,-81.0,1440
2024-07-29,26.0,-80.5,4410
2024-07-29,26.0,-80.0,450
2024-07-29,26.0,-79.5,450
2024-07-29,26.0,-79.0,270
2024-07-29,26.0,-78.0,90
2024-07-29,26.0,-75.5,90
2024-07-29,26.0,-71.5,180
2024-07-29,26.0,-69.5,270
2024-07-29,26.0,-68.5,630
2024-07-29,26.0,-68.0,90
2024-07-29,26.5,-113.0,180
2024-07-29,26.5,-112.5,1440
2024-07-29,26.5,-111.0,360
2024-07-29,26.5,-110.5,990
2024-07-29,26.5,-110.0,1800
2024-07-29,26.5,-109.5,6390
2024-07-29,26.5,-109.0,4320
2024-07-29,26.5,-108.5,4860
2024-07-29,26.5,-108.0,4410
2024-07-29,26.5,-107.5,1890
2024-07-29,26.5,-107.0,1260
2024-07-29,26.5,-106.5,720
2024-07-29,26.5,-106.0,990
2024-07-29,26.5,-105.5,720
2024-07-29,26.5,-105.0,180
2024-07-29,26.5,-104.5,450
2024-07-29,26.5,-104.0,360
2024-07-29,26.5,-103.5,180
2024-07-29,26.5,-103.0,360
2024-07-29,26.5,-102.5,180
2024-07-29,26.5,-102.0,270
2024-07-29,26.5,-101.5,450
2024-07-29,26.5,-91.5,270
2024-07-29,26.5,-91.0,360
2024-07-29,26.5,-90.5,720
2024-07-29,26.5,-89.5,90
2024-07-29,26.5,-88.5,270
2024-07-29,26.5,-88.0,270
2024-07-29,26.5,-87.5,630
2024-07-29,26.5,-87.0,90
2024-07-29,26.5,-86.5,90
2024-07-29,26.5,-86.0,720
2024-07-29,26.5,-85.5,1800
2024-07-29,26.5,-85.0,1350
2024-07-29,26.5,-84.5,2430
2024-07-29,26.5,-84.0,720
2024-07-29,26.5,-83.5,900
2024-07-29,26.5,-83.0,810
2024-07-29,26.5,-82.5,1980
2024-07-29,26.5,-82.0,5940
2024-07-29,26.5,-81.5,4230
2024-07-29,26.5,-81.0,2070
2024-07-29,26.5,-80.5,630
2024-07-29,26.5,-80.0,270
2024-07-29,26.5,-79.5,2430
2024-07-29,26.5,-79.0,630
2024-07-29,26.5,-78.5,270
2024-07-29,26.5,-78.0,270
2024-07-29,26.5,-77.5,270
2024-07-29,26.5,-77.0,180
2024-07-29,26.5,-76.0,90
2024-07-29,26.5,-71.0,90
2024-07-29,26.5,-69.5,360
2024-07-29,27.0,-113.5,360
2024-07-29,27.0,-113.0,540
2024-07-29,27.0,-112.5,630
2024-07-29,27.0,-111.0,720
2024-07-29,27.0,-110.5,540
2024-07-29,27.0,-110.0,990
2024-07-29,27.0,-109.5,2790
2024-07-29,27.0,-109.0,7110
2024-07-29,27.0,-108.5,7020
2024-07-29,27.0,-108.0,3780
2024-07-29,27.0,-107.5,990
2024-07-29,27.0,-107.0,270
2024-07-29,27.0,-106.5,270
2024-07-29,27.0,-106.0,900
2024-07-29,27.0,-105.5,1440
2024-07-29,27.0,-105.0,1890
2024-07-29,27.0,-104.5,2790
2024-07-29,27.0,-104.0,450
2024-07-29,27.0,-103.5,180
2024-07-29,27.0,-103.0,720
2024-07-29,27.0,-102.5,90
2024-07-29,27.0,-92.5,90
2024-07-29,27.0,-91.5,90
2024-07-29,27.0,-90.5,1080
2024-07-29,27.0,-90.0,270
2024-07-29,27.0,-89.5,180
2024-07-29,27.0,-89.0,180
2024-07-29,27.0,-88.5,360
2024-07-29,27.0,-87.5,450
2024-07-29,27.0,-87.0,180
2024-07-29,27.0,-86.0,90
2024-07-29,27.0,-85.5,1260
2024-07-29,27.0,-85.0,630
2024-07-29,27.0,-84.5,360
2024-07-29,27.0,-84.0,2610
2024-07-29,27.0,-83.5,1710
2024-07-29,27.0,-83.0,3330
2024-07-29,27.0,-82.5,5310
2024-07-29,27.0,-82.0,8910
2024-07-29,27.0,-81.5,3510
2024-07-29,27.0,-81.0,3060
2024-07-29,27.0,-80.5,1440
2024-07-29,27.0,-80.0,2520
2024-07-29,27.0,-79.5,2430
2024-07-29,27.0,-79.0,1170
2024-07-29,27.0,-78.5,720
2024-07-29,27.0,-78.0,90
2024-07-29,27.0,-77.5,180
2024-07-29,27.0,-77.0,180
2024-07-29,27.0,-76.5,90
2024-07-29,27.5,-111.0,90
2024-07-29,27.5,-110.5,270
2024-07-29,27.5,-110.0,1170
2024-07-29,27.5,-109.5,1530
2024-07-29,27.5,-109.0,11610
2024-07-29,27.5,-108.5,9180
2024-07-29,27.5,-108.0,4950
2024-07-29,27.5,-107.5,1710
2024-07-29,27.5,-107.0,720
2024-07-29,27.5,-106.5,270
2024-07-29,27.5,-106.0,810
2024-07-29,27.5,-105.5,810
2024-07-29,27.5,-105.0,1260
2024-07-29,27.5,-104.5,1890
2024-07-29,27.5,-104.0,1170
2024-07-29,27.5,-103.5,810
2024-07-29,27.5,-103.0,720
2024-07-29,27.5,-102.5,180
2024-07-29,27.5,-100.0,90
2024-07-29,27.5,-93.0,630
2024-07-29,27.5,-92.0,360
2024-07-29,27.5,-91.5,180
2024-07-29,27.5,-90.5,630
2024-07-29,27.5,-90.0,360
2024-07-29,27.5,-89.5,270
2024-07-29,27.5,-88.5,90
2024-07-29,27.5,-88.0,90
2024-07-29,27.5,-87.5,180
2024-07-29,27.5,-87.0,450
2024-07-29,27.5,-86.5,180
2024-07-29,27.5,-86.0,540
2024-07-29,27.5,-85.5,1170
2024-07-29,27.5,-85.0,990
2024-07-29,27.5,-84.5,270
2024-07-29,27.5,-84.0,2520
2024-07-29,27.5,-83.5,2700
2024-07-29,27.5,-83.0,4230
2024-07-29,27.5,-82.5,5760
2024-07-29,27.5,-82.0,4590
2024-07-29,27.5,-81.5,4590
2024-07-29,27.5,-81.0,1710
2024-07-29,27.5,-80.5,1440
2024-07-29,27.5,-80.0,990
2024-07-29,27.5,-79.5,270
2024-07-29,27.5,-79.0,90
2024-07-29,27.5,-78.5,180
2024-07-29,27.5,-78.0,270
2024-07-29,27.5,-77.5,90
2024-07-29,27.5,-77.0,90
2024-07-29,27.5,-74.0,90
2024-07-29,27.5,-72.0,270
2024-07-29,28.0,-114.0,180
2024-07-29,28.0,-113.5,2610
2024-07-29,28.0,-111.5,90
2024-07-29,28.0,-111.0,1170
2024-07-29,28.0,-110.5,540
2024-07-29,28.0,-110.0,1080
2024-07-29,28.0,-109.5,1980
2024-07-29,28.0,-109.0,7020
2024-07-29,28.0,-108.5,4500
2024-07-29,28.0,-108.0,1170
2024-07-29,28.0,-107.5,450
2024-07-29,28.0,-107.0,180
2024-07-29,28.0,-106.5,630
2024-07-29,28.0,-106.0,450
2024-07-29,28.0,-105.5,1080
2024-07-29,28.0,-105.0,1440
2024-07-29,28.0,-104.5,1440
2024-07-29,28.0,-104.0,1980
2024-07-29,28.0,-103.5,900
2024-07-29,28.0,-103.0,180
2024-07-29,28.0,-102.5,180
2024-07-29,28.0,-99.5,270
2024-07-29,28.0,-98.0,180
2024-07-29,28.0,-97.5,450
2024-07-29,28.0,-92.5,450
2024-07-29,28.0,-91.5,1350
2024-07-29,28.0,-91.0,1710
2024-07-29,28.0,-90.5,810
2024-07-29,28.0,-89.5,90
2024-07-29,28.0,-89.0,90
2024-07-29,28.0,-88.5,90
2024-07-29,28.0,-88.0,450
2024-07-29,28.0,-87.5,540
2024-07-29,28.0,-86.5,90
2024-07-29,28.0,-86.0,270
2024-07-29,28.0,-85.5,900
2024-07-29,28.0,-85.0,810
2024-07-29,28.0,-84.5,720
2024-07-29,28.0,-84.0,360
2024-07-29,28.0,-83.5,1980
2024-07-29,28.0,-83.0,5040
2024-07-29,28.0,-82.5,3690
2024-07-29,28.0,-82.0,5940
2024-07-29,28.0,-81.5,2340
2024-07-29,28.0,-81.0,810
2024-07-29,28.0,-80.5,450
2024-07-29,28.0,-80.0,360
2024-07-29,28.0,-79.5,450
2024-07-29,28.0,-78.5,270
2024-07-29,28.0,-77.5,180
2024-07-29,28.0,-71.5,90
2024-07-29,28.5,-114.0,90
2024-07-29,28.5,-111.5,1350
2024-07-29,28.5,-111.0,1170
2024-07-29,28.5,-110.5,3780
2024-07-29,28.5,-110.0,3780
2024-07-29,28.5,-109.5,2520
2024-07-29,28.5,-109.0,1980
2024-07-29,28.5,-108.5,3690
2024-07-29,28.5,-108.0,900
2024-07-29,28.5,-107.5,900
2024-07-29,28.5,-107.0,540
2024-07-29,28.5,-106.5,450
2024-07-29,28.5,-106.0,270
2024-07-29,28.5,-105.5,90
2024-07-29,28.5,-105.0,630
2024-07-29,28.5,-104.5,810
2024-07-29,28.5,-104.0,990
2024-07-29,28.5,-103.5,450
2024-07-29,28.5,-103.0,450
2024-07-29,28.5,-102.5,360
2024-07-29,28.5,-102.0,900
2024-07-29,28.5,-101.5,90
2024-07-29,28.5,-101.0,90
2024-07-29,28.5,-98.0,90
2024-07-29,28.5,-97.5,1710
2024-07-29,28.5,-97.0,270
2024-07-29,28.5,-96.5,270
2024-07-29,28.5,-95.5,180
2024-07-29,28.5,-95.0,90
2024-07-29,28.5,-94.0,180
2024-07-29,28.5,-93.5,450
2024-07-29,28.5,-93.0,90
2024-07-29,28.5,-92.0,90
2024-07-29,28.5,-91.5,1620
2024-07-29,28.5,-91.0,2430
2024-07-29,28.5,-90.5,1620
2024-07-29,28.5,-90.0,1260
2024-07-29,28.5,-89.5,810
2024-07-29,28.5,-89.0,2160
2024-07-29,28.5,-88.5,1710
2024-07-29,28.5,-88.0,540
2024-07-29,28.5,-87.5,630
2024-07-29,28.5,-86.5,720
2024-07-29,28.5,-86.0,270
2024-07-29,28.5,-85.5,90
2024-07-29,28.5,-85.0,180
2024-07-29,28.5,-84.5,810
2024-07-29,28.5,-84.0,630
2024-07-29,28.5,-83.5,270
2024-07-29,28.5,-83.0,2790
2024-07-29,28.5,-82.5,4680
2024-07-29,28.5,-82.0,3150
2024-07-29,28.5,-81.5,3150
2024-07-29,28.5,-81.0,360
2024-07-29,28.5,-80.5,90
2024-07-29,28.5,-80.0,810
2024-07-29,28.5,-79.5,360
2024-07-29,28.5,-79.0,270
2024-07-29,28.5,-78.0,450
2024-07-29,28.5,-77.5,180
2024-07-29,28.5,-76.5,180
2024-07-29,28.5,-74.0,90
2024-07-29,28.5,-72.5,90
2024-07-29,28.5,-69.5,90
2024-07-29,29.0,-114.5,90
2024-07-29,29.0,-112.5,270
2024-07-29,29.0,-112.0,720
2024-07-29,29.0,-111.5,3240
2024-07-29,29.0,-111.0,1530
2024-07-29,29.0,-110.5,4590
2024-07-29,29.0,-110.0,4590
2024-07-29,29.0,-109.5,2610
2024-07-29,29.0,-109.0,2970
2024-07-29,29.0,-108.5,3510
2024-07-29,29.0,-108.0,720
2024-07-29,29.0,-107.5,1530
2024-07-29,29.0,-107.0,180
2024-07-29,29.0,-106.5,90
2024-07-29,29.0,-106.0,450
2024-07-29,29.0,-105.5,630
2024-07-29,29.0,-105.0,720
2024-07-29,29.0,-104.5,270
2024-07-29,29.0,-104.0,1620
2024-07-29,29.0,-103.5,540
2024-07-29,29.0,-103.0,630
2024-07-29,29.0,-102.5,1800
2024-07-29,29.0,-102.0,810
2024-07-29,29.0,-101.5,270
2024-07-29,29.0,-101.0,540
2024-07-29,29.0,-98.0,630
2024-07-29,29.0,-97.5,2160
2024-07-29,29.0,-97.0,540
2024-07-29,29.0,-96.5,180
2024-07-29,29.0,-96.0,2520
2024-07-29,29.0,-95.5,5220
2024-07-29,29.0,-95.0,1080
2024-07-29,29.0,-94.5,3870
2024-07-29,29.0,-94.0,2610
2024-07-29,29.0,-93.5,3330
2024-07-29,29.0,-93.0,270
2024-07-29,29.0,-92.5,540
2024-07-29,29.0,-92.0,450
2024-07-29,29.0,-91.5,1530
2024-07-29,29.0,-91.0,2430
2024-07-29,29.0,-90.5,1080
2024-07-29,29.0,-90.0,540
2024-07-29,29.0,-89.5,810
2024-07-29,29.0,-89.0,2340
2024-07-29,29.0,-88.5,2520
2024-07-29,29.0,-88.0,2970
2024-07-29,29.0,-87.5,720
2024-07-29,29.0,-87.0,450
2024-07-29,29.0,-86.5,270
2024-07-29,29.0,-86.0,1620
2024-07-29,29.0,-85.5,1350
2024-07-29,29.0,-85.0,720
2024-07-29,29.0,-84.5,90
2024-07-29,29.0,-84.0,630
2024-07-29,29.0,-83.5,1170
2024-07-29,29.0,-83.0,2520
2024-07-29,29.0,-82.5,3420
2024-07-29,29.0,-82.0,2790
2024-07-29,29.0,-81.5,2430
2024-07-29,29.0,-80.5,360
2024-07-29,29.0,-80.0,540
2024-07-29,29.0,-79.5,810
2024-07-29,29.0,-78.5,90
2024-07-29,29.0,-78.0,180
2024-07-29,29.0,-77.5,90
2024-07-29,29.0,-77.0,90
2024-07-29,29.0,-76.5,90
2024-07-29,29.0,-76.0,90
2024-07-29,29.0,-75.5,90
2024-07-29,29.0,-75.0,180
2024-07-29,29.0,-74.5,90
2024-07-29,29.0,-73.0,90
2024-07-29,29.0,-72.5,90
2024-07-29,29.0,-69.0,90
2024-07-29,29.5,-113.0,90
2024-07-29,29.5,-112.5,2610
2024-07-29,29.5,-112.0,1260
2024-07-29,29.5,-111.5,3330
2024-07-29,29.5,-111.0,3150
2024-07-29,29.5,-110.5,1800
2024-07-29,29.5,-110.0,4140
2024-07-29,29.5,-109.5,1890
2024-07-29,29.5,-109.0,2160
2024-07-29,29.5,-108.5,3330
2024-07-29,29.5,-108.0,1350
2024-07-29,29.5,-107.5,1620
2024-07-29,29.5,-107.0,630
2024-07-29,29.5,-106.5,540
2024-07-29,29.5,-106.0,540
2024-07-29,29.5,-105.5,630
2024-07-29,29.5,-105.0,810
2024-07-29,29.5,-104.5,990
2024-07-29,29.5,-104.0,2790
2024-07-29,29.5,-103.5,1710
2024-07-29,29.5,-103.0,270
2024-07-29,29.5,-102.5,1530
2024-07-29,29.5,-102.0,1980
2024-07-29,29.5,-101.5,3060
2024-07-29,29.5,-101.0,180
2024-07-29,29.5,-100.0,720
2024-07-29,29.5,-99.5,810
2024-07-29,29.5,-99.0,540
2024-07-29,29.5,-98.0,540
2024-07-29,29.5,-97.5,90
2024-07-29,29.5,-97.0,180
2024-07-29,29.5,-96.0,90
2024-07-29,29.5,-95.5,270
2024-07-29,29.5,-95.0,3510
2024-07-29,29.5,-94.5,4950
2024-07-29,29.5,-94.0,5310
2024-07-29,29.5,-93.5,4230
2024-07-29,29.5,-93.0,3150
2024-07-29,29.5,-92.5,2880
2024-07-29,29.5,-92.0,3600
2024-07-29,29.5,-91.5,1890
2024-07-29,29.5,-91.0,810
2024-07-29,29.5,-90.5,810
2024-07-29,29.5,-90.0,720
2024-07-29,29.5,-89.5,2970
2024-07-29,29.5,-89.0,90
2024-07-29,29.5,-88.5,270
2024-07-29,29.5,-88.0,3240
2024-07-29,29.5,-87.5,180
2024-07-29,29.5,-87.0,2700
2024-07-29,29.5,-86.5,90
2024-07-29,29.5,-86.0,990
2024-07-29,29.5,-85.5,4680
2024-07-29,29.5,-85.0,4500
2024-07-29,29.5,-84.5,2250
2024-07-29,29.5,-84.0,990
2024-07-29,29.5,-83.5,3960
2024-07-29,29.5,-83.0,1170
2024-07-29,29.5,-82.5,2880
2024-07-29,29.5,-82.0,1170
2024-07-29,29.5,-81.5,1530
2024-07-29,29.5,-80.5,810
2024-07-29,29.5,-80.0,720
2024-07-29,29.5,-79.5,810
2024-07-29,29.5,-79.0,450
2024-07-29,29.5,-78.0,360
2024-07-29,29.5,-77.5,720
2024-07-29,29.5,-76.5,90
2024-07-29,29.5,-76.0,90
2024-07-29,29.5,-75.0,90
2024-07-29,29.5,-69.5,90
2024-07-29,29.5,-68.5,90
2024-07-29,30.0,-115.5,630
2024-07-29,30.0,-115.0,90
2024-07-29,30.0,-113.0,180
2024-07-29,30.0,-112.5,1800
2024-07-29,30.0,-112.0,4140
2024-07-29,30.0,-111.5,1620
2024-07-29,30.0,-111.0,1800
2024-07-29,30.0,-110.5,1620
2024-07-29,30.0,-110.0,3060
2024-07-29,30.0,-109.5,1260
2024-07-29,30.0,-109.0,2520
2024-07-29,30.0,-108.5,2520
2024-07-29,30.0,-108.0,1440
2024-07-29,30.0,-107.5,1080
2024-07-29,30.0,-107.0,90
2024-07-29,30.0,-106.5,90
2024-07-29,30.0,-106.0,360
2024-07-29,30.0,-105.5,630
2024-07-29,30.0,-105.0,1080
2024-07-29,30.0,-104.5,990
2024-07-29,30.0,-104.0,990
2024-07-29,30.0,-103.5,2790
2024-07-29,30.0,-103.0,810
2024-07-29,30.0,-102.5,1260
2024-07-29,30.0,-102.0,720
2024-07-29,30.0,-101.5,2250
2024-07-29,30.0,-101.0,1620
2024-07-29,30.0,-100.5,2250
2024-07-29,30.0,-100.0,990
2024-07-29,30.0,-99.5,1890
2024-07-29,30.0,-99.0,810
2024-07-29,30.0,-98.5,180
2024-07-29,30.0,-98.0,180
2024-07-29,30.0,-97.0,90
2024-07-29,30.0,-96.5,540
2024-07-29,30.0,-96.0,2970
2024-07-29,30.0,-95.5,1440
2024-07-29,30.0,-95.0,1620
2024-07-29,30.0,-94.5,180
2024-07-29,30.0,-94.0,810
2024-07-29,30.0,-93.5,1980
2024-07-29,30.0,-93.0,4680
2024-07-29,30.0,-92.5,1530
2024-07-29,30.0,-92.0,1260
2024-07-29,30.0,-91.5,2250
2024-07-29,30.0,-91.0,3060
2024-07-29,30.0,-90.5,1620
2024-07-29,30.0,-90.0,630
2024-07-29,30.0,-89.5,1350
2024-07-29,30.0,-89.0,990
2024-07-29,30.0,-88.5,360
2024-07-29,30.0,-88.0,3150
2024-07-29,30.0,-87.5,5400
2024-07-29,30.0,-87.0,2520
2024-07-29,30.0,-86.5,9090
2024-07-29,30.0,-86.0,5310
2024-07-29,30.0,-85.5,6930
2024-07-29,30.0,-85.0,5400
2024-07-29,30.0,-84.5,6120
2024-07-29,30.0,-84.0,3150
2024-07-29,30.0,-83.5,2970
2024-07-29,30.0,-83.0,4860
2024-07-29,30.0,-82.5,1890
2024-07-29,30.0,-82.0,1620
2024-07-29,30.0,-80.5,90
2024-07-29,30.0,-80.0,810
2024-07-29,30.0,-79.5,270
2024-07-29,30.0,-79.0,180
2024-07-29,30.0,-78.5,180
2024-07-29,30.0,-78.0,270
2024-07-29,30.0,-77.5,180
2024-07-29,30.0,-77.0,90
2024-07-29,30.0,-70.0,90
2024-07-29,30.0,-69.0,90
2024-07-29,30.0,-68.5,90
2024-07-29,30.5,-115.5,900
2024-07-29,30.5,-113.5,90
2024-07-29,30.5,-113.0,360
2024-07-29,30.5,-112.5,1800
2024-07-29,30.5,-112.0,900
2024-07-29,30.5,-111.5,1530
2024-07-29,30.5,-111.0,1260
2024-07-29,30.5,-110.5,2430
2024-07-29,30.5,-110.0,2610
2024-07-29,30.5,-109.5,1350
2024-07-29,30.5,-109.0,1800
2024-07-29,30.5,-108.5,1800
2024-07-29,30.5,-108.0,900
2024-07-29,30.5,-107.5,360
2024-07-29,30.5,-107.0,990
2024-07-29,30.5,-106.5,90
2024-07-29,30.5,-105.5,270
2024-07-29,30.5,-105.0,540
2024-07-29,30.5,-104.5,630
2024-07-29,30.5,-104.0,900
2024-07-29,30.5,-103.5,1440
2024-07-29,30.5,-103.0,450
2024-07-29,30.5,-102.5,900
2024-07-29,30.5,-102.0,1260
2024-07-29,30.5,-101.5,1260
2024-07-29,30.5,-101.0,990
2024-07-29,30.5,-100.5,2160
2024-07-29,30.5,-100.0,2430
2024-07-29,30.5,-99.5,90
2024-07-29,30.5,-99.0,1980
2024-07-29,30.5,-98.5,990
2024-07-29,30.5,-97.0,180
2024-07-29,30.5,-96.5,630
2024-07-29,30.5,-96.0,180
2024-07-29,30.5,-95.5,180
2024-07-29,30.5,-95.0,1260
2024-07-29,30.5,-94.5,4680
2024-07-29,30.5,-94.0,1170
2024-07-29,30.5,-93.5,1800
2024-07-29,30.5,-92.0,270
2024-07-29,30.5,-91.5,1890
2024-07-29,30.5,-91.0,3420
2024-07-29,30.5,-90.5,4410
2024-07-29,30.5,-90.0,270
2024-07-29,30.5,-89.5,3420
2024-07-29,30.5,-89.0,90
2024-07-29,30.5,-88.5,2070
2024-07-29,30.5,-88.0,4050
2024-07-29,30.5,-87.5,4860
2024-07-29,30.5,-87.0,6030
2024-07-29,30.5,-86.5,5040
2024-07-29,30.5,-86.0,4410
2024-07-29,30.5,-85.5,2970
2024-07-29,30.5,-85.0,4680
2024-07-29,30.5,-84.5,7290
2024-07-29,30.5,-84.0,7740
2024-07-29,30.5,-83.5,2520
2024-07-29,30.5,-83.0,3600
2024-07-29,30.5,-82.5,2970
2024-07-29,30.5,-82.0,2070
2024-07-29,30.5,-80.5,360
2024-07-29,30.5,-79.5,90
2024-07-29,30.5,-79.0,270
2024-07-29,30.5,-78.5,90
2024-07-29,30.5,-78.0,90
2024-07-29,30.5,-77.5,270
2024-07-29,30.5,-77.0,270
2024-07-29,30.5,-76.5,360
2024-07-29,30.5,-76.0,540
2024-07-29,30.5,-75.5,90
2024-07-29,30.5,-75.0,90
2024-07-29,30.5,-68.5,180
2024-07-29,30.5,-68.0,90
2024-07-29,30.5,-67.0,90
2024-07-29,31.0,-116.0,2160
2024-07-29,31.0,-115.5,720
2024-07-29,31.0,-113.0,540
2024-07-29,31.0,-112.5,1260
2024-07-29,31.0,-112.0,1350
2024-07-29,31.0,-111.5,1800
2024-07-29,31.0,-111.0,1800
2024-07-29,31.0,-110.5,2250
2024-07-29,31.0,-110.0,2700
2024-07-29,31.0,-109.5,1530
2024-07-29,31.0,-109.0,990
2024-07-29,31.0,-108.5,810
2024-07-29,31.0,-108.0,810
2024-07-29,31.0,-107.5,1350
2024-07-29,31.0,-107.0,810
2024-07-29,31.0,-106.5,180
2024-07-29,31.0,-105.5,90
2024-07-29,31.0,-105.0,180
2024-07-29,31.0,-104.5,180
2024-07-29,31.0,-104.0,270
2024-07-29,31.0,-103.5,630
2024-07-29,31.0,-102.5,270
2024-07-29,31.0,-101.5,990
2024-07-29,31.0,-101.0,270
2024-07-29,31.0,-100.5,720
2024-07-29,31.0,-100.0,630
2024-07-29,31.0,-99.0,90
2024-07-29,31.0,-95.0,90
2024-07-29,31.0,-94.5,1980
2024-07-29,31.0,-94.0,4770
2024-07-29,31.0,-93.5,1530
2024-07-29,31.0,-93.0,2160
2024-07-29,31.0,-92.5,270
2024-07-29,31.0,-92.0,720
2024-07-29,31.0,-91.5,270
2024-07-29,31.0,-91.0,2070
2024-07-29,31.0,-90.5,270
2024-07-29,31.0,-90.0,810
2024-07-29,31.0,-89.5,1170
2024-07-29,31.0,-89.0,990
2024-07-29,31.0,-88.5,1260
2024-07-29,31.0,-88.0,90
2024-07-29,31.0,-87.5,3690
2024-07-29,31.0,-87.0,8010
2024-07-29,31.0,-86.5,7200
2024-07-29,31.0,-86.0,7920
2024-07-29,31.0,-85.5,9720
2024-07-29,31.0,-85.0,6120
2024-07-29,31.0,-84.5,6480
2024-07-29,31.0,-84.0,3150
2024-07-29,31.0,-83.5,5220
2024-07-29,31.0,-83.0,2250
2024-07-29,31.0,-82.5,6930
2024-07-29,31.0,-82.0,2160
2024-07-29,31.0,-81.5,900
2024-07-29,31.0,-80.5,270
2024-07-29,31.0,-80.0,90
2024-07-29,31.0,-78.5,90
2024-07-29,31.0,-78.0,90
2024-07-29,31.0,-77.5,270
2024-07-29,31.0,-77.0,90
2024-07-29,31.0,-76.5,360
2024-07-29,31.0,-76.0,90
2024-07-29,31.0,-75.5,180
2024-07-29,31.0,-74.5,270
2024-07-29,31.0,-74.0,270
2024-07-29,31.0,-71.5,180
2024-07-29,31.0,-71.0,90
2024-07-29,31.0,-68.5,180
2024-07-29,31.0,-68.0,90
2024-07-29,31.5,-116.5,180
2024-07-29,31.5,-116.0,2160
2024-07-29,31.5,-113.5,180
2024-07-29,31.5,-113.0,1710
2024-07-29,31.5,-112.5,360
2024-07-29,31.5,-112.0,1620
2024-07-29,31.5,-111.5,1980
2024-07-29,31.5,-111.0,2430
2024-07-29,31.5,-110.5,900
2024-07-29,31.5,-110.0,1260
2024-07-29,31.5,-109.5,1800
2024-07-29,31.5,-109.0,1080
2024-07-29,31.5,-108.5,900
2024-07-29,31.5,-108.0,1080
2024-07-29,31.5,-107.5,450
2024-07-29,31.5,-107.0,540
2024-07-29,31.5,-106.5,720
2024-07-29,31.5,-106.0,180
2024-07-29,31.5,-105.5,270
2024-07-29,31.5,-105.0,540
2024-07-29,31.5,-104.5,990
2024-07-29,31.5,-104.0,270
2024-07-29,31.5,-103.0,90
2024-07-29,31.5,-102.5,360
2024-07-29,31.5,-102.0,450
2024-07-29,31.5,-101.5,720
2024-07-29,31.5,-101.0,360
2024-07-29,31.5,-100.5,2520
2024-07-29,31.5,-100.0,1260
2024-07-29,31.5,-99.0,90
2024-07-29,31.5,-94.0,540
2024-07-29,31.5,-93.5,3240
2024-07-29,31.5,-93.0,180
2024-07-29,31.5,-89.5,990
2024-07-29,31.5,-89.0,3060
2024-07-29,31.5,-88.5,90
2024-07-29,31.5,-88.0,1080
2024-07-29,31.5,-87.5,2340
2024-07-29,31.5,-87.0,3330
2024-07-29,31.5,-86.5,3150
2024-07-29,31.5,-86.0,4050
2024-07-29,31.5,-85.5,6300
2024-07-29,31.5,-85.0,5130
2024-07-29,31.5,-84.5,7650
2024-07-29,31.5,-84.0,5850
2024-07-29,31.5,-83.5,7740
2024-07-29,31.5,-83.0,8640
2024-07-29,31.5,-82.5,8370
2024-07-29,31.5,-82.0,3960
2024-07-29,31.5,-81.5,6390
2024-07-29,31.5,-81.0,630
2024-07-29,31.5,-80.0,540
2024-07-29,31.5,-79.0,450
2024-07-29,31.5,-78.0,180
2024-07-29,31.5,-77.5,360
2024-07-29,31.5,-77.0,1080
2024-07-29,31.5,-76.5,360
2024-07-29,31.5,-76.0,540
2024-07-29,31.5,-75.0,180
2024-07-29,31.5,-74.5,90
2024-07-29,31.5,-74.0,540
2024-07-29,31.5,-73.5,540
2024-07-29,31.5,-68.5,90
2024-07-29,32.0,-116.5,90
2024-07-29,32.0,-116.0,90
2024-07-29,32.0,-114.0,810
2024-07-29,32.0,-113.5,2160
2024-07-29,32.0,-113.0,2520
2024-07-29,32.0,-112.5,2160
2024-07-29,32.0,-112.0,2250
2024-07-29,32.0,-111.5,450
2024-07-29,32.0,-111.0,2340
2024-07-29,32.0,-110.5,990
2024-07-29,32.0,-110.0,1080
2024-07-29,32.0,-109.5,810
2024-07-29,32.0,-109.0,360
2024-07-29,32.0,-108.5,2160
2024-07-29,32.0,-108.0,360
2024-07-29,32.0,-107.5,360
2024-07-29,32.0,-107.0,90
2024-07-29,32.0,-106.5,630
2024-07-29,32.0,-106.0,180
2024-07-29,32.0,-105.5,2340
2024-07-29,32.0,-105.0,720
2024-07-29,32.0,-104.5,90
2024-07-29,32.0,-102.5,450
2024-07-29,32.0,-102.0,540
2024-07-29,32.0,-101.5,270
2024-07-29,32.0,-101.0,90
2024-07-29,32.0,-100.5,90
2024-07-29,32.0,-98.5,360
2024-07-29,32.0,-96.5,90
2024-07-29,32.0,-96.0,90
2024-07-29,32.0,-89.5,90
2024-07-29,32.0,-89.0,990
2024-07-29,32.0,-88.5,2520
2024-07-29,32.0,-88.0,810
2024-07-29,32.0,-87.5,1980
2024-07-29,32.0,-87.0,2430
2024-07-29,32.0,-86.5,1800
2024-07-29,32.0,-86.0,1890
2024-07-29,32.0,-85.5,2250
2024-07-29,32.0,-85.0,11520
2024-07-29,32.0,-84.5,3150
2024-07-29,32.0,-84.0,8370
2024-07-29,32.0,-83.5,7380
2024-07-29,32.0,-83.0,5850
2024-07-29,32.0,-82.5,5850
2024-07-29,32.0,-82.0,3600
2024-07-29,32.0,-81.5,2520
2024-07-29,32.0,-81.0,2160
2024-07-29,32.0,-79.5,180
2024-07-29,32.0,-79.0,630
2024-07-29,32.0,-78.5,1980
2024-07-29,32.0,-78.0,2520
2024-07-29,32.0,-77.5,3600
2024-07-29,32.0,-77.0,1170
2024-07-29,32.0,-76.5,1170
2024-07-29,32.0,-76.0,450
2024-07-29,32.0,-75.5,450
2024-07-29,32.0,-75.0,180
2024-07-29,32.0,-73.5,630
2024-07-29,32.0,-73.0,450
2024-07-29,32.0,-68.0,90
2024-07-29,32.0,-67.5,90
2024-07-29,32.0,-67.0,90
2024-07-29,32.0,-66.0,90
2024-07-29,32.5,-117.0,360
2024-07-29,32.5,-116.5,990
2024-07-29,32.5,-114.5,720
2024-07-29,32.5,-114.0,450
2024-07-29,32.5,-113.5,1080
2024-07-29,32.5,-113.0,1890
2024-07-29,32.5,-112.5,990
2024-07-29,32.5,-112.0,90
2024-07-29,32.5,-111.5,630
2024-07-29,32.5,-111.0,1350
2024-07-29,32.5,-110.5,1350
2024-07-29,32.5,-110.0,630
2024-07-29,32.5,-109.5,540
2024-07-29,32.5,-109.0,1080
2024-07-29,32.5,-108.5,1620
2024-07-29,32.5,-108.0,720
2024-07-29,32.5,-107.5,810
2024-07-29,32.5,-107.0,360
2024-07-29,32.5,-106.5,450
2024-07-29,32.5,-106.0,1260
2024-07-29,32.5,-105.5,540
2024-07-29,32.5,-105.0,1260
2024-07-29,32.5,-104.5,270
2024-07-29,32.5,-104.0,90
2024-07-29,32.5,-102.5,270
2024-07-29,32.5,-102.0,90
2024-07-29,32.5,-99.0,450
2024-07-29,32.5,-98.5,1440
2024-07-29,32.5,-98.0,360
2024-07-29,32.5,-97.5,1980
2024-07-29,32.5,-97.0,630
2024-07-29,32.5,-91.0,360
2024-07-29,32.5,-89.5,90
2024-07-29,32.5,-88.5,1350
2024-07-29,32.5,-88.0,2610
2024-07-29,32.5,-87.5,1080
2024-07-29,32.5,-87.0,1170
2024-07-29,32.5,-86.5,2340
2024-07-29,32.5,-86.0,2160
2024-07-29,32.5,-85.5,2700
2024-07-29,32.5,-85.0,6930
2024-07-29,32.5,-84.5,9180
2024-07-29,32.5,-84.0,8820
2024-07-29,32.5,-83.5,2610
2024-07-29,32.5,-83.0,9990
2024-07-29,32.5,-82.5,5220
2024-07-29,32.5,-82.0,1980
2024-07-29,32.5,-81.5,7290
2024-07-29,32.5,-81.0,2520
2024-07-29,32.5,-80.5,540
2024-07-29,32.5,-80.0,720
2024-07-29,32.5,-79.5,2430
2024-07-29,32.5,-79.0,2970
2024-07-29,32.5,-78.5,7830
2024-07-29,32.5,-78.0,4050
2024-07-29,32.5,-77.5,3600
2024-07-29,32.5,-77.0,1440
2024-07-29,32.5,-76.5,2430
2024-07-29,32.5,-76.0,2520
2024-07-29,32.5,-75.5,630
2024-07-29,32.5,-75.0,90
2024-07-29,32.5,-74.5,540
2024-07-29,32.5,-73.5,90
2024-07-29,32.5,-73.0,90
2024-07-29,32.5,-72.5,630
2024-07-29,32.5,-70.0,90
2024-07-29,32.5,-69.0,360
2024-07-29,33.0,-114.5,90
2024-07-29,33.0,-114.0,540
2024-07-29,33.0,-113.5,450
2024-07-29,33.0,-113.0,450
2024-07-29,33.0,-112.5,180
2024-07-29,33.0,-111.5,360
2024-07-29,33.0,-111.0,1440
2024-07-29,33.0,-110.5,1350
2024-07-29,33.0,-110.0,270
2024-07-29,33.0,-109.5,810
2024-07-29,33.0,-109.0,2430
2024-07-29,33.0,-108.5,1800
2024-07-29,33.0,-108.0,450
2024-07-29,33.0,-107.5,1440
2024-07-29,33.0,-107.0,990
2024-07-29,33.0,-106.5,360
2024-07-29,33.0,-106.0,990
2024-07-29,33.0,-105.5,180
2024-07-29,33.0,-104.5,270
2024-07-29,33.0,-102.5,90
2024-07-29,33.0,-98.0,90
2024-07-29,33.0,-97.5,630
2024-07-29,33.0,-97.0,900
2024-07-29,33.0,-89.0,2340
2024-07-29,33.0,-88.5,4950
2024-07-29,33.0,-88.0,7200
2024-07-29,33.0,-87.5,1530
2024-07-29,33.0,-87.0,4050
2024-07-29,33.0,-86.5,1350
2024-07-29,33.0,-86.0,2070
2024-07-29,33.0,-85.5,3240
2024-07-29,33.0,-85.0,2520
2024-07-29,33.0,-84.5,5310
2024-07-29,33.0,-84.0,6030
2024-07-29,33.0,-83.5,5580
2024-07-29,33.0,-83.0,7290
2024-07-29,33.0,-82.5,9900
2024-07-29,33.0,-82.0,5220
2024-07-29,33.0,-81.5,5760
2024-07-29,33.0,-81.0,13860
2024-07-29,33.0,-80.5,1620
2024-07-29,33.0,-80.0,4500
2024-07-29,33.0,-79.5,2790
2024-07-29,33.0,-79.0,990
2024-07-29,33.0,-78.5,3420
2024-07-29,33.0,-78.0,900
2024-07-29,33.0,-77.5,1800
2024-07-29,33.0,-77.0,1080
2024-07-29,33.0,-76.5,1170
2024-07-29,33.0,-76.0,1260
2024-07-29,33.0,-75.5,630
2024-07-29,33.0,-75.0,180
2024-07-29,33.0,-73.5,90
2024-07-29,33.0,-72.5,90
2024-07-29,33.0,-72.0,180
2024-07-29,33.0,-71.5,450
2024-07-29,33.0,-71.0,360
2024-07-29,33.0,-69.5,360
2024-07-29,33.0,-68.5,360
2024-07-29,33.0,-67.5,90
2024-07-29,33.0,-67.0,90
2024-07-29,33.5,-114.5,90
2024-07-29,33.5,-113.5,180
2024-07-29,33.5,-113.0,90
2024-07-29,33.5,-111.5,540
2024-07-29,33.5,-111.0,1260
2024-07-29,33.5,-110.5,900
2024-07-29,33.5,-110.0,1710
2024-07-29,33.5,-109.5,1800
2024-07-29,33.5,-109.0,1620
2024-07-29,33.5,-108.5,990
2024-07-29,33.5,-108.0,720
2024-07-29,33.5,-107.5,900
2024-07-29,33.5,-107.0,540
2024-07-29,33.5,-106.5,1080
2024-07-29,33.5,-106.0,1170
2024-07-29,33.5,-105.5,630
2024-07-29,33.5,-105.0,270
2024-07-29,33.5,-104.5,270
2024-07-29,33.5,-104.0,450
2024-07-29,33.5,-103.0,180
2024-07-29,33.5,-102.5,90
2024-07-29,33.5,-90.0,90
2024-07-29,33.5,-89.5,1530
2024-07-29,33.5,-89.0,1440
2024-07-29,33.5,-88.5,2430
2024-07-29,33.5,-88.0,4500
2024-07-29,33.5,-87.5,3870
2024-07-29,33.5,-87.0,1350
2024-07-29,33.5,-86.5,5130
2024-07-29,33.5,-86.0,1530
2024-07-29,33.5,-85.5,1170
2024-07-29,33.5,-85.0,4140
2024-07-29,33.5,-84.5,4770
2024-07-29,33.5,-84.0,4320
2024-07-29,33.5,-83.5,3690
2024-07-29,33.5,-83.0,7200
2024-07-29,33.5,-82.5,7650
2024-07-29,33.5,-82.0,4320
2024-07-29,33.5,-81.5,2880
2024-07-29,33.5,-81.0,4770
2024-07-29,33.5,-80.5,3240
2024-07-29,33.5,-80.0,2250
2024-07-29,33.5,-79.5,3330
2024-07-29,33.5,-79.0,2070
2024-07-29,33.5,-78.5,900
2024-07-29,33.5,-78.0,180
2024-07-29,33.5,-77.5,360
2024-07-29,33.5,-77.0,1800
2024-07-29,33.5,-76.5,1530
2024-07-29,33.5,-76.0,1350
2024-07-29,33.5,-75.5,1080
2024-07-29,33.5,-75.0,900
2024-07-29,33.5,-74.5,540
2024-07-29,33.5,-74.0,90
2024-07-29,33.5,-73.0,180
2024-07-29,33.5,-72.5,90
2024-07-29,33.5,-72.0,270
2024-07-29,33.5,-71.5,90
2024-07-29,33.5,-71.0,360
2024-07-29,33.5,-70.5,180
2024-07-29,33.5,-70.0,90
2024-07-29,33.5,-69.0,90
2024-07-29,33.5,-68.5,180
2024-07-29,33.5,-68.0,180
2024-07-29,33.5,-67.5,90
2024-07-29,33.5,-67.0,90
2024-07-29,33.5,-66.5,180
2024-07-29,33.5,-66.0,270
2024-07-29,34.0,-117.0,90
2024-07-29,34.0,-115.0,90
2024-07-29,34.0,-114.0,90
2024-07-29,34.0,-113.5,360
2024-07-29,34.0,-113.0,540
2024-07-29,34.0,-112.5,630
2024-07-29,34.0,-112.0,360
2024-07-29,34.0,-111.5,720
2024-07-29,34.0,-111.0,2250
2024-07-29,34.0,-110.5,1260
2024-07-29,34.0,-110.0,720
2024-07-29,34.0,-109.5,1350
2024-07-29,34.0,-109.0,180
2024-07-29,34.0,-108.5,90
2024-07-29,34.0,-108.0,360
2024-07-29,34.0,-107.5,810
2024-07-29,34.0,-107.0,1080
2024-07-29,34.0,-106.5,720
2024-07-29,34.0,-106.0,990
2024-07-29,34.0,-105.5,900
2024-07-29,34.0,-105.0,1350
2024-07-29,34.0,-104.5,1890
2024-07-29,34.0,-104.0,1170
2024-07-29,34.0,-103.5,180
2024-07-29,34.0,-103.0,990
2024-07-29,34.0,-102.5,90
2024-07-29,34.0,-90.0,90
2024-07-29,34.0,-88.5,360
2024-07-29,34.0,-88.0,1620
2024-07-29,34.0,-87.5,360
2024-07-29,34.0,-87.0,2970
2024-07-29,34.0,-86.5,6570
2024-07-29,34.0,-86.0,1170
2024-07-29,34.0,-85.5,900
2024-07-29,34.0,-85.0,450
2024-07-29,34.0,-84.5,810
2024-07-29,34.0,-84.0,1350
2024-07-29,34.0,-83.5,720
2024-07-29,34.0,-83.0,1530
2024-07-29,34.0,-82.5,5040
2024-07-29,34.0,-82.0,6210
2024-07-29,34.0,-81.5,6930
2024-07-29,34.0,-81.0,7650
2024-07-29,34.0,-80.5,6660
2024-07-29,34.0,-80.0,4410
2024-07-29,34.0,-79.5,4050
2024-07-29,34.0,-79.0,2070
2024-07-29,34.0,-78.5,2700
2024-07-29,34.0,-78.0,3150
2024-07-29,34.0,-77.5,270
2024-07-29,34.0,-77.0,180
2024-07-29,34.0,-76.5,450
2024-07-29,34.0,-76.0,990
2024-07-29,34.0,-75.5,630
2024-07-29,34.0,-75.0,540
2024-07-29,34.0,-74.5,720
2024-07-29,34.0,-72.5,90
2024-07-29,34.0,-72.0,90
2024-07-29,34.0,-70.5,90
2024-07-29,34.0,-69.5,90
2024-07-29,34.0,-69.0,90
2024-07-29,34.0,-68.5,90
2024-07-29,34.0,-68.0,540
2024-07-29,34.0,-67.5,90
2024-07-29,34.0,-67.0,90
2024-07-29,34.0,-66.5,360
2024-07-29,34.0,-66.0,1350
2024-07-29,34.0,-65.5,630
2024-07-29,34.5,-119.5,90
2024-07-29,34.5,-118.0,90
2024-07-29,34.5,-117.0,90
2024-07-29,34.5,-114.0,90
2024-07-29,34.5,-113.5,270
2024-07-29,34.5,-113.0,540
2024-07-29,34.5,-112.5,630
2024-07-29,34.5,-112.0,450
2024-07-29,34.5,-111.5,540
2024-07-29,34.5,-111.0,810
2024-07-29,34.5,-110.5,450
2024-07-29,34.5,-110.0,450
2024-07-29,34.5,-109.5,90
2024-07-29,34.5,-109.0,90
2024-07-29,34.5,-108.0,180
2024-07-29,34.5,-107.5,990
2024-07-29,34.5,-107.0,810
2024-07-29,34.5,-106.5,180
2024-07-29,34.5,-106.0,630
2024-07-29,34.5,-105.5,450
2024-07-29,34.5,-105.0,810
2024-07-29,34.5,-104.5,1170
2024-07-29,34.5,-104.0,1080
2024-07-29,34.5,-103.5,1260
2024-07-29,34.5,-103.0,1260
2024-07-29,34.5,-102.5,90
2024-07-29,34.5,-96.0,90
2024-07-29,34.5,-95.5,180
2024-07-29,34.5,-95.0,270
2024-07-29,34.5,-94.5,180
2024-07-29,34.5,-88.0,90
2024-07-29,34.5,-87.5,1440
2024-07-29,34.5,-87.0,1800
2024-07-29,34.5,-86.5,3240
2024-07-29,34.5,-86.0,1710
2024-07-29,34.5,-85.5,1350
2024-07-29,34.5,-85.0,2880
2024-07-29,34.5,-84.5,1530
2024-07-29,34.5,-84.0,3510
2024-07-29,34.5,-83.5,1260
2024-07-29,34.5,-83.0,1350
2024-07-29,34.5,-82.5,1980
2024-07-29,34.5,-82.0,3240
2024-07-29,34.5,-81.5,6390
2024-07-29,34.5,-81.0,3870
2024-07-29,34.5,-80.5,2700
2024-07-29,34.5,-80.0,2250
2024-07-29,34.5,-79.5,5490
2024-07-29,34.5,-79.0,2790
2024-07-29,34.5,-78.5,3600
2024-07-29,34.5,-78.0,5220
2024-07-29,34.5,-77.5,2070
2024-07-29,34.5,-77.0,360
2024-07-29,34.5,-76.5,360
2024-07-29,34.5,-76.0,180
2024-07-29,34.5,-75.5,270
2024-07-29,34.5,-75.0,990
2024-07-29,34.5,-74.5,1440
2024-07-29,34.5,-74.0,810
2024-07-29,34.5,-73.0,90
2024-07-29,34.5,-71.5,180
2024-07-29,34.5,-71.0,90
2024-07-29,34.5,-70.5,90
2024-07-29,34.5,-69.5,90
2024-07-29,34.5,-69.0,90
2024-07-29,34.5,-68.5,270
2024-07-29,34.5,-68.0,180
2024-07-29,34.5,-67.5,360
2024-07-29,34.5,-67.0,450
2024-07-29,34.5,-66.5,1170
2024-07-29,34.5,-66.0,630
2024-07-29,34.5,-65.5,900
2024-07-29,35.0,-117.5,180
2024-07-29,35.0,-117.0,180
2024-07-29,35.0,-114.0,180
2024-07-29,35.0,-113.5,270
2024-07-29,35.0,-113.0,720
2024-07-29,35.0,-112.5,810
2024-07-29,35.0,-112.0,2430
2024-07-29,35.0,-111.5,1260
2024-07-29,35.0,-110.5,270
2024-07-29,35.0,-110.0,450
2024-07-29,35.0,-109.5,450
2024-07-29,35.0,-109.0,180
2024-07-29,35.0,-108.5,540
2024-07-29,35.0,-108.0,90
2024-07-29,35.0,-107.5,450
2024-07-29,35.0,-107.0,720
2024-07-29,35.0,-106.5,90
2024-07-29,35.0,-106.0,1440
2024-07-29,35.0,-105.5,720
2024-07-29,35.0,-105.0,540
2024-07-29,35.0,-104.5,1350
2024-07-29,35.0,-104.0,990
2024-07-29,35.0,-103.5,90
2024-07-29,35.0,-103.0,270
2024-07-29,35.0,-102.5,1080
2024-07-29,35.0,-102.0,540
2024-07-29,35.0,-99.0,180
2024-07-29,35.0,-98.5,270
2024-07-29,35.0,-98.0,450
2024-07-29,35.0,-97.5,90
2024-07-29,35.0,-97.0,720
2024-07-29,35.0,-96.5,360
2024-07-29,35.0,-96.0,450
2024-07-29,35.0,-88.0,180
2024-07-29,35.0,-87.5,360
2024-07-29,35.0,-87.0,2700
2024-07-29,35.0,-86.5,4410
2024-07-29,35.0,-86.0,1080
2024-07-29,35.0,-85.5,2070
2024-07-29,35.0,-85.0,5490
2024-07-29,35.0,-84.5,1620
2024-07-29,35.0,-84.0,630
2024-07-29,35.0,-83.5,990
2024-07-29,35.0,-83.0,4680
2024-07-29,35.0,-82.5,4140
2024-07-29,35.0,-82.0,5940
2024-07-29,35.0,-81.5,3780
2024-07-29,35.0,-81.0,4950
2024-07-29,35.0,-80.5,4860
2024-07-29,35.0,-80.0,4140
2024-07-29,35.0,-79.5,6210
2024-07-29,35.0,-79.0,720
2024-07-29,35.0,-78.5,540
2024-07-29,35.0,-78.0,810
2024-07-29,35.0,-77.5,2070
2024-07-29,35.0,-77.0,1620
2024-07-29,35.0,-76.5,990
2024-07-29,35.0,-76.0,270
2024-07-29,35.0,-75.5,180
2024-07-29,35.0,-75.0,810
2024-07-29,35.0,-74.5,1080
2024-07-29,35.0,-74.0,1890
2024-07-29,35.0,-71.5,270
2024-07-29,35.0,-71.0,540
2024-07-29,35.0,-70.5,90
2024-07-29,35.0,-69.0,180
2024-07-29,35.0,-68.5,270
2024-07-29,35.0,-68.0,270
2024-07-29,35.0,-67.0,90
2024-07-29,35.0,-66.5,360
2024-07-29,35.0,-66.0,270
2024-07-29,35.0,-65.5,90
2024-07-29,35.5,-114.5,90
2024-07-29,35.5,-114.0,630
2024-07-29,35.5,-113.5,630
2024-07-29,35.5,-113.0,900
2024-07-29,35.5,-112.5,990
2024-07-29,35.5,-112.0,810
2024-07-29,35.5,-111.0,270
2024-07-29,35.5,-110.5,360
2024-07-29,35.5,-110.0,900
2024-07-29,35.5,-109.5,540
2024-07-29,35.5,-109.0,270
2024-07-29,35.5,-108.5,90
2024-07-29,35.5,-108.0,180
2024-07-29,35.5,-107.5,270
2024-07-29,35.5,-107.0,630
2024-07-29,35.5,-106.0,1350
2024-07-29,35.5,-105.5,540
2024-07-29,35.5,-105.0,180
2024-07-29,35.5,-104.5,540
2024-07-29,35.5,-104.0,2610
2024-07-29,35.5,-103.5,990
2024-07-29,35.5,-103.0,2160
2024-07-29,35.5,-102.5,3330
2024-07-29,35.5,-102.0,2700
2024-07-29,35.5,-101.5,1800
2024-07-29,35.5,-101.0,3420
2024-07-29,35.5,-100.5,360
2024-07-29,35.5,-100.0,90
2024-07-29,35.5,-99.5,180
2024-07-29,35.5,-99.0,360
2024-07-29,35.5,-97.5,90
2024-07-29,35.5,-97.0,360
2024-07-29,35.5,-96.5,90
2024-07-29,35.5,-92.0,90
2024-07-29,35.5,-89.0,1620
2024-07-29,35.5,-88.5,270
2024-07-29,35.5,-88.0,360
2024-07-29,35.5,-87.5,2430
2024-07-29,35.5,-87.0,8730
2024-07-29,35.5,-86.5,5850
2024-07-29,35.5,-86.0,4500
2024-07-29,35.5,-85.5,2790
2024-07-29,35.5,-85.0,1080
2024-07-29,35.5,-84.5,7020
2024-07-29,35.5,-84.0,2160
2024-07-29,35.5,-83.5,2160
2024-07-29,35.5,-83.0,4860
2024-07-29,35.5,-82.5,4590
2024-07-29,35.5,-82.0,3780
2024-07-29,35.5,-81.5,8280
2024-07-29,35.5,-81.0,1440
2024-07-29,35.5,-80.5,1080
2024-07-29,35.5,-80.0,3060
2024-07-29,35.5,-79.5,3780
2024-07-29,35.5,-79.0,3600
2024-07-29,35.5,-78.5,1080
2024-07-29,35.5,-78.0,270
2024-07-29,35.5,-77.5,180
2024-07-29,35.5,-77.0,270
2024-07-29,35.5,-76.5,450
2024-07-29,35.5,-76.0,1440
2024-07-29,35.5,-75.5,1080
2024-07-29,35.5,-75.0,450
2024-07-29,35.5,-74.5,1620
2024-07-29,35.5,-74.0,810
2024-07-29,35.5,-73.5,90
2024-07-29,35.5,-73.0,540
2024-07-29,35.5,-71.5,270
2024-07-29,35.5,-71.0,180
2024-07-29,35.5,-70.5,270
2024-07-29,35.5,-70.0,270
2024-07-29,35.5,-69.5,90
2024-07-29,35.5,-69.0,630
2024-07-29,35.5,-68.5,360
2024-07-29,35.5,-68.0,360
2024-07-29,35.5,-67.0,90
2024-07-29,35.5,-66.5,270
2024-07-29,35.5,-66.0,90
2024-07-29,35.5,-65.5,90
2024-07-29,36.0,-114.0,540
2024-07-29,36.0,-113.5,810
2024-07-29,36.0,-113.0,450
2024-07-29,36.0,-112.5,180
2024-07-29,36.0,-112.0,90
2024-07-29,36.0,-111.5,90
2024-07-29,36.0,-111.0,180
2024-07-29,36.0,-110.5,90
2024-07-29,36.0,-110.0,360
2024-07-29,36.0,-109.5,540
2024-07-29,36.0,-109.0,90
2024-07-29,36.0,-108.5,270
2024-07-29,36.0,-108.0,540
2024-07-29,36.0,-107.5,540
2024-07-29,36.0,-107.0,540
2024-07-29,36.0,-106.0,360
2024-07-29,36.0,-105.5,1350
2024-07-29,36.0,-105.0,270
2024-07-29,36.0,-104.5,810
2024-07-29,36.0,-104.0,630
2024-07-29,36.0,-103.5,1890
2024-07-29,36.0,-103.0,1080
2024-07-29,36.0,-102.5,2160
2024-07-29,36.0,-102.0,1620
2024-07-29,36.0,-101.5,1530
2024-07-29,36.0,-101.0,1350
2024-07-29,36.0,-100.5,180
2024-07-29,36.0,-100.0,90
2024-07-29,36.0,-99.0,90
2024-07-29,36.0,-98.5,270
2024-07-29,36.0,-98.0,180
2024-07-29,36.0,-97.5,900
2024-07-29,36.0,-97.0,2160
2024-07-29,36.0,-96.5,720
2024-07-29,36.0,-96.0,90
2024-07-29,36.0,-93.5,90
2024-07-29,36.0,-92.5,90
2024-07-29,36.0,-91.0,270
2024-07-29,36.0,-90.5,720
2024-07-29,36.0,-90.0,270
2024-07-29,36.0,-89.0,810
2024-07-29,36.0,-88.5,990
2024-07-29,36.0,-88.0,180
2024-07-29,36.0,-87.5,3150
2024-07-29,36.0,-87.0,5670
2024-07-29,36.0,-86.5,7920
2024-07-29,36.0,-86.0,5490
2024-07-29,36.0,-85.5,7920
2024-07-29,36.0,-85.0,2250
2024-07-29,36.0,-84.5,5040
2024-07-29,36.0,-84.0,5220
2024-07-29,36.0,-83.5,5310
2024-07-29,36.0,-83.0,1890
2024-07-29,36.0,-82.5,990
2024-07-29,36.0,-82.0,1800
2024-07-29,36.0,-81.5,1620
2024-07-29,36.0,-81.0,1440
2024-07-29,36.0,-80.5,1350
2024-07-29,36.0,-80.0,2880
2024-07-29,36.0,-79.5,2970
2024-07-29,36.0,-79.0,4770
2024-07-29,36.0,-78.5,3240
2024-07-29,36.0,-78.0,900
2024-07-29,36.0,-77.5,270
2024-07-29,36.0,-77.0,180
2024-07-29,36.0,-76.0,180
2024-07-29,36.0,-75.5,270
2024-07-29,36.0,-75.0,360
2024-07-29,36.0,-74.5,90
2024-07-29,36.0,-74.0,1350
2024-07-29,36.0,-73.5,630
2024-07-29,36.0,-70.0,180
2024-07-29,36.0,-69.5,540
2024-07-29,36.0,-69.0,450
2024-07-29,36.0,-68.5,90
2024-07-29,36.0,-68.0,630
2024-07-29,36.0,-67.5,180
2024-07-29,36.0,-67.0,90
2024-07-29,36.0,-65.5,90
2024-07-29,36.5,-115.0,180
2024-07-29,36.5,-114.0,270
2024-07-29,36.5,-113.5,630
2024-07-29,36.5,-113.0,90
2024-07-29,36.5,-112.5,450
2024-07-29,36.5,-111.0,630
2024-07-29,36.5,-110.5,90
2024-07-29,36.5,-109.5,90
2024-07-29,36.5,-108.0,180
2024-07-29,36.5,-107.5,450
2024-07-29,36.5,-107.0,90
2024-07-29,36.5,-106.5,90
2024-07-29,36.5,-105.5,720
2024-07-29,36.5,-105.0,360
2024-07-29,36.5,-104.5,360
2024-07-29,36.5,-104.0,990
2024-07-29,36.5,-103.5,900
2024-07-29,36.5,-103.0,360
2024-07-29,36.5,-102.5,1260
2024-07-29,36.5,-102.0,5220
2024-07-29,36.5,-101.5,4410
2024-07-29,36.5,-101.0,2160
2024-07-29,36.5,-100.5,540
2024-07-29,36.5,-100.0,630
2024-07-29,36.5,-99.5,2340
2024-07-29,36.5,-99.0,3150
2024-07-29,36.5,-98.5,720
2024-07-29,36.5,-98.0,2430
2024-07-29,36.5,-97.5,450
2024-07-29,36.5,-97.0,2160
2024-07-29,36.5,-91.5,90
2024-07-29,36.5,-90.5,90
2024-07-29,36.5,-89.5,450
2024-07-29,36.5,-89.0,3420
2024-07-29,36.5,-88.5,2970
2024-07-29,36.5,-88.0,3420
2024-07-29,36.5,-87.5,3960
2024-07-29,36.5,-87.0,2970
2024-07-29,36.5,-86.5,1890
2024-07-29,36.5,-86.0,1890
2024-07-29,36.5,-85.5,2970
2024-07-29,36.5,-85.0,4590
2024-07-29,36.5,-84.5,3780
2024-07-29,36.5,-84.0,11610
2024-07-29,36.5,-83.5,6840
2024-07-29,36.5,-83.0,1170
2024-07-29,36.5,-82.5,450
2024-07-29,36.5,-82.0,900
2024-07-29,36.5,-81.5,900
2024-07-29,36.5,-81.0,540
2024-07-29,36.5,-80.5,990
2024-07-29,36.5,-80.0,2250
2024-07-29,36.5,-79.5,6840
2024-07-29,36.5,-79.0,4140
2024-07-29,36.5,-78.5,9360
2024-07-29,36.5,-78.0,3960
2024-07-29,36.5,-77.5,1980
2024-07-29,36.5,-77.0,1890
2024-07-29,36.5,-76.5,90
2024-07-29,36.5,-76.0,270
2024-07-29,36.5,-75.5,90
2024-07-29,36.5,-75.0,90
2024-07-29,36.5,-73.5,900
2024-07-29,36.5,-73.0,90
2024-07-29,36.5,-72.5,90
2024-07-29,36.5,-71.0,90
2024-07-29,36.5,-70.0,90
2024-07-29,36.5,-68.5,90
2024-07-29,36.5,-67.5,270
2024-07-29,36.5,-66.0,90
2024-07-29,37.0,-113.5,180
2024-07-29,37.0,-113.0,270
2024-07-29,37.0,-112.5,270
2024-07-29,37.0,-112.0,90
2024-07-29,37.0,-111.5,270
2024-07-29,37.0,-111.0,180
2024-07-29,37.0,-110.5,90
2024-07-29,37.0,-109.5,90
2024-07-29,37.0,-108.5,360
2024-07-29,37.0,-108.0,180
2024-07-29,37.0,-107.5,450
2024-07-29,37.0,-107.0,180
2024-07-29,37.0,-106.5,90
2024-07-29,37.0,-105.0,90
2024-07-29,37.0,-104.0,270
2024-07-29,37.0,-103.5,630
2024-07-29,37.0,-103.0,720
2024-07-29,37.0,-102.0,3510
2024-07-29,37.0,-101.5,1170
2024-07-29,37.0,-101.0,2520
2024-07-29,37.0,-100.5,1350
2024-07-29,37.0,-100.0,1170
2024-07-29,37.0,-99.5,1170
2024-07-29,37.0,-99.0,1080
2024-07-29,37.0,-98.5,1170
2024-07-29,37.0,-98.0,90
2024-07-29,37.0,-96.5,180
2024-07-29,37.0,-96.0,90
2024-07-29,37.0,-90.0,540
2024-07-29,37.0,-89.5,7020
2024-07-29,37.0,-89.0,4140
2024-07-29,37.0,-88.5,8910
2024-07-29,37.0,-88.0,5310
2024-07-29,37.0,-87.5,4230
2024-07-29,37.0,-87.0,11250
2024-07-29,37.0,-86.5,5580
2024-07-29,37.0,-86.0,5220
2024-07-29,37.0,-85.5,8370
2024-07-29,37.0,-85.0,4950
2024-07-29,37.0,-84.5,5130
2024-07-29,37.0,-84.0,4770
2024-07-29,37.0,-83.5,1710
2024-07-29,37.0,-83.0,900
2024-07-29,37.0,-82.5,540
2024-07-29,37.0,-82.0,360
2024-07-29,37.0,-81.5,180
2024-07-29,37.0,-81.0,360
2024-07-29,37.0,-80.5,630
2024-07-29,37.0,-80.0,1710
2024-07-29,37.0,-79.5,4680
2024-07-29,37.0,-79.0,5040
2024-07-29,37.0,-78.5,4050
2024-07-29,37.0,-78.0,2160
2024-07-29,37.0,-77.5,5040
2024-07-29,37.0,-77.0,1890
2024-07-29,37.0,-76.5,540
2024-07-29,37.0,-76.0,90
2024-07-29,37.0,-75.5,90
2024-07-29,37.0,-73.0,90
2024-07-29,37.0,-72.5,1080
2024-07-29,37.0,-72.0,1800
2024-07-29,37.0,-71.5,360
2024-07-29,37.0,-71.0,270
2024-07-29,37.0,-70.5,360
2024-07-29,37.0,-70.0,270
2024-07-29,37.0,-69.5,90
2024-07-29,37.0,-68.0,180
2024-07-29,37.0,-67.5,180
2024-07-29,37.0,-66.5,90
2024-07-29,37.5,-120.0,90
2024-07-29,37.5,-119.5,90
2024-07-29,37.5,-114.5,270
2024-07-29,37.5,-114.0,180
2024-07-29,37.5,-113.5,180
2024-07-29,37.5,-113.0,270
2024-07-29,37.5,-112.5,720
2024-07-29,37.5,-112.0,450
2024-07-29,37.5,-111.5,180
2024-07-29,37.5,-110.0,180
2024-07-29,37.5,-109.0,360
2024-07-29,37.5,-108.5,180
2024-07-29,37.5,-108.0,180
2024-07-29,37.5,-107.5,360
2024-07-29,37.5,-106.0,90
2024-07-29,37.5,-105.5,90
2024-07-29,37.5,-105.0,270
2024-07-29,37.5,-104.0,270
2024-07-29,37.5,-103.5,630
2024-07-29,37.5,-103.0,270
2024-07-29,37.5,-102.5,720
2024-07-29,37.5,-102.0,90
2024-07-29,37.5,-101.5,90
2024-07-29,37.5,-101.0,270
2024-07-29,37.5,-100.5,900
2024-07-29,37.5,-100.0,900
2024-07-29,37.5,-99.5,270
2024-07-29,37.5,-99.0,540
2024-07-29,37.5,-98.5,540
2024-07-29,37.5,-98.0,4320
2024-07-29,37.5,-97.5,3870
2024-07-29,37.5,-97.0,1080
2024-07-29,37.5,-96.5,900
2024-07-29,37.5,-96.0,180
2024-07-29,37.5,-94.0,270
2024-07-29,37.5,-91.5,1170
2024-07-29,37.5,-91.0,2430
2024-07-29,37.5,-90.0,1620
2024-07-29,37.5,-89.5,4410
2024-07-29,37.5,-89.0,6660
2024-07-29,37.5,-88.5,11700
2024-07-29,37.5,-88.0,4320
2024-07-29,37.5,-87.5,6300
2024-07-29,37.5,-87.0,6120
2024-07-29,37.5,-86.5,5760
2024-07-29,37.5,-86.0,8640
2024-07-29,37.5,-85.5,11700
2024-07-29,37.5,-85.0,2970
2024-07-29,37.5,-84.5,2880
2024-07-29,37.5,-84.0,2430
2024-07-29,37.5,-83.5,1440
2024-07-29,37.5,-83.0,1800
2024-07-29,37.5,-82.5,3780
2024-07-29,37.5,-82.0,630
2024-07-29,37.5,-81.5,540
2024-07-29,37.5,-81.0,270
2024-07-29,37.5,-80.5,360
2024-07-29,37.5,-80.0,2520
2024-07-29,37.5,-79.5,2070
2024-07-29,37.5,-79.0,3330
2024-07-29,37.5,-78.5,1800
2024-07-29,37.5,-78.0,540
2024-07-29,37.5,-77.5,1620
2024-07-29,37.5,-77.0,1530
2024-07-29,37.5,-76.5,720
2024-07-29,37.5,-76.0,1170
2024-07-29,37.5,-75.5,720
2024-07-29,37.5,-75.0,360
2024-07-29,37.5,-74.5,90
2024-07-29,37.5,-72.0,180
2024-07-29,37.5,-71.5,540
2024-07-29,37.5,-71.0,360
2024-07-29,37.5,-70.5,90
2024-07-29,37.5,-70.0,180
2024-07-29,37.5,-69.5,90
2024-07-29,37.5,-69.0,180
2024-07-29,37.5,-68.5,270
2024-07-29,37.5,-68.0,270
2024-07-29,37.5,-67.5,90
2024-07-29,37.5,-67.0,90
2024-07-29,37.5,-66.5,90
2024-07-29,38.0,-120.0,90
2024-07-29,38.0,-119.5,90
2024-07-29,38.0,-117.0,90
2024-07-29,38.0,-116.5,90
2024-07-29,38.0,-115.0,90
2024-07-29,38.0,-114.5,180
2024-07-29,38.0,-114.0,180
2024-07-29,38.0,-113.5,630
2024-07-29,38.0,-112.5,90
2024-07-29,38.0,-112.0,360
2024-07-29,38.0,-111.5,270
2024-07-29,38.0,-111.0,90
2024-07-29,38.0,-110.5,90
2024-07-29,38.0,-109.5,360
2024-07-29,38.0,-109.0,90
2024-07-29,38.0,-107.5,90
2024-07-29,38.0,-106.0,90
2024-07-29,38.0,-105.5,270
2024-07-29,38.0,-105.0,180
2024-07-29,38.0,-103.0,450
2024-07-29,38.0,-101.0,180
2024-07-29,38.0,-100.5,360
2024-07-29,38.0,-100.0,1800
2024-07-29,38.0,-99.5,2520
2024-07-29,38.0,-99.0,2070
2024-07-29,38.0,-98.5,3060
2024-07-29,38.0,-98.0,1530
2024-07-29,38.0,-97.5,1440
2024-07-29,38.0,-97.0,1800
2024-07-29,38.0,-96.5,900
2024-07-29,38.0,-96.0,90
2024-07-29,38.0,-95.5,1890
2024-07-29,38.0,-95.0,180
2024-07-29,38.0,-93.0,90
2024-07-29,38.0,-92.5,180
2024-07-29,38.0,-92.0,450
2024-07-29,38.0,-91.5,2340
2024-07-29,38.0,-91.0,1170
2024-07-29,38.0,-90.5,1440
2024-07-29,38.0,-90.0,6480
2024-07-29,38.0,-89.5,8190
2024-07-29,38.0,-89.0,8460
2024-07-29,38.0,-88.5,7920
2024-07-29,38.0,-88.0,2430
2024-07-29,38.0,-87.5,6750
2024-07-29,38.0,-87.0,11790
2024-07-29,38.0,-86.5,11520
2024-07-29,38.0,-86.0,8910
2024-07-29,38.0,-85.5,4950
2024-07-29,38.0,-85.0,4320
2024-07-29,38.0,-84.5,1440
2024-07-29,38.0,-84.0,1530
2024-07-29,38.0,-83.5,720
2024-07-29,38.0,-83.0,1080
2024-07-29,38.0,-82.5,270
2024-07-29,38.0,-82.0,450
2024-07-29,38.0,-81.5,270
2024-07-29,38.0,-81.0,270
2024-07-29,38.0,-80.0,180
2024-07-29,38.0,-79.5,540
2024-07-29,38.0,-79.0,1260
2024-07-29,38.0,-78.5,1800
2024-07-29,38.0,-78.0,1710
2024-07-29,38.0,-77.5,810
2024-07-29,38.0,-77.0,2790
2024-07-29,38.0,-76.5,810
2024-07-29,38.0,-76.0,450
2024-07-29,38.0,-75.5,270
2024-07-29,38.0,-75.0,90
2024-07-29,38.0,-74.0,90
2024-07-29,38.0,-71.5,180
2024-07-29,38.0,-71.0,720
2024-07-29,38.0,-70.5,810
2024-07-29,38.0,-70.0,270
2024-07-29,38.0,-69.5,360
2024-07-29,38.0,-69.0,180
2024-07-29,38.0,-67.0,180
2024-07-29,38.0,-66.5,360
2024-07-29,38.5,-120.0,270
2024-07-29,38.5,-119.5,90
2024-07-29,38.5,-118.5,90
2024-07-29,38.5,-114.0,360
2024-07-29,38.5,-113.5,360
2024-07-29,38.5,-113.0,270
2024-07-29,38.5,-111.5,90
2024-07-29,38.5,-111.0,90
2024-07-29,38.5,-110.5,90
2024-07-29,38.5,-110.0,180
2024-07-29,38.5,-109.5,540
2024-07-29,38.5,-109.0,90
2024-07-29,38.5,-108.5,270
2024-07-29,38.5,-108.0,90
2024-07-29,38.5,-107.5,180
2024-07-29,38.5,-106.5,90
2024-07-29,38.5,-106.0,360
2024-07-29,38.5,-105.5,180
2024-07-29,38.5,-105.0,1170
2024-07-29,38.5,-104.5,1440
2024-07-29,38.5,-104.0,450
2024-07-29,38.5,-103.5,270
2024-07-29,38.5,-103.0,900
2024-07-29,38.5,-102.5,720
2024-07-29,38.5,-102.0,810
2024-07-29,38.5,-101.5,810
2024-07-29,38.5,-101.0,90
2024-07-29,38.5,-100.5,1080
2024-07-29,38.5,-100.0,630
2024-07-29,38.5,-99.5,3600
2024-07-29,38.5,-99.0,3420
2024-07-29,38.5,-98.5,4500
2024-07-29,38.5,-98.0,1440
2024-07-29,38.5,-97.5,3960
2024-07-29,38.5,-97.0,990
2024-07-29,38.5,-96.5,1260
2024-07-29,38.5,-96.0,1170
2024-07-29,38.5,-95.5,630
2024-07-29,38.5,-95.0,450
2024-07-29,38.5,-94.5,450
2024-07-29,38.5,-93.0,630
2024-07-29,38.5,-92.5,270
2024-07-29,38.5,-92.0,990
2024-07-29,38.5,-91.5,1800
2024-07-29,38.5,-91.0,1080
2024-07-29,38.5,-90.5,1440
2024-07-29,38.5,-90.0,6120
2024-07-29,38.5,-89.5,4590
2024-07-29,38.5,-89.0,5490
2024-07-29,38.5,-88.5,4680
2024-07-29,38.5,-88.0,5400
2024-07-29,38.5,-87.5,2970
2024-07-29,38.5,-87.0,5400
2024-07-29,38.5,-86.5,7470
2024-07-29,38.5,-86.0,4320
2024-07-29,38.5,-85.5,1260
2024-07-29,38.5,-85.0,3600
2024-07-29,38.5,-84.5,2340
2024-07-29,38.5,-84.0,1350
2024-07-29,38.5,-83.5,1440
2024-07-29,38.5,-83.0,360
2024-07-29,38.5,-82.5,360
2024-07-29,38.5,-82.0,270
2024-07-29,38.5,-81.5,540
2024-07-29,38.5,-81.0,450
2024-07-29,38.5,-80.5,270
2024-07-29,38.5,-80.0,90
2024-07-29,38.5,-79.5,270
2024-07-29,38.5,-79.0,720
2024-07-29,38.5,-78.5,1890
2024-07-29,38.5,-78.0,1530
2024-07-29,38.5,-77.5,2160
2024-07-29,38.5,-77.0,3600
2024-07-29,38.5,-76.5,1620
2024-07-29,38.5,-76.0,630
2024-07-29,38.5,-75.5,270
2024-07-29,38.5,-74.0,180
2024-07-29,38.5,-73.0,180
2024-07-29,38.5,-72.5,270
2024-07-29,38.5,-71.5,90
2024-07-29,38.5,-70.5,180
2024-07-29,38.5,-70.0,630
2024-07-29,38.5,-69.5,180
2024-07-29,38.5,-66.5,450
2024-07-29,38.5,-66.0,360
2024-07-29,38.5,-65.5,270
2024-07-29,39.0,-120.5,90
2024-07-29,39.0,-120.0,90
2024-07-29,39.0,-119.0,90
2024-07-29,39.0,-114.5,90
2024-07-29,39.0,-114.0,90
2024-07-29,39.0,-113.5,180
2024-07-29,39.0,-113.0,90
2024-07-29,39.0,-111.5,180
2024-07-29,39.0,-111.0,360
2024-07-29,39.0,-110.0,90
2024-07-29,39.0,-109.5,90
2024-07-29,39.0,-108.5,90
2024-07-29,39.0,-108.0,270
2024-07-29,39.0,-107.0,90
2024-07-29,39.0,-106.5,180
2024-07-29,39.0,-105.5,180
2024-07-29,39.0,-104.5,990
2024-07-29,39.0,-104.0,990
2024-07-29,39.0,-103.5,1980
2024-07-29,39.0,-103.0,990
2024-07-29,39.0,-102.5,1260
2024-07-29,39.0,-102.0,720
2024-07-29,39.0,-101.0,360
2024-07-29,39.0,-100.5,1170
2024-07-29,39.0,-100.0,1260
2024-07-29,39.0,-99.5,2340
2024-07-29,39.0,-99.0,4050
2024-07-29,39.0,-98.5,3240
2024-07-29,39.0,-98.0,2070
2024-07-29,39.0,-97.5,1890
2024-07-29,39.0,-97.0,990
2024-07-29,39.0,-96.5,2070
2024-07-29,39.0,-96.0,1980
2024-07-29,39.0,-95.5,810
2024-07-29,39.0,-95.0,360
2024-07-29,39.0,-94.5,90
2024-07-29,39.0,-94.0,360
2024-07-29,39.0,-93.5,450
2024-07-29,39.0,-92.5,1170
2024-07-29,39.0,-92.0,1530
2024-07-29,39.0,-91.5,900
2024-07-29,39.0,-91.0,990
2024-07-29,39.0,-90.5,1890
2024-07-29,39.0,-90.0,2250
2024-07-29,39.0,-89.5,4860
2024-07-29,39.0,-89.0,3780
2024-07-29,39.0,-88.5,900
2024-07-29,39.0,-88.0,360
2024-07-29,39.0,-87.5,3060
2024-07-29,39.0,-87.0,4590
2024-07-29,39.0,-86.5,720
2024-07-29,39.0,-86.0,1080
2024-07-29,39.0,-85.5,1800
2024-07-29,39.0,-85.0,3150
2024-07-29,39.0,-84.5,1620
2024-07-29,39.0,-84.0,2970
2024-07-29,39.0,-83.5,180
2024-07-29,39.0,-83.0,540
2024-07-29,39.0,-82.5,360
2024-07-29,39.0,-82.0,540
2024-07-29,39.0,-81.5,450
2024-07-29,39.0,-81.0,360
2024-07-29,39.0,-80.5,180
2024-07-29,39.0,-80.0,90
2024-07-29,39.0,-79.0,270
2024-07-29,39.0,-78.5,2070
2024-07-29,39.0,-78.0,4950
2024-07-29,39.0,-77.5,2700
2024-07-29,39.0,-77.0,4680
2024-07-29,39.0,-76.5,5310
2024-07-29,39.0,-76.0,2070
2024-07-29,39.0,-75.5,630
2024-07-29,39.0,-75.0,1620
2024-07-29,39.0,-72.5,270
2024-07-29,39.0,-72.0,450
2024-07-29,39.0,-71.5,270
2024-07-29,39.0,-70.0,180
2024-07-29,39.0,-66.0,450
2024-07-29,39.0,-65.5,90
2024-07-29,39.5,-121.0,90
2024-07-29,39.5,-120.5,180
2024-07-29,39.5,-117.0,90
2024-07-29,39.5,-116.5,180
2024-07-29,39.5,-116.0,90
2024-07-29,39.5,-115.0,90
2024-07-29,39.5,-114.0,90
2024-07-29,39.5,-113.5,360
2024-07-29,39.5,-112.5,90
2024-07-29,39.5,-111.5,270
2024-07-29,39.5,-111.0,90
2024-07-29,39.5,-110.5,360
2024-07-29,39.5,-109.5,270
2024-07-29,39.5,-108.0,180
2024-07-29,39.5,-106.0,90
2024-07-29,39.5,-105.5,90
2024-07-29,39.5,-104.5,540
2024-07-29,39.5,-104.0,2880
2024-07-29,39.5,-103.5,450
2024-07-29,39.5,-103.0,630
2024-07-29,39.5,-102.5,90
2024-07-29,39.5,-102.0,720
2024-07-29,39.5,-101.5,360
2024-07-29,39.5,-100.5,360
2024-07-29,39.5,-100.0,2340
2024-07-29,39.5,-99.5,1440
2024-07-29,39.5,-99.0,630
2024-07-29,39.5,-98.5,810
2024-07-29,39.5,-98.0,900
2024-07-29,39.5,-97.5,900
2024-07-29,39.5,-97.0,720
2024-07-29,39.5,-96.5,720
2024-07-29,39.5,-96.0,900
2024-07-29,39.5,-95.5,360
2024-07-29,39.5,-95.0,450
2024-07-29,39.5,-94.5,90
2024-07-29,39.5,-94.0,1530
2024-07-29,39.5,-93.5,360
2024-07-29,39.5,-93.0,270
2024-07-29,39.5,-92.5,2160
2024-07-29,39.5,-92.0,1530
2024-07-29,39.5,-91.5,2070
2024-07-29,39.5,-91.0,2610
2024-07-29,39.5,-90.5,2880
2024-07-29,39.5,-90.0,900
2024-07-29,39.5,-89.5,1620
2024-07-29,39.5,-89.0,1710
2024-07-29,39.5,-88.5,630
2024-07-29,39.5,-88.0,3060
2024-07-29,39.5,-87.5,540
2024-07-29,39.5,-87.0,810
2024-07-29,39.5,-86.5,1440
2024-07-29,39.5,-86.0,450
2024-07-29,39.5,-85.5,3870
2024-07-29,39.5,-85.0,7380
2024-07-29,39.5,-84.5,2160
2024-07-29,39.5,-84.0,1170
2024-07-29,39.5,-83.5,900
2024-07-29,39.5,-83.0,360
2024-07-29,39.5,-82.5,630
2024-07-29,39.5,-82.0,630
2024-07-29,39.5,-81.5,1530
2024-07-29,39.5,-81.0,1620
2024-07-29,39.5,-80.5,540
2024-07-29,39.5,-80.0,90
2024-07-29,39.5,-79.5,630
2024-07-29,39.5,-79.0,1440
2024-07-29,39.5,-78.5,2070
2024-07-29,39.5,-78.0,450
2024-07-29,39.5,-77.5,180
2024-07-29,39.5,-77.0,3780
2024-07-29,39.5,-76.5,6570
2024-07-29,39.5,-76.0,3870
2024-07-29,39.5,-75.5,900
2024-07-29,39.5,-75.0,4050
2024-07-29,39.5,-74.5,450
2024-07-29,39.5,-74.0,180
2024-07-29,39.5,-73.5,180
2024-07-29,39.5,-69.5,90
2024-07-29,39.5,-65.5,90
2024-07-29,40.0,-117.0,180
2024-07-29,40.0,-115.0,90
2024-07-29,40.0,-112.0,180
2024-07-29,40.0,-111.5,90
2024-07-29,40.0,-109.5,90
2024-07-29,40.0,-109.0,90
2024-07-29,40.0,-108.0,90
2024-07-29,40.0,-107.5,90
2024-07-29,40.0,-104.5,540
2024-07-29,40.0,-104.0,900
2024-07-29,40.0,-103.5,540
2024-07-29,40.0,-103.0,720
2024-07-29,40.0,-102.5,990
2024-07-29,40.0,-102.0,1440
2024-07-29,40.0,-101.5,540
2024-07-29,40.0,-101.0,90
2024-07-29,40.0,-100.5,360
2024-07-29,40.0,-100.0,630
2024-07-29,40.0,-99.5,720
2024-07-29,40.0,-99.0,450
2024-07-29,40.0,-98.5,450
2024-07-29,40.0,-98.0,180
2024-07-29,40.0,-97.5,90
2024-07-29,40.0,-97.0,180
2024-07-29,40.0,-96.5,90
2024-07-29,40.0,-96.0,630
2024-07-29,40.0,-95.5,270
2024-07-29,40.0,-95.0,1890
2024-07-29,40.0,-94.5,1710
2024-07-29,40.0,-94.0,1980
2024-07-29,40.0,-93.5,1800
2024-07-29,40.0,-93.0,630
2024-07-29,40.0,-92.5,1800
2024-07-29,40.0,-92.0,2520
2024-07-29,40.0,-91.5,4860
2024-07-29,40.0,-91.0,3870
2024-07-29,40.0,-90.5,6300
2024-07-29,40.0,-90.0,3870
2024-07-29,40.0,-89.5,2430
2024-07-29,40.0,-89.0,450
2024-07-29,40.0,-88.5,1440
2024-07-29,40.0,-88.0,270
2024-07-29,40.0,-87.5,270
2024-07-29,40.0,-87.0,360
2024-07-29,40.0,-86.5,1890
2024-07-29,40.0,-86.0,3600
2024-07-29,40.0,-85.5,4590
2024-07-29,40.0,-85.0,1080
2024-07-29,40.0,-84.5,2520
2024-07-29,40.0,-84.0,3150
2024-07-29,40.0,-83.5,1170
2024-07-29,40.0,-83.0,1350
2024-07-29,40.0,-82.5,1800
2024-07-29,40.0,-82.0,270
2024-07-29,40.0,-81.5,450
2024-07-29,40.0,-81.0,360
2024-07-29,40.0,-80.5,540
2024-07-29,40.0,-80.0,90
2024-07-29,40.0,-79.5,810
2024-07-29,40.0,-79.0,990
2024-07-29,40.0,-78.5,1530
2024-07-29,40.0,-78.0,1980
2024-07-29,40.0,-77.5,1350
2024-07-29,40.0,-77.0,1530
2024-07-29,40.0,-76.5,3330
2024-07-29,40.0,-76.0,900
2024-07-29,40.0,-75.5,540
2024-07-29,40.0,-75.0,2250
2024-07-29,40.0,-74.5,5670
2024-07-29,40.0,-74.0,720
2024-07-29,40.0,-73.0,90
2024-07-29,40.0,-71.5,90
2024-07-29,40.0,-70.5,270
2024-07-29,40.0,-70.0,90
2024-07-29,40.0,-65.5,180
2024-07-29,40.5,-120.0,90
2024-07-29,40.5,-117.0,90
2024-07-29,40.5,-115.5,90
2024-07-29,40.5,-115.0,90
2024-07-29,40.5,-110.5,90
2024-07-29,40.5,-110.0,630
2024-07-29,40.5,-109.5,270
2024-07-29,40.5,-108.5,90
2024-07-29,40.5,-108.0,90
2024-07-29,40.5,-105.5,90
2024-07-29,40.5,-105.0,90
2024-07-29,40.5,-104.5,180
2024-07-29,40.5,-104.0,450
2024-07-29,40.5,-103.5,630
2024-07-29,40.5,-103.0,540
2024-07-29,40.5,-102.5,1170
2024-07-29,40.5,-102.0,630
2024-07-29,40.5,-101.5,900
2024-07-29,40.5,-101.0,900
2024-07-29,40.5,-100.5,900
2024-07-29,40.5,-100.0,720
2024-07-29,40.5,-99.5,720
2024-07-29,40.5,-99.0,270
2024-07-29,40.5,-98.5,270
2024-07-29,40.5,-98.0,720
2024-07-29,40.5,-97.5,1890
2024-07-29,40.5,-97.0,1530
2024-07-29,40.5,-96.5,810
2024-07-29,40.5,-96.0,810
2024-07-29,40.5,-95.5,2880
2024-07-29,40.5,-95.0,990
2024-07-29,40.5,-94.5,2070
2024-07-29,40.5,-94.0,900
2024-07-29,40.5,-93.5,1530
2024-07-29,40.5,-93.0,7110
2024-07-29,40.5,-92.5,6660
2024-07-29,40.5,-92.0,7020
2024-07-29,40.5,-91.5,2250
2024-07-29,40.5,-91.0,2790
2024-07-29,40.5,-90.5,3240
2024-07-29,40.5,-90.0,1800
2024-07-29,40.5,-89.5,2520
2024-07-29,40.5,-89.0,270
2024-07-29,40.5,-88.5,1530
2024-07-29,40.5,-88.0,2250
2024-07-29,40.5,-87.5,720
2024-07-29,40.5,-87.0,630
2024-07-29,40.5,-86.5,1530
2024-07-29,40.5,-86.0,1260
2024-07-29,40.5,-85.5,180
2024-07-29,40.5,-85.0,990
2024-07-29,40.5,-84.5,2340
2024-07-29,40.5,-84.0,2160
2024-07-29,40.5,-83.5,1530
2024-07-29,40.5,-83.0,2250
2024-07-29,40.5,-82.5,1710
2024-07-29,40.5,-82.0,990
2024-07-29,40.5,-81.5,1080
2024-07-29,40.5,-81.0,630
2024-07-29,40.5,-80.5,1170
2024-07-29,40.5,-80.0,720
2024-07-29,40.5,-79.5,810
2024-07-29,40.5,-79.0,810
2024-07-29,40.5,-78.5,990
2024-07-29,40.5,-78.0,900
2024-07-29,40.5,-77.5,630
2024-07-29,40.5,-77.0,1350
2024-07-29,40.5,-76.5,900
2024-07-29,40.5,-76.0,270
2024-07-29,40.5,-75.5,810
2024-07-29,40.5,-75.0,1620
2024-07-29,40.5,-74.5,3960
2024-07-29,40.5,-74.0,2430
2024-07-29,40.5,-73.5,1620
2024-07-29,40.5,-73.0,540
2024-07-29,40.5,-72.5,990
2024-07-29,40.5,-70.5,90
2024-07-29,40.5,-69.0,90
2024-07-29,40.5,-66.5,90
2024-07-29,41.0,-120.5,90
2024-07-29,41.0,-120.0,90
2024-07-29,41.0,-119.5,270
2024-07-29,41.0,-117.5,90
2024-07-29,41.0,-116.5,90
2024-07-29,41.0,-115.5,90
2024-07-29,41.0,-110.0,360
2024-07-29,41.0,-109.5,180
2024-07-29,41.0,-108.5,90
2024-07-29,41.0,-108.0,180
2024-07-29,41.0,-104.5,270
2024-07-29,41.0,-104.0,630
2024-07-29,41.0,-103.5,270
2024-07-29,41.0,-103.0,270
2024-07-29,41.0,-102.5,1170
2024-07-29,41.0,-102.0,990
2024-07-29,41.0,-101.5,180
2024-07-29,41.0,-101.0,180
2024-07-29,41.0,-100.5,360
2024-07-29,41.0,-100.0,1260
2024-07-29,41.0,-99.5,450
2024-07-29,41.0,-99.0,270
2024-07-29,41.0,-98.5,990
2024-07-29,41.0,-98.0,90
2024-07-29,41.0,-97.5,1080
2024-07-29,41.0,-97.0,2250
2024-07-29,41.0,-96.5,1980
2024-07-29,41.0,-96.0,900
2024-07-29,41.0,-95.5,180
2024-07-29,41.0,-95.0,450
2024-07-29,41.0,-94.5,3330
2024-07-29,41.0,-94.0,9720
2024-07-29,41.0,-93.5,10800
2024-07-29,41.0,-93.0,11790
2024-07-29,41.0,-92.5,8010
2024-07-29,41.0,-92.0,4860
2024-07-29,41.0,-91.5,900
2024-07-29,41.0,-91.0,1710
2024-07-29,41.0,-90.5,1710
2024-07-29,41.0,-90.0,450
2024-07-29,41.0,-89.5,450
2024-07-29,41.0,-89.0,900
2024-07-29,41.0,-88.5,180
2024-07-29,41.0,-88.0,180
2024-07-29,41.0,-87.5,270
2024-07-29,41.0,-87.0,1080
2024-07-29,41.0,-86.5,540
2024-07-29,41.0,-86.0,360
2024-07-29,41.0,-85.5,1350
2024-07-29,41.0,-85.0,810
2024-07-29,41.0,-84.5,1260
2024-07-29,41.0,-84.0,180
2024-07-29,41.0,-83.5,990
2024-07-29,41.0,-83.0,1530
2024-07-29,41.0,-82.5,810
2024-07-29,41.0,-82.0,630
2024-07-29,41.0,-81.5,1350
2024-07-29,41.0,-81.0,360
2024-07-29,41.0,-80.5,360
2024-07-29,41.0,-80.0,540
2024-07-29,41.0,-79.5,90
2024-07-29,41.0,-79.0,270
2024-07-29,41.0,-78.5,270
2024-07-29,41.0,-78.0,360
2024-07-29,41.0,-77.5,1260
2024-07-29,41.0,-77.0,990
2024-07-29,41.0,-76.5,990
2024-07-29,41.0,-76.0,1170
2024-07-29,41.0,-75.5,2340
2024-07-29,41.0,-75.0,2610
2024-07-29,41.0,-74.5,2880
2024-07-29,41.0,-74.0,3060
2024-07-29,41.0,-73.5,3690
2024-07-29,41.0,-73.0,1260
2024-07-29,41.0,-72.5,1170
2024-07-29,41.0,-72.0,90
2024-07-29,41.5,-120.0,360
2024-07-29,41.5,-117.5,90
2024-07-29,41.5,-116.0,90
2024-07-29,41.5,-109.0,270
2024-07-29,41.5,-105.5,180
2024-07-29,41.5,-105.0,360
2024-07-29,41.5,-104.5,810
2024-07-29,41.5,-104.0,360
2024-07-29,41.5,-103.5,630
2024-07-29,41.5,-103.0,990
2024-07-29,41.5,-102.5,270
2024-07-29,41.5,-102.0,810
2024-07-29,41.5,-101.5,1170
2024-07-29,41.5,-101.0,90
2024-07-29,41.5,-100.0,90
2024-07-29,41.5,-98.5,270
2024-07-29,41.5,-98.0,90
2024-07-29,41.5,-97.5,180
2024-07-29,41.5,-97.0,630
2024-07-29,41.5,-96.5,900
2024-07-29,41.5,-96.0,3150
2024-07-29,41.5,-95.5,1350
2024-07-29,41.5,-95.0,3420
2024-07-29,41.5,-94.5,7200
2024-07-29,41.5,-94.0,5760
2024-07-29,41.5,-93.5,6120
2024-07-29,41.5,-93.0,2970
2024-07-29,41.5,-92.5,2070
2024-07-29,41.5,-92.0,1980
2024-07-29,41.5,-91.5,900
2024-07-29,41.5,-91.0,1800
2024-07-29,41.5,-90.5,1350
2024-07-29,41.5,-90.0,270
2024-07-29,41.5,-89.5,90
2024-07-29,41.5,-89.0,90
2024-07-29,41.5,-88.5,180
2024-07-29,41.5,-88.0,540
2024-07-29,41.5,-87.5,450
2024-07-29,41.5,-86.0,180
2024-07-29,41.5,-85.5,630
2024-07-29,41.5,-85.0,900
2024-07-29,41.5,-84.5,270
2024-07-29,41.5,-84.0,450
2024-07-29,41.5,-83.5,990
2024-07-29,41.5,-82.5,90
2024-07-29,41.5,-82.0,450
2024-07-29,41.5,-81.5,450
2024-07-29,41.5,-81.0,990
2024-07-29,41.5,-80.5,360
2024-07-29,41.5,-79.5,90
2024-07-29,41.5,-79.0,180
2024-07-29,41.5,-78.5,540
2024-07-29,41.5,-78.0,270
2024-07-29,41.5,-77.5,360
2024-07-29,41.5,-77.0,720
2024-07-29,41.5,-76.5,1620
2024-07-29,41.5,-76.0,270
2024-07-29,41.5,-75.5,450
2024-07-29,41.5,-75.0,180
2024-07-29,41.5,-74.5,540
2024-07-29,41.5,-74.0,1710
2024-07-29,41.5,-73.5,2880
2024-07-29,41.5,-73.0,1800
2024-07-29,41.5,-72.5,810
2024-07-29,41.5,-72.0,1800
2024-07-29,41.5,-71.0,90
2024-07-29,41.5,-65.5,90
2024-07-29,42.0,-121.0,90
2024-07-29,42.0,-120.5,360
2024-07-29,42.0,-120.0,540
2024-07-29,42.0,-119.5,90
2024-07-29,42.0,-116.0,90
2024-07-29,42.0,-108.0,90
2024-07-29,42.0,-104.5,270
2024-07-29,42.0,-104.0,270
2024-07-29,42.0,-103.5,360
2024-07-29,42.0,-103.0,180
2024-07-29,42.0,-102.5,360
2024-07-29,42.0,-102.0,990
2024-07-29,42.0,-101.5,1260
2024-07-29,42.0,-101.0,180
2024-07-29,42.0,-100.5,180
2024-07-29,42.0,-100.0,720
2024-07-29,42.0,-99.5,270
2024-07-29,42.0,-98.5,90
2024-07-29,42.0,-98.0,2340
2024-07-29,42.0,-97.5,1350
2024-07-29,42.0,-97.0,1980
2024-07-29,42.0,-96.5,1530
2024-07-29,42.0,-96.0,540
2024-07-29,42.0,-95.5,4770
2024-07-29,42.0,-95.0,1890
2024-07-29,42.0,-94.5,5310
2024-07-29,42.0,-94.0,2430
2024-07-29,42.0,-93.5,2610
2024-07-29,42.0,-93.0,3600
2024-07-29,42.0,-92.5,1440
2024-07-29,42.0,-92.0,1530
2024-07-29,42.0,-91.5,2160
2024-07-29,42.0,-91.0,1710
2024-07-29,42.0,-90.5,540
2024-07-29,42.0,-90.0,360
2024-07-29,42.0,-89.5,90
2024-07-29,42.0,-88.0,450
2024-07-29,42.0,-87.5,1080
2024-07-29,42.0,-87.0,810
2024-07-29,42.0,-86.5,450
2024-07-29,42.0,-86.0,630
2024-07-29,42.0,-85.5,450
2024-07-29,42.0,-85.0,900
2024-07-29,42.0,-84.5,450
2024-07-29,42.0,-84.0,180
2024-07-29,42.0,-83.5,180
2024-07-29,42.0,-83.0,630
2024-07-29,42.0,-82.5,90
2024-07-29,42.0,-82.0,450
2024-07-29,42.0,-80.5,90
2024-07-29,42.0,-80.0,90
2024-07-29,42.0,-78.0,180
2024-07-29,42.0,-77.5,450
2024-07-29,42.0,-76.5,90
2024-07-29,42.0,-76.0,450
2024-07-29,42.0,-75.5,90
2024-07-29,42.0,-74.5,90
2024-07-29,42.0,-74.0,180
2024-07-29,42.0,-73.5,720
2024-07-29,42.0,-73.0,720
2024-07-29,42.0,-72.5,630
2024-07-29,42.0,-72.0,630
2024-07-29,42.0,-71.5,90
2024-07-29,42.0,-71.0,450
2024-07-29,42.0,-70.5,90
2024-07-29,42.5,-121.0,90
2024-07-29,42.5,-120.0,90
2024-07-29,42.5,-119.0,90
2024-07-29,42.5,-110.0,90
2024-07-29,42.5,-106.5,180
2024-07-29,42.5,-104.5,180
2024-07-29,42.5,-103.0,90
2024-07-29,42.5,-102.5,360
2024-07-29,42.5,-102.0,900
2024-07-29,42.5,-101.5,720
2024-07-29,42.5,-101.0,630
2024-07-29,42.5,-100.5,1170
2024-07-29,42.5,-100.0,3330
2024-07-29,42.5,-99.5,810
2024-07-29,42.5,-99.0,1980
2024-07-29,42.5,-98.5,4230
2024-07-29,42.5,-98.0,5670
2024-07-29,42.5,-97.5,3240
2024-07-29,42.5,-97.0,1710
2024-07-29,42.5,-96.5,2520
2024-07-29,42.5,-96.0,1800
2024-07-29,42.5,-95.5,1980
2024-07-29,42.5,-95.0,900
2024-07-29,42.5,-94.5,90
2024-07-29,42.5,-94.0,540
2024-07-29,42.5,-93.5,180
2024-07-29,42.5,-93.0,450
2024-07-29,42.5,-92.5,90
2024-07-29,42.5,-92.0,90
2024-07-29,42.5,-91.5,270
2024-07-29,42.5,-90.5,90
2024-07-29,42.5,-89.5,90
2024-07-29,42.5,-89.0,630
2024-07-29,42.5,-88.5,810
2024-07-29,42.5,-88.0,1800
2024-07-29,42.5,-87.5,540
2024-07-29,42.5,-86.5,270
2024-07-29,42.5,-86.0,90
2024-07-29,42.5,-85.0,90
2024-07-29,42.5,-84.5,270
2024-07-29,42.5,-84.0,180
2024-07-29,42.5,-83.5,630
2024-07-29,42.5,-83.0,540
2024-07-29,42.5,-82.5,360
2024-07-29,42.5,-82.0,90
2024-07-29,42.5,-80.5,90
2024-07-29,42.5,-79.5,90
2024-07-29,42.5,-79.0,180
2024-07-29,42.5,-78.0,270
2024-07-29,42.5,-77.5,180
2024-07-29,42.5,-77.0,180
2024-07-29,42.5,-76.5,90
2024-07-29,42.5,-76.0,360
2024-07-29,42.5,-75.0,270
2024-07-29,42.5,-74.5,450
2024-07-29,42.5,-74.0,990
2024-07-29,42.5,-73.5,450
2024-07-29,42.5,-73.0,630
2024-07-29,42.5,-72.5,810
2024-07-29,42.5,-72.0,990
2024-07-29,42.5,-71.5,450
2024-07-29,42.5,-71.0,90
2024-07-29,42.5,-70.5,270
2024-07-29,42.5,-70.0,270
2024-07-29,42.5,-68.0,90
2024-07-29,43.0,-121.5,90
2024-07-29,43.0,-119.0,90
2024-07-29,43.0,-114.0,90
2024-07-29,43.0,-103.0,90
2024-07-29,43.0,-102.0,270
2024-07-29,43.0,-101.5,90
2024-07-29,43.0,-101.0,1170
2024-07-29,43.0,-100.5,1440
2024-07-29,43.0,-100.0,2070
2024-07-29,43.0,-99.5,6480
2024-07-29,43.0,-99.0,4230
2024-07-29,43.0,-98.5,4950
2024-07-29,43.0,-98.0,9450
2024-07-29,43.0,-97.5,2880
2024-07-29,43.0,-97.0,2610
2024-07-29,43.0,-96.5,1350
2024-07-29,43.0,-96.0,1440
2024-07-29,43.0,-95.5,90
2024-07-29,43.0,-95.0,360
2024-07-29,43.0,-94.0,720
2024-07-29,43.0,-93.5,540
2024-07-29,43.0,-92.5,1530
2024-07-29,43.0,-92.0,1710
2024-07-29,43.0,-91.5,180
2024-07-29,43.0,-91.0,90
2024-07-29,43.0,-90.5,90
2024-07-29,43.0,-90.0,360
2024-07-29,43.0,-89.5,2340
2024-07-29,43.0,-89.0,3330
2024-07-29,43.0,-88.5,2700
2024-07-29,43.0,-88.0,1080
2024-07-29,43.0,-87.5,90
2024-07-29,43.0,-86.0,360
2024-07-29,43.0,-85.5,90
2024-07-29,43.0,-85.0,360
2024-07-29,43.0,-84.5,180
2024-07-29,43.0,-84.0,180
2024-07-29,43.0,-83.5,450
2024-07-29,43.0,-83.0,270
2024-07-29,43.0,-82.5,270
2024-07-29,43.0,-82.0,180
2024-07-29,43.0,-81.5,270
2024-07-29,43.0,-81.0,450
2024-07-29,43.0,-79.0,720
2024-07-29,43.0,-78.5,90
2024-07-29,43.0,-78.0,180
2024-07-29,43.0,-77.5,90
2024-07-29,43.0,-77.0,270
2024-07-29,43.0,-76.5,90
2024-07-29,43.0,-76.0,360
2024-07-29,43.0,-75.5,180
2024-07-29,43.0,-75.0,180
2024-07-29,43.0,-74.0,180
2024-07-29,43.0,-73.5,990
2024-07-29,43.0,-73.0,630
2024-07-29,43.0,-72.5,180
2024-07-29,43.0,-71.5,630
2024-07-29,43.0,-71.0,810
2024-07-29,43.0,-70.5,810
2024-07-29,43.0,-70.0,900
2024-07-29,43.0,-69.5,810
2024-07-29,43.0,-69.0,990
2024-07-29,43.0,-68.5,1980
2024-07-29,43.0,-68.0,4500
2024-07-29,43.0,-67.5,360
2024-07-29,43.0,-67.0,180
2024-07-29,43.0,-66.5,540
2024-07-29,43.0,-66.0,90
2024-07-29,43.0,-65.5,180
2024-07-29,43.5,-113.5,180
2024-07-29,43.5,-109.5,90
2024-07-29,43.5,-104.0,180
2024-07-29,43.5,-103.5,180
2024-07-29,43.5,-103.0,270
2024-07-29,43.5,-102.0,450
2024-07-29,43.5,-101.5,270
2024-07-29,43.5,-101.0,1350
2024-07-29,43.5,-100.5,4140
2024-07-29,43.5,-100.0,2250
2024-07-29,43.5,-99.5,2880
2024-07-29,43.5,-99.0,2790
2024-07-29,43.5,-98.5,2970
2024-07-29,43.5,-98.0,6120
2024-07-29,43.5,-97.5,8640
2024-07-29,43.5,-97.0,1800
2024-07-29,43.5,-96.5,720
2024-07-29,43.5,-96.0,1800
2024-07-29,43.5,-95.5,2430
2024-07-29,43.5,-95.0,2160
2024-07-29,43.5,-94.5,2250
2024-07-29,43.5,-94.0,2250
2024-07-29,43.5,-93.5,900
2024-07-29,43.5,-93.0,1080
2024-07-29,43.5,-92.5,1260
2024-07-29,43.5,-92.0,1890
2024-07-29,43.5,-91.5,270
2024-07-29,43.5,-91.0,180
2024-07-29,43.5,-90.0,720
2024-07-29,43.5,-89.5,1440
2024-07-29,43.5,-89.0,180
2024-07-29,43.5,-88.5,900
2024-07-29,43.5,-88.0,90
2024-07-29,43.5,-86.0,180
2024-07-29,43.5,-85.5,90
2024-07-29,43.5,-85.0,180
2024-07-29,43.5,-84.0,90
2024-07-29,43.5,-83.5,360
2024-07-29,43.5,-83.0,360
2024-07-29,43.5,-82.5,90
2024-07-29,43.5,-82.0,810
2024-07-29,43.5,-81.5,1800
2024-07-29,43.5,-81.0,360
2024-07-29,43.5,-80.5,450
2024-07-29,43.5,-80.0,180
2024-07-29,43.5,-79.0,90
2024-07-29,43.5,-77.0,90
2024-07-29,43.5,-76.5,450
2024-07-29,43.5,-75.5,450
2024-07-29,43.5,-75.0,180
2024-07-29,43.5,-74.5,810
2024-07-29,43.5,-74.0,1710
2024-07-29,43.5,-73.5,6210
2024-07-29,43.5,-73.0,1530
2024-07-29,43.5,-72.5,360
2024-07-29,43.5,-72.0,450
2024-07-29,43.5,-71.5,540
2024-07-29,43.5,-71.0,360
2024-07-29,43.5,-70.5,180
2024-07-29,43.5,-70.0,810
2024-07-29,43.5,-69.5,1170
2024-07-29,43.5,-69.0,360
2024-07-29,43.5,-68.5,1530
2024-07-29,43.5,-68.0,2430
2024-07-29,43.5,-67.5,1080
2024-07-29,43.5,-67.0,810
2024-07-29,43.5,-66.5,540
2024-07-29,43.5,-66.0,90
2024-07-29,43.5,-65.5,90
2024-07-29,44.0,-114.0,90
2024-07-29,44.0,-113.0,180
2024-07-29,44.0,-112.5,180
2024-07-29,44.0,-111.5,180
2024-07-29,44.0,-109.5,90
2024-07-29,44.0,-109.0,180
2024-07-29,44.0,-105.0,450
2024-07-29,44.0,-104.5,450
2024-07-29,44.0,-104.0,900
2024-07-29,44.0,-103.5,180
2024-07-29,44.0,-103.0,270
2024-07-29,44.0,-102.5,360
2024-07-29,44.0,-102.0,1620
2024-07-29,44.0,-101.5,1980
2024-07-29,44.0,-101.0,2070
2024-07-29,44.0,-100.5,2700
2024-07-29,44.0,-100.0,630
2024-07-29,44.0,-99.5,810
2024-07-29,44.0,-98.5,1620
2024-07-29,44.0,-98.0,6660
2024-07-29,44.0,-97.5,3240
2024-07-29,44.0,-97.0,1800
2024-07-29,44.0,-96.5,1800
2024-07-29,44.0,-96.0,4590
2024-07-29,44.0,-95.5,2880
2024-07-29,44.0,-95.0,2070
2024-07-29,44.0,-94.5,1710
2024-07-29,44.0,-94.0,1980
2024-07-29,44.0,-93.5,2430
2024-07-29,44.0,-93.0,2610
2024-07-29,44.0,-92.5,5760
2024-07-29,44.0,-92.0,1800
2024-07-29,44.0,-91.5,450
2024-07-29,44.0,-91.0,630
2024-07-29,44.0,-90.5,1260
2024-07-29,44.0,-90.0,3420
2024-07-29,44.0,-89.5,1530
2024-07-29,44.0,-89.0,900
2024-07-29,44.0,-88.5,1080
2024-07-29,44.0,-88.0,2430
2024-07-29,44.0,-87.5,450
2024-07-29,44.0,-86.0,360
2024-07-29,44.0,-85.5,270
2024-07-29,44.0,-85.0,540
2024-07-29,44.0,-84.5,1170
2024-07-29,44.0,-84.0,900
2024-07-29,44.0,-83.5,180
2024-07-29,44.0,-82.5,90
2024-07-29,44.0,-81.5,540
2024-07-29,44.0,-81.0,1080
2024-07-29,44.0,-80.5,450
2024-07-29,44.0,-79.0,90
2024-07-29,44.0,-76.5,1530
2024-07-29,44.0,-76.0,810
2024-07-29,44.0,-75.5,810
2024-07-29,44.0,-75.0,540
2024-07-29,44.0,-74.5,180
2024-07-29,44.0,-74.0,2250
2024-07-29,44.0,-73.5,3690
2024-07-29,44.0,-73.0,2340
2024-07-29,44.0,-72.5,2610
2024-07-29,44.0,-72.0,1530
2024-07-29,44.0,-71.0,90
2024-07-29,44.0,-70.5,90
2024-07-29,44.0,-70.0,540
2024-07-29,44.0,-68.5,90
2024-07-29,44.0,-67.5,90
2024-07-29,44.0,-66.5,90
2024-07-29,44.0,-66.0,270
2024-07-29,44.0,-65.5,90
2024-07-29,44.5,-114.0,90
2024-07-29,44.5,-113.0,450
2024-07-29,44.5,-111.5,90
2024-07-29,44.5,-111.0,90
2024-07-29,44.5,-110.0,180
2024-07-29,44.5,-104.5,630
2024-07-29,44.5,-104.0,450
2024-07-29,44.5,-103.5,450
2024-07-29,44.5,-103.0,270
2024-07-29,44.5,-102.5,360
2024-07-29,44.5,-102.0,2340
2024-07-29,44.5,-101.5,1350
2024-07-29,44.5,-101.0,1170
2024-07-29,44.5,-100.5,270
2024-07-29,44.5,-100.0,450
2024-07-29,44.5,-99.5,90
2024-07-29,44.5,-99.0,180
2024-07-29,44.5,-98.5,1170
2024-07-29,44.5,-98.0,1080
2024-07-29,44.5,-97.5,2700
2024-07-29,44.5,-97.0,2250
2024-07-29,44.5,-96.5,5670
2024-07-29,44.5,-96.0,5130
2024-07-29,44.5,-95.5,3420
2024-07-29,44.5,-95.0,5220
2024-07-29,44.5,-94.5,7290
2024-07-29,44.5,-94.0,3870
2024-07-29,44.5,-93.5,2430
2024-07-29,44.5,-93.0,2610
2024-07-29,44.5,-92.5,900
2024-07-29,44.5,-92.0,90
2024-07-29,44.5,-91.5,450
2024-07-29,44.5,-91.0,1350
2024-07-29,44.5,-90.5,2520
2024-07-29,44.5,-90.0,4680
2024-07-29,44.5,-89.5,720
2024-07-29,44.5,-89.0,270
2024-07-29,44.5,-88.5,270
2024-07-29,44.5,-87.5,180
2024-07-29,44.5,-86.5,90
2024-07-29,44.5,-86.0,180
2024-07-29,44.5,-85.5,180
2024-07-29,44.5,-85.0,360
2024-07-29,44.5,-84.5,360
2024-07-29,44.5,-84.0,180
2024-07-29,44.5,-83.5,270
2024-07-29,44.5,-82.0,270
2024-07-29,44.5,-81.0,90
2024-07-29,44.5,-80.5,360
2024-07-29,44.5,-80.0,270
2024-07-29,44.5,-79.0,90
2024-07-29,44.5,-78.5,90
2024-07-29,44.5,-76.5,180
2024-07-29,44.5,-76.0,360
2024-07-29,44.5,-75.5,180
2024-07-29,44.5,-75.0,630
2024-07-29,44.5,-74.5,540
2024-07-29,44.5,-74.0,900
2024-07-29,44.5,-73.5,1890
2024-07-29,44.5,-73.0,2250
2024-07-29,44.5,-72.5,720
2024-07-29,44.5,-72.0,2160
2024-07-29,44.5,-71.5,270
2024-07-29,44.5,-71.0,810
2024-07-29,44.5,-70.5,1530
2024-07-29,44.5,-70.0,360
2024-07-29,44.5,-66.0,450
2024-07-29,44.5,-65.5,270
2024-07-29,45.0,-115.5,180
2024-07-29,45.0,-114.0,90
2024-07-29,45.0,-112.0,180
2024-07-29,45.0,-111.5,90
2024-07-29,45.0,-111.0,450
2024-07-29,45.0,-110.5,90
2024-07-29,45.0,-110.0,540
2024-07-29,45.0,-107.0,90
2024-07-29,45.0,-104.5,90
2024-07-29,45.0,-104.0,360
2024-07-29,45.0,-103.5,720
2024-07-29,45.0,-103.0,900
2024-07-29,45.0,-102.5,1620
2024-07-29,45.0,-102.0,2070
2024-07-29,45.0,-101.5,630
2024-07-29,45.0,-101.0,1890
2024-07-29,45.0,-100.5,270
2024-07-29,45.0,-100.0,2070
2024-07-29,45.0,-99.5,720
2024-07-29,45.0,-99.0,1080
2024-07-29,45.0,-98.5,2430
2024-07-29,45.0,-98.0,2700
2024-07-29,45.0,-97.5,5400
2024-07-29,45.0,-97.0,4860
2024-07-29,45.0,-96.5,2250
2024-07-29,45.0,-96.0,1800
2024-07-29,45.0,-95.5,1890
2024-07-29,45.0,-95.0,4590
2024-07-29,45.0,-94.5,2790
2024-07-29,45.0,-94.0,3510
2024-07-29,45.0,-93.5,900
2024-07-29,45.0,-93.0,1890
2024-07-29,45.0,-92.5,1350
2024-07-29,45.0,-91.5,540
2024-07-29,45.0,-91.0,1260
2024-07-29,45.0,-90.5,1170
2024-07-29,45.0,-90.0,2880
2024-07-29,45.0,-89.5,1980
2024-07-29,45.0,-89.0,180
2024-07-29,45.0,-88.5,180
2024-07-29,45.0,-87.5,180
2024-07-29,45.0,-86.0,540
2024-07-29,45.0,-85.0,90
2024-07-29,45.0,-84.5,540
2024-07-29,45.0,-84.0,360
2024-07-29,45.0,-80.5,90
2024-07-29,45.0,-79.5,90
2024-07-29,45.0,-79.0,630
2024-07-29,45.0,-78.5,90
2024-07-29,45.0,-78.0,270
2024-07-29,45.0,-77.5,540
2024-07-29,45.0,-77.0,180
2024-07-29,45.0,-76.5,450
2024-07-29,45.0,-76.0,900
2024-07-29,45.0,-75.5,1080
2024-07-29,45.0,-75.0,360
2024-07-29,45.0,-74.5,2700
2024-07-29,45.0,-73.0,90
2024-07-29,45.0,-72.5,450
2024-07-29,45.0,-72.0,90
2024-07-29,45.0,-71.5,270
2024-07-29,45.0,-71.0,180
2024-07-29,45.0,-70.5,1080
2024-07-29,45.0,-70.0,360
2024-07-29,45.0,-69.5,450
2024-07-29,45.5,-114.5,270
2024-07-29,45.5,-114.0,360
2024-07-29,45.5,-111.0,270
2024-07-29,45.5,-110.0,90
2024-07-29,45.5,-109.0,90
2024-07-29,45.5,-107.0,90
2024-07-29,45.5,-106.0,90
2024-07-29,45.5,-105.0,180
2024-07-29,45.5,-104.5,180
2024-07-29,45.5,-103.5,90
2024-07-29,45.5,-102.5,720
2024-07-29,45.5,-102.0,900
2024-07-29,45.5,-101.5,1080
2024-07-29,45.5,-101.0,450
2024-07-29,45.5,-100.5,540
2024-07-29,45.5,-99.5,1260
2024-07-29,45.5,-99.0,540
2024-07-29,45.5,-98.5,2700
2024-07-29,45.5,-98.0,4320
2024-07-29,45.5,-97.5,4230
2024-07-29,45.5,-97.0,2790
2024-07-29,45.5,-96.5,3510
2024-07-29,45.5,-96.0,2610
2024-07-29,45.5,-95.5,2250
2024-07-29,45.5,-95.0,3960
2024-07-29,45.5,-94.5,1620
2024-07-29,45.5,-94.0,1620
2024-07-29,45.5,-93.5,630
2024-07-29,45.5,-93.0,630
2024-07-29,45.5,-92.5,990
2024-07-29,45.5,-92.0,540
2024-07-29,45.5,-91.5,1260
2024-07-29,45.5,-91.0,450
2024-07-29,45.5,-90.5,1530
2024-07-29,45.5,-90.0,1080
2024-07-29,45.5,-89.5,1710
2024-07-29,45.5,-89.0,360
2024-07-29,45.5,-86.5,180
2024-07-29,45.5,-85.0,180
2024-07-29,45.5,-84.5,450
2024-07-29,45.5,-84.0,270
2024-07-29,45.5,-82.0,90
2024-07-29,45.5,-79.5,90
2024-07-29,45.5,-78.5,450
2024-07-29,45.5,-78.0,1440
2024-07-29,45.5,-77.0,2340
2024-07-29,45.5,-76.5,1890
2024-07-29,45.5,-76.0,1080
2024-07-29,45.5,-75.5,1710
2024-07-29,45.5,-75.0,3690
2024-07-29,45.5,-74.5,540
2024-07-29,45.5,-74.0,630
2024-07-29,45.5,-73.5,720
2024-07-29,45.5,-73.0,2340
2024-07-29,45.5,-72.5,1080
2024-07-29,45.5,-72.0,1260
2024-07-29,45.5,-71.5,1170
2024-07-29,45.5,-71.0,630
2024-07-29,45.5,-70.5,360
2024-07-29,45.5,-70.0,180
2024-07-29,45.5,-69.5,90
2024-07-29,45.5,-69.0,1080
2024-07-29,45.5,-68.5,90
2024-07-29,45.5,-67.5,90
2024-07-29,46.0,-114.0,90
2024-07-29,46.0,-109.0,90
2024-07-29,46.0,-106.5,90
2024-07-29,46.0,-105.5,90
2024-07-29,46.0,-103.5,180
2024-07-29,46.0,-103.0,180
2024-07-29,46.0,-102.5,450
2024-07-29,46.0,-102.0,2790
2024-07-29,46.0,-101.5,540
2024-07-29,46.0,-101.0,630
2024-07-29,46.0,-100.5,540
2024-07-29,46.0,-100.0,270
2024-07-29,46.0,-99.5,2610
2024-07-29,46.0,-99.0,2340
2024-07-29,46.0,-98.5,2700
2024-07-29,46.0,-98.0,180
2024-07-29,46.0,-97.5,1890
2024-07-29,46.0,-97.0,810
2024-07-29,46.0,-96.5,3690
2024-07-29,46.0,-96.0,810
2024-07-29,46.0,-95.5,3510
2024-07-29,46.0,-95.0,4950
2024-07-29,46.0,-94.5,4860
2024-07-29,46.0,-94.0,1530
2024-07-29,46.0,-93.5,450
2024-07-29,46.0,-93.0,630
2024-07-29,46.0,-92.5,1440
2024-07-29,46.0,-92.0,540
2024-07-29,46.0,-91.5,540
2024-07-29,46.0,-91.0,180
2024-07-29,46.0,-90.5,270
2024-07-29,46.0,-90.0,270
2024-07-29,46.0,-89.5,90
2024-07-29,46.0,-89.0,180
2024-07-29,46.0,-88.5,360
2024-07-29,46.0,-88.0,270
2024-07-29,46.0,-87.5,450
2024-07-29,46.0,-87.0,90
2024-07-29,46.0,-85.0,180
2024-07-29,46.0,-84.5,90
2024-07-29,46.0,-79.5,180
2024-07-29,46.0,-79.0,180
2024-07-29,46.0,-78.5,90
2024-07-29,46.0,-77.5,90
2024-07-29,46.0,-77.0,90
2024-07-29,46.0,-76.5,2160
2024-07-29,46.0,-76.0,2250
2024-07-29,46.0,-75.5,1260
2024-07-29,46.0,-75.0,450
2024-07-29,46.0,-74.0,540
2024-07-29,46.0,-73.5,9720
2024-07-29,46.0,-73.0,2790
2024-07-29,46.0,-72.5,270
2024-07-29,46.0,-72.0,1620
2024-07-29,46.0,-71.5,90
2024-07-29,46.0,-71.0,90
2024-07-29,46.0,-70.0,1170
2024-07-29,46.0,-69.5,630
2024-07-29,46.0,-68.5,540
2024-07-29,46.0,-67.5,180
2024-07-29,46.5,-110.5,90
2024-07-29,46.5,-107.5,90
2024-07-29,46.5,-107.0,180
2024-07-29,46.5,-106.0,90
2024-07-29,46.5,-105.0,90
2024-07-29,46.5,-104.0,90
2024-07-29,46.5,-103.5,450
2024-07-29,46.5,-103.0,180
2024-07-29,46.5,-102.5,360
2024-07-29,46.5,-102.0,270
2024-07-29,46.5,-101.5,900
2024-07-29,46.5,-101.0,1260
2024-07-29,46.5,-100.5,4050
2024-07-29,46.5,-100.0,450
2024-07-29,46.5,-99.5,2070
2024-07-29,46.5,-99.0,810
2024-07-29,46.5,-98.5,360
2024-07-29,46.5,-98.0,1440
2024-07-29,46.5,-97.5,1530
2024-07-29,46.5,-97.0,1080
2024-07-29,46.5,-96.5,180
2024-07-29,46.5,-96.0,630
2024-07-29,46.5,-95.5,180
2024-07-29,46.5,-95.0,2610
2024-07-29,46.5,-94.5,2430
2024-07-29,46.5,-94.0,1440
2024-07-29,46.5,-93.5,1080
2024-07-29,46.5,-93.0,990
2024-07-29,46.5,-92.5,90
2024-07-29,46.5,-92.0,180
2024-07-29,46.5,-91.5,630
2024-07-29,46.5,-91.0,180
2024-07-29,46.5,-89.5,90
2024-07-29,46.5,-89.0,90
2024-07-29,46.5,-88.5,630
2024-07-29,46.5,-88.0,90
2024-07-29,46.5,-86.5,180
2024-07-29,46.5,-85.5,90
2024-07-29,46.5,-85.0,180
2024-07-29,46.5,-84.5,90
2024-07-29,46.5,-83.5,90
2024-07-29,46.5,-82.0,90
2024-07-29,46.5,-81.0,90
2024-07-29,46.5,-80.5,90
2024-07-29,46.5,-79.5,180
2024-07-29,46.5,-79.0,180
2024-07-29,46.5,-78.0,180
2024-07-29,46.5,-77.5,90
2024-07-29,46.5,-77.0,90
2024-07-29,46.5,-76.5,1800
2024-07-29,46.5,-76.0,1620
2024-07-29,46.5,-75.5,1440
2024-07-29,46.5,-75.0,1710
2024-07-29,46.5,-74.5,720
2024-07-29,46.5,-74.0,1530
2024-07-29,46.5,-73.5,3330
2024-07-29,46.5,-73.0,2880
2024-07-29,46.5,-72.5,2160
2024-07-29,46.5,-72.0,360
2024-07-29,46.5,-71.5,180
2024-07-29,46.5,-71.0,270
2024-07-29,46.5,-70.5,180
2024-07-29,46.5,-70.0,90
2024-07-29,46.5,-69.5,630
2024-07-29,46.5,-69.0,990
2024-07-29,46.5,-68.5,990
2024-07-29,46.5,-68.0,1980
2024-07-29,46.5,-67.5,630
2024-07-29,46.5,-67.0,90
2024-07-29,46.5,-66.5,270
2024-07-29,47.0,-103.0,180
2024-07-29,47.0,-102.5,450
2024-07-29,47.0,-102.0,360
2024-07-29,47.0,-101.5,450
2024-07-29,47.0,-101.0,180
2024-07-29,47.0,-100.5,90
2024-07-29,47.0,-100.0,810
2024-07-29,47.0,-99.5,630
2024-07-29,47.0,-99.0,90
2024-07-29,47.0,-98.5,720
2024-07-29,47.0,-98.0,180
2024-07-29,47.0,-97.5,900
2024-07-29,47.0,-97.0,270
2024-07-29,47.0,-96.5,270
2024-07-29,47.0,-96.0,450
2024-07-29,47.0,-95.5,360
2024-07-29,47.0,-95.0,1170
2024-07-29,47.0,-94.5,630
2024-07-29,47.0,-94.0,1170
2024-07-29,47.0,-93.5,1260
2024-07-29,47.0,-93.0,450
2024-07-29,47.0,-92.5,180
2024-07-29,47.0,-91.5,180
2024-07-29,47.0,-85.0,180
2024-07-29,47.0,-83.5,90
2024-07-29,47.0,-83.0,90
2024-07-29,47.0,-82.5,180
2024-07-29,47.0,-82.0,270
2024-07-29,47.0,-81.5,810
2024-07-29,47.0,-81.0,180
2024-07-29,47.0,-80.5,630
2024-07-29,47.0,-80.0,180
2024-07-29,47.0,-79.5,90
2024-07-29,47.0,-78.5,180
2024-07-29,47.0,-78.0,450
2024-07-29,47.0,-77.0,270
2024-07-29,47.0,-76.5,540
2024-07-29,47.0,-76.0,1530
2024-07-29,47.0,-75.5,2520
2024-07-29,47.0,-75.0,270
2024-07-29,47.0,-74.5,990
2024-07-29,47.0,-74.0,1350
2024-07-29,47.0,-73.5,2430
2024-07-29,47.0,-73.0,2880
2024-07-29,47.0,-72.5,1980
2024-07-29,47.0,-71.5,90
2024-07-29,47.0,-71.0,450
2024-07-29,47.0,-70.5,360
2024-07-29,47.0,-70.0,540
2024-07-29,47.0,-69.5,450
2024-07-29,47.0,-69.0,270
2024-07-29,47.0,-68.5,1440
2024-07-29,47.0,-68.0,2970
2024-07-29,47.0,-67.5,1170
2024-07-29,47.0,-67.0,1980
2024-07-29,47.0,-66.5,630
2024-07-29,47.0,-66.0,900
2024-07-29,47.0,-65.5,90
2024-07-29,47.5,-102.5,270
2024-07-29,47.5,-102.0,720
2024-07-29,47.5,-101.5,90
2024-07-29,47.5,-101.0,270
2024-07-29,47.5,-100.5,360
2024-07-29,47.5,-100.0,180
2024-07-29,47.5,-99.5,90
2024-07-29,47.5,-99.0,90
2024-07-29,47.5,-97.5,360
2024-07-29,47.5,-97.0,1170
2024-07-29,47.5,-96.5,1170
2024-07-29,47.5,-96.0,630
2024-07-29,47.5,-95.5,450
2024-07-29,47.5,-95.0,450
2024-07-29,47.5,-94.5,720
2024-07-29,47.5,-94.0,450
2024-07-29,47.5,-93.5,360
2024-07-29,47.5,-93.0,270
2024-07-29,47.5,-92.5,90
2024-07-29,47.5,-92.0,90
2024-07-29,47.5,-84.5,180
2024-07-29,47.5,-84.0,270
2024-07-29,47.5,-83.5,180
2024-07-29,47.5,-82.0,270
2024-07-29,47.5,-81.5,1260
2024-07-29,47.5,-81.0,540
2024-07-29,47.5,-80.5,180
2024-07-29,47.5,-79.5,180
2024-07-29,47.5,-79.0,900
2024-07-29,47.5,-78.5,1440
2024-07-29,47.5,-78.0,2070
2024-07-29,47.5,-77.5,720
2024-07-29,47.5,-77.0,900
2024-07-29,47.5,-76.5,360
2024-07-29,47.5,-76.0,270
2024-07-29,47.5,-74.5,990
2024-07-29,47.5,-74.0,2700
2024-07-29,47.5,-73.5,2700
2024-07-29,47.5,-73.0,990
2024-07-29,47.5,-72.5,90
2024-07-29,47.5,-72.0,90
2024-07-29,47.5,-71.5,540
2024-07-29,47.5,-71.0,990
2024-07-29,47.5,-70.5,2250
2024-07-29,47.5,-70.0,720
2024-07-29,47.5,-69.5,450
2024-07-29,47.5,-69.0,630
2024-07-29,47.5,-68.5,360
2024-07-29,47.5,-68.0,270
2024-07-29,47.5,-67.5,1530
2024-07-29,47.5,-67.0,900
2024-07-29,47.5,-66.5,630
2024-07-29,47.5,-66.0,720
2024-07-29,48.0,-110.5,90
2024-07-29,48.0,-110.0,90
2024-07-29,48.0,-109.0,90
2024-07-29,48.0,-101.5,90
2024-07-29,48.0,-101.0,90
2024-07-29,48.0,-100.0,90
2024-07-29,48.0,-99.5,810
2024-07-29,48.0,-99.0,1710
2024-07-29,48.0,-98.5,180
2024-07-29,48.0,-98.0,270
2024-07-29,48.0,-97.5,270
2024-07-29,48.0,-97.0,90
2024-07-29,48.0,-96.5,1080
2024-07-29,48.0,-96.0,630
2024-07-29,48.0,-95.5,450
2024-07-29,48.0,-95.0,630
2024-07-29,48.0,-94.5,270
2024-07-29,48.0,-93.5,630
2024-07-29,48.0,-93.0,450
2024-07-29,48.0,-92.5,630
2024-07-29,48.0,-92.0,90
2024-07-29,48.0,-89.5,90
2024-07-29,48.0,-84.5,90
2024-07-29,48.0,-84.0,450
2024-07-29,48.0,-83.0,270
2024-07-29,48.0,-82.5,90
2024-07-29,48.0,-82.0,360
2024-07-29,48.0,-81.5,270
2024-07-29,48.0,-81.0,180
2024-07-29,48.0,-80.5,90
2024-07-29,48.0,-80.0,450
2024-07-29,48.0,-79.5,360
2024-07-29,48.0,-79.0,540
2024-07-29,48.0,-78.5,720
2024-07-29,48.0,-78.0,1350
2024-07-29,48.0,-77.5,3510
2024-07-29,48.0,-77.0,2250
2024-07-29,48.0,-76.5,540
2024-07-29,48.0,-76.0,90
2024-07-29,48.0,-75.5,180
2024-07-29,48.0,-74.5,990
2024-07-29,48.0,-74.0,2250
2024-07-29,48.0,-73.5,720
2024-07-29,48.0,-73.0,1260
2024-07-29,48.0,-72.5,540
2024-07-29,48.0,-71.5,2070
2024-07-29,48.0,-71.0,270
2024-07-29,48.0,-70.5,1890
2024-07-29,48.0,-70.0,180
2024-07-29,48.0,-69.0,360
2024-07-29,48.0,-68.5,360
2024-07-29,48.0,-68.0,90
2024-07-29,48.0,-67.5,1890
2024-07-29,48.0,-67.0,1440
2024-07-29,48.0,-66.5,1080
2024-07-29,48.0,-66.0,180
2024-07-29,48.5,-110.0,90
2024-07-29,48.5,-108.5,90
2024-07-29,48.5,-101.0,180
2024-07-29,48.5,-100.5,360
2024-07-29,48.5,-99.5,270
2024-07-29,48.5,-99.0,180
2024-07-29,48.5,-96.0,720
2024-07-29,48.5,-95.5,450
2024-07-29,48.5,-95.0,270
2024-07-29,48.5,-94.5,360
2024-07-29,48.5,-94.0,720
2024-07-29,48.5,-93.5,180
2024-07-29,48.5,-93.0,360
2024-07-29,48.5,-92.5,180
2024-07-29,48.5,-91.0,720
2024-07-29,48.5,-90.5,180
2024-07-29,48.5,-90.0,270
2024-07-29,48.5,-89.5,270
2024-07-29,48.5,-89.0,540
2024-07-29,48.5,-84.0,180
2024-07-29,48.5,-83.5,1440
2024-07-29,48.5,-83.0,1440
2024-07-29,48.5,-82.5,1170
2024-07-29,48.5,-82.0,180
2024-07-29,48.5,-81.5,90
2024-07-29,48.5,-81.0,270
2024-07-29,48.5,-80.5,180
2024-07-29,48.5,-80.0,360
2024-07-29,48.5,-79.5,450
2024-07-29,48.5,-79.0,630
2024-07-29,48.5,-78.5,450
2024-07-29,48.5,-78.0,1080
2024-07-29,48.5,-77.5,2160
2024-07-29,48.5,-77.0,1440
2024-07-29,48.5,-76.0,180
2024-07-29,48.5,-75.5,720
2024-07-29,48.5,-75.0,1080
2024-07-29,48.5,-74.5,270
2024-07-29,48.5,-73.0,540
2024-07-29,48.5,-72.5,1260
2024-07-29,48.5,-72.0,1800
2024-07-29,48.5,-71.5,180
2024-07-29,48.5,-70.0,180
2024-07-29,48.5,-69.5,720
2024-07-29,48.5,-68.5,180
2024-07-29,48.5,-68.0,90
2024-07-29,48.5,-67.5,630
2024-07-29,48.5,-67.0,180
2024-07-29,48.5,-66.5,1170
2024-07-29,48.5,-66.0,180
2024-07-29,48.5,-65.5,1080
2024-07-29,49.0,-97.5,90
2024-07-29,49.0,-97.0,180
2024-07-29,49.0,-96.0,360
2024-07-29,49.0,-95.5,90
2024-07-29,49.0,-95.0,270
2024-07-29,49.0,-94.5,90
2024-07-29,49.0,-94.0,180
2024-07-29,49.0,-93.5,270
2024-07-29,49.0,-93.0,90
2024-07-29,49.0,-92.5,90
2024-07-29,49.0,-92.0,180
2024-07-29,49.0,-91.5,180
2024-07-29,49.0,-91.0,450
2024-07-29,49.0,-90.5,90
2024-07-29,49.0,-90.0,450
2024-07-29,49.0,-89.5,1170
2024-07-29,49.0,-89.0,720
2024-07-29,49.0,-88.5,90
2024-07-29,49.0,-88.0,90
2024-07-29,49.0,-87.5,270
2024-07-29,49.0,-86.0,180
2024-07-29,49.0,-85.5,90
2024-07-29,49.0,-84.0,180
2024-07-29,49.0,-83.5,180
2024-07-29,49.0,-83.0,720
2024-07-29,49.0,-82.5,900
2024-07-29,49.0,-82.0,270
2024-07-29,49.0,-81.5,180
2024-07-29,49.0,-81.0,90
2024-07-29,49.0,-79.5,90
2024-07-29,49.0,-78.5,1170
2024-07-29,49.0,-78.0,3780
2024-07-29,49.0,-77.5,1800
2024-07-29,49.0,-77.0,1080
2024-07-29,49.0,-76.5,180
2024-07-29,49.0,-76.0,630
2024-07-29,49.0,-75.5,810
2024-07-29,49.0,-74.5,90
2024-07-29,49.0,-74.0,90
2024-07-29,49.0,-73.5,90
2024-07-29,49.0,-71.0,90
2024-07-29,49.0,-70.5,90
2024-07-29,49.0,-70.0,360
2024-07-29,49.0,-69.0,180
2024-07-29,49.0,-68.0,540
2024-07-29,49.0,-66.5,90
2024-07-29,49.0,-66.0,180
2024-07-29,49.0,-65.5,450
2024-07-29,49.5,-117.0,90
2024-07-29,49.5,-116.0,90
2024-07-29,49.5,-115.0,180
2024-07-29,49.5,-114.5,90
2024-07-29,49.5,-108.5,90
2024-07-29,49.5,-103.5,90
2024-07-29,49.5,-102.0,90
2024-07-29,49.5,-101.5,90
2024-07-29,49.5,-99.0,90
2024-07-29,49.5,-97.5,180
2024-07-29,49.5,-96.0,270
2024-07-29,49.5,-95.5,270
2024-07-29,49.5,-95.0,450
2024-07-29,49.5,-94.5,450
2024-07-29,49.5,-94.0,180
2024-07-29,49.5,-92.0,90
2024-07-29,49.5,-89.5,630
2024-07-29,49.5,-89.0,180
2024-07-29,49.5,-88.5,180
2024-07-29,49.5,-88.0,1350
2024-07-29,49.5,-87.0,270
2024-07-29,49.5,-86.0,90
2024-07-29,49.5,-85.0,90
2024-07-29,49.5,-84.5,450
2024-07-29,49.5,-84.0,1170
2024-07-29,49.5,-83.5,1170
2024-07-29,49.5,-83.0,630
2024-07-29,49.5,-82.5,270
2024-07-29,49.5,-82.0,990
2024-07-29,49.5,-81.5,450
2024-07-29,49.5,-81.0,450
2024-07-29,49.5,-80.5,360
2024-07-29,49.5,-80.0,90
2024-07-29,49.5,-79.5,90
2024-07-29,49.5,-79.0,360
2024-07-29,49.5,-78.5,990
2024-07-29,49.5,-78.0,3420
2024-07-29,49.5,-77.5,3420
2024-07-29,49.5,-77.0,810
2024-07-29,49.5,-76.5,1170
2024-07-29,49.5,-76.0,990
2024-07-29,49.5,-75.5,270
2024-07-29,49.5,-74.0,90
2024-07-29,49.5,-71.5,90
2024-07-29,49.5,-69.0,90
2024-07-29,49.5,-68.0,2610
2024-07-29,49.5,-67.5,450
2024-07-29,50.0,-119.0,90
2024-07-29,50.0,-117.5,90
2024-07-29,50.0,-117.0,90
2024-07-29,50.0,-116.0,90
2024-07-29,50.0,-113.5,180
2024-07-29,50.0,-113.0,90
2024-07-29,50.0,-111.5,90
2024-07-29,50.0,-110.5,180
2024-07-29,50.0,-110.0,90
2024-07-29,50.0,-103.5,90
2024-07-29,50.0,-99.0,90
2024-07-29,50.0,-98.5,90
2024-07-29,50.0,-97.0,180
2024-07-29,50.0,-96.5,180
2024-07-29,50.0,-95.5,90
2024-07-29,50.0,-94.5,90
2024-07-29,50.0,-93.5,270
2024-07-29,50.0,-92.5,90
2024-07-29,50.0,-92.0,360
2024-07-29,50.0,-91.5,180
2024-07-29,50.0,-91.0,180
2024-07-29,50.0,-90.5,180
2024-07-29,50.0,-90.0,720
2024-07-29,50.0,-89.5,1710
2024-07-29,50.0,-89.0,1260
2024-07-29,50.0,-88.5,1350
2024-07-29,50.0,-88.0,630
2024-07-29,50.0,-87.5,990
2024-07-29,50.0,-87.0,360
2024-07-29,50.0,-86.5,180
2024-07-29,50.0,-86.0,270
2024-07-29,50.0,-85.5,180
2024-07-29,50.0,-85.0,450
2024-07-29,50.0,-84.5,900
2024-07-29,50.0,-84.0,360
2024-07-29,50.0,-83.0,90
2024-07-29,50.0,-81.0,1080
2024-07-29,50.0,-80.5,270
2024-07-29,50.0,-79.0,360
2024-07-29,50.0,-78.5,1080
2024-07-29,50.0,-78.0,1710
2024-07-29,50.0,-77.5,2250
2024-07-29,50.0,-77.0,3060
2024-07-29,50.0,-76.5,1170
2024-07-29,50.0,-76.0,1170
2024-07-29,50.0,-75.5,540
2024-07-29,50.0,-75.0,90
2024-07-29,50.0,-74.5,360
2024-07-29,50.0,-70.5,90
2024-07-29,50.0,-69.5,180
2024-07-29,50.0,-69.0,90
2024-07-29,50.0,-68.5,540
2024-07-29,50.0,-68.0,360
2024-07-29,50.0,-67.5,2340
2024-07-29,50.0,-67.0,450
2024-07-29,50.0,-66.5,90
2024-07-29,50.5,-115.5,180
2024-07-29,50.5,-114.5,180
2024-07-29,50.5,-114.0,270
2024-07-29,50.5,-113.5,90
2024-07-29,50.5,-112.0,90
2024-07-29,50.5,-98.0,270
2024-07-29,50.5,-97.0,90
2024-07-29,50.5,-95.0,90
2024-07-29,50.5,-94.5,360
2024-07-29,50.5,-94.0,360
2024-07-29,50.5,-93.5,270
2024-07-29,50.5,-93.0,270
2024-07-29,50.5,-91.5,180
2024-07-29,50.5,-91.0,1080
2024-07-29,50.5,-90.5,810
2024-07-29,50.5,-90.0,180
2024-07-29,50.5,-89.5,540
2024-07-29,50.5,-89.0,1440
2024-07-29,50.5,-88.5,900
2024-07-29,50.5,-88.0,2160
2024-07-29,50.5,-87.5,1800
2024-07-29,50.5,-87.0,900
2024-07-29,50.5,-86.5,540
2024-07-29,50.5,-86.0,810
2024-07-29,50.5,-85.5,2070
2024-07-29,50.5,-85.0,360
2024-07-29,50.5,-84.5,90
2024-07-29,50.5,-83.0,270
2024-07-29,50.5,-82.0,450
2024-07-29,50.5,-81.5,90
2024-07-29,50.5,-81.0,90
2024-07-29,50.5,-80.5,90
2024-07-29,50.5,-80.0,180
2024-07-29,50.5,-79.5,180
2024-07-29,50.5,-79.0,270
2024-07-29,50.5,-78.0,270
2024-07-29,50.5,-77.5,1710
2024-07-29,50.5,-77.0,630
2024-07-29,50.5,-76.5,1080
2024-07-29,50.5,-76.0,90
2024-07-29,50.5,-75.0,360
2024-07-29,50.5,-74.0,90
2024-07-29,50.5,-71.5,180
2024-07-29,50.5,-69.5,180
2024-07-29,50.5,-69.0,540
2024-07-29,50.5,-68.5,900
2024-07-29,50.5,-68.0,810
2024-07-29,50.5,-67.5,2250
2024-07-29,50.5,-67.0,810
2024-07-29,50.5,-66.5,270
2024-07-29,50.5,-65.5,1440
2024-07-29,51.0,-119.5,90
2024-07-29,51.0,-117.0,90
2024-07-29,51.0,-115.5,90
2024-07-29,51.0,-112.0,90
2024-07-29,51.0,-111.0,90
2024-07-29,51.0,-110.0,270
2024-07-29,51.0,-109.5,90
2024-07-29,51.0,-99.5,90
2024-07-29,51.0,-99.0,180
2024-07-29,51.0,-98.5,270
2024-07-29,51.0,-96.0,180
2024-07-29,51.0,-95.0,1080
2024-07-29,51.0,-94.5,450
2024-07-29,51.0,-93.5,270
2024-07-29,51.0,-92.5,90
2024-07-29,51.0,-92.0,1260
2024-07-29,51.0,-91.5,630
2024-07-29,51.0,-91.0,2520
2024-07-29,51.0,-90.5,2160
2024-07-29,51.0,-90.0,900
2024-07-29,51.0,-89.5,1260
2024-07-29,51.0,-89.0,2160
2024-07-29,51.0,-88.5,1530
2024-07-29,51.0,-88.0,2790
2024-07-29,51.0,-87.5,1350
2024-07-29,51.0,-87.0,3780
2024-07-29,51.0,-86.5,900
2024-07-29,51.0,-86.0,450
2024-07-29,51.0,-85.5,270
2024-07-29,51.0,-85.0,270
2024-07-29,51.0,-84.5,180
2024-07-29,51.0,-84.0,450
2024-07-29,51.0,-83.5,270
2024-07-29,51.0,-83.0,450
2024-07-29,51.0,-82.5,1080
2024-07-29,51.0,-82.0,540
2024-07-29,51.0,-81.5,720
2024-07-29,51.0,-81.0,180
2024-07-29,51.0,-80.5,180
2024-07-29,51.0,-78.5,180
2024-07-29,51.0,-78.0,360
2024-07-29,51.0,-77.5,90
2024-07-29,51.0,-77.0,180
2024-07-29,51.0,-76.5,1890
2024-07-29,51.0,-76.0,1530
2024-07-29,51.0,-75.5,540
2024-07-29,51.0,-75.0,180
2024-07-29,51.0,-74.5,720
2024-07-29,51.0,-74.0,180
2024-07-29,51.0,-70.0,90
2024-07-29,51.0,-69.5,360
2024-07-29,51.0,-69.0,1080
2024-07-29,51.0,-68.5,360
2024-07-29,51.0,-68.0,180
2024-07-29,51.0,-67.5,2160
2024-07-29,51.0,-67.0,720
2024-07-29,51.0,-66.5,270
2024-07-29,51.0,-65.5,270
2024-07-29,51.5,-118.5,180
2024-07-29,51.5,-117.5,180
2024-07-29,51.5,-117.0,90
2024-07-29,51.5,-113.0,90
2024-07-29,51.5,-112.0,180
2024-07-29,51.5,-111.5,180
2024-07-29,51.5,-109.5,90
2024-07-29,51.5,-99.0,180
2024-07-29,51.5,-98.5,90
2024-07-29,51.5,-94.5,450
2024-07-29,51.5,-94.0,630
2024-07-29,51.5,-93.0,450
2024-07-29,51.5,-92.5,630
2024-07-29,51.5,-92.0,630
2024-07-29,51.5,-91.5,540
2024-07-29,51.5,-91.0,450
2024-07-29,51.5,-90.5,1530
2024-07-29,51.5,-90.0,1350
2024-07-29,51.5,-89.5,1530
2024-07-29,51.5,-89.0,1170
2024-07-29,51.5,-88.5,810
2024-07-29,51.5,-88.0,1890
2024-07-29,51.5,-87.5,1440
2024-07-29,51.5,-87.0,540
2024-07-29,51.5,-86.5,180
2024-07-29,51.5,-86.0,360
2024-07-29,51.5,-85.5,360
2024-07-29,51.5,-85.0,630
2024-07-29,51.5,-84.5,90
2024-07-29,51.5,-84.0,90
2024-07-29,51.5,-83.5,1440
2024-07-29,51.5,-83.0,990
2024-07-29,51.5,-82.5,990
2024-07-29,51.5,-82.0,630
2024-07-29,51.5,-81.5,360
2024-07-29,51.5,-78.5,90
2024-07-29,51.5,-77.5,90
2024-07-29,51.5,-77.0,270
2024-07-29,51.5,-76.5,2790
2024-07-29,51.5,-76.0,2970
2024-07-29,51.5,-75.5,450
2024-07-29,51.5,-74.5,450
2024-07-29,51.5,-74.0,540
2024-07-29,51.5,-73.5,630
2024-07-29,51.5,-73.0,90
2024-07-29,51.5,-72.5,90
2024-07-29,51.5,-69.5,90
2024-07-29,51.5,-69.0,90
2024-07-29,51.5,-68.5,450
2024-07-29,51.5,-67.5,90
2024-07-29,51.5,-67.0,540
2024-07-29,51.5,-66.5,180
2024-07-29,51.5,-65.5,270
2024-07-29,52.0,-120.0,90
2024-07-29,52.0,-118.0,90
2024-07-29,52.0,-117.0,180
2024-07-29,52.0,-116.5,90
2024-07-29,52.0,-116.0,180
2024-07-29,52.0,-114.0,90
2024-07-29,52.0,-101.0,90
2024-07-29,52.0,-100.5,180
2024-07-29,52.0,-96.0,90
2024-07-29,52.0,-95.5,180
2024-07-29,52.0,-94.5,450
2024-07-29,52.0,-94.0,540
2024-07-29,52.0,-93.5,450
2024-07-29,52.0,-93.0,1620
2024-07-29,52.0,-92.5,630
2024-07-29,52.0,-92.0,720
2024-07-29,52.0,-91.5,1350
2024-07-29,52.0,-91.0,1620
2024-07-29,52.0,-90.5,360
2024-07-29,52.0,-90.0,1440
2024-07-29,52.0,-89.5,90
2024-07-29,52.0,-88.5,900
2024-07-29,52.0,-88.0,180
2024-07-29,52.0,-87.5,1080
2024-07-29,52.0,-87.0,540
2024-07-29,52.0,-86.5,450
2024-07-29,52.0,-86.0,810
2024-07-29,52.0,-85.5,270
2024-07-29,52.0,-85.0,1260
2024-07-29,52.0,-84.5,90
2024-07-29,52.0,-84.0,270
2024-07-29,52.0,-83.5,1080
2024-07-29,52.0,-83.0,1080
2024-07-29,52.0,-82.5,180
2024-07-29,52.0,-82.0,90
2024-07-29,52.0,-78.5,90
2024-07-29,52.0,-77.5,270
2024-07-29,52.0,-77.0,90
2024-07-29,52.0,-76.5,270
2024-07-29,52.0,-76.0,360
2024-07-29,52.0,-75.5,360
2024-07-29,52.0,-75.0,990
2024-07-29,52.0,-74.5,990
2024-07-29,52.0,-74.0,360
2024-07-29,52.0,-73.5,540
2024-07-29,52.0,-73.0,180
2024-07-29,52.0,-69.0,90
2024-07-29,52.0,-68.5,450
2024-07-29,52.0,-68.0,540
2024-07-29,52.0,-67.5,450
2024-07-29,52.0,-67.0,270
2024-07-29,52.0,-66.5,990
2024-07-29,52.0,-66.0,450
2024-07-29,52.0,-65.5,360
2024-07-29,52.5,-117.0,90
2024-07-29,52.5,-116.5,90
2024-07-29,52.5,-115.5,90
2024-07-29,52.5,-114.0,180
2024-07-29,52.5,-113.5,90
2024-07-29,52.5,-113.0,450
2024-07-29,52.5,-112.5,270
2024-07-29,52.5,-112.0,90
2024-07-29,52.5,-103.0,90
2024-07-29,52.5,-101.5,90
2024-07-29,52.5,-98.5,90
2024-07-29,52.5,-96.5,90
2024-07-29,52.5,-95.5,90
2024-07-29,52.5,-95.0,900
2024-07-29,52.5,-94.5,990
2024-07-29,52.5,-94.0,2340
2024-07-29,52.5,-93.5,540
2024-07-29,52.5,-93.0,2160
2024-07-29,52.5,-92.5,450
2024-07-29,52.5,-92.0,90
2024-07-29,52.5,-91.5,630
2024-07-29,52.5,-91.0,180
2024-07-29,52.5,-90.5,450
2024-07-29,52.5,-88.5,90
2024-07-29,52.5,-88.0,540
2024-07-29,52.5,-87.5,90
2024-07-29,52.5,-86.5,180
2024-07-29,52.5,-86.0,180
2024-07-29,52.5,-85.5,540
2024-07-29,52.5,-85.0,1710
2024-07-29,52.5,-84.5,360
2024-07-29,52.5,-84.0,1890
2024-07-29,52.5,-83.5,1620
2024-07-29,52.5,-83.0,2250
2024-07-29,52.5,-82.5,90
2024-07-29,52.5,-79.5,90
2024-07-29,52.5,-78.5,90
2024-07-29,52.5,-77.0,180
2024-07-29,52.5,-76.0,180
2024-07-29,52.5,-75.5,180
2024-07-29,52.5,-75.0,810
2024-07-29,52.5,-74.5,360
2024-07-29,52.5,-74.0,90
2024-07-29,52.5,-73.5,90
2024-07-29,52.5,-73.0,90
2024-07-29,52.5,-72.5,90
2024-07-29,52.5,-72.0,90
2024-07-29,52.5,-69.5,270
2024-07-29,52.5,-68.5,630
2024-07-29,52.5,-68.0,720
2024-07-29,52.5,-67.5,270
2024-07-29,52.5,-67.0,450
2024-07-29,52.5,-66.5,630
2024-07-29,52.5,-66.0,540
2024-07-29,52.5,-65.5,630
2024-07-29,53.0,-114.5,90
2024-07-29,53.0,-114.0,90
2024-07-29,53.0,-113.5,90
2024-07-29,53.0,-113.0,90
2024-07-29,53.0,-103.0,270
2024-07-29,53.0,-102.5,540
2024-07-29,53.0,-102.0,90
2024-07-29,53.0,-101.0,90
2024-07-29,53.0,-97.5,90
2024-07-29,53.0,-97.0,90
2024-07-29,53.0,-96.5,90
2024-07-29,53.0,-96.0,180
2024-07-29,53.0,-95.5,1170
2024-07-29,53.0,-95.0,810
2024-07-29,53.0,-94.5,2700
2024-07-29,53.0,-94.0,1440
2024-07-29,53.0,-93.5,630
2024-07-29,53.0,-93.0,450
2024-07-29,53.0,-92.5,450
2024-07-29,53.0,-92.0,90
2024-07-29,53.0,-91.5,450
2024-07-29,53.0,-91.0,900
2024-07-29,53.0,-90.5,90
2024-07-29,53.0,-89.5,180
2024-07-29,53.0,-89.0,90
2024-07-29,53.0,-88.5,180
2024-07-29,53.0,-88.0,1440
2024-07-29,53.0,-87.5,90
2024-07-29,53.0,-86.5,180
2024-07-29,53.0,-86.0,720
2024-07-29,53.0,-84.5,630
2024-07-29,53.0,-84.0,630
2024-07-29,53.0,-82.5,180
2024-07-29,53.0,-82.0,270
2024-07-29,53.0,-81.0,90
2024-07-29,53.0,-79.5,180
2024-07-29,53.0,-79.0,270
2024-07-29,53.0,-78.5,360
2024-07-29,53.0,-78.0,180
2024-07-29,53.0,-77.0,180
2024-07-29,53.0,-76.5,360
2024-07-29,53.0,-76.0,180
2024-07-29,53.0,-75.5,90
2024-07-29,53.0,-75.0,270
2024-07-29,53.0,-74.5,540
2024-07-29,53.0,-74.0,90
2024-07-29,53.0,-73.5,180
2024-07-29,53.0,-73.0,180
2024-07-29,53.0,-72.5,180
2024-07-29,53.0,-71.5,90
2024-07-29,53.0,-67.0,270
2024-07-29,53.0,-66.5,360
2024-07-29,53.0,-66.0,180
2024-07-29,53.0,-65.5,90
2024-07-29,53.5,-112.0,90
2024-07-29,53.5,-110.0,180
2024-07-29,53.5,-107.5,180
2024-07-29,53.5,-106.0,90
2024-07-29,53.5,-104.5,90
2024-07-29,53.5,-103.0,90
2024-07-29,53.5,-102.0,90
2024-07-29,53.5,-97.5,180
2024-07-29,53.5,-97.0,90
2024-07-29,53.5,-96.5,630
2024-07-29,53.5,-96.0,1710
2024-07-29,53.5,-95.5,900
2024-07-29,53.5,-95.0,450
2024-07-29,53.5,-94.5,630
2024-07-29,53.5,-94.0,90
2024-07-29,53.5,-93.0,90
2024-07-29,53.5,-92.0,270
2024-07-29,53.5,-91.5,540
2024-07-29,53.5,-91.0,1800
2024-07-29,53.5,-90.5,1080
2024-07-29,53.5,-90.0,450
2024-07-29,53.5,-89.0,90
2024-07-29,53.5,-88.5,90
2024-07-29,53.5,-88.0,270
2024-07-29,53.5,-87.5,1080
2024-07-29,53.5,-86.0,270
2024-07-29,53.5,-85.0,360
2024-07-29,53.5,-84.5,1080
2024-07-29,53.5,-84.0,270
2024-07-29,53.5,-83.0,90
2024-07-29,53.5,-81.5,90
2024-07-29,53.5,-81.0,450
2024-07-29,53.5,-80.5,270
2024-07-29,53.5,-80.0,360
2024-07-29,53.5,-79.5,360
2024-07-29,53.5,-79.0,450
2024-07-29,53.5,-78.5,180
2024-07-29,53.5,-78.0,90
2024-07-29,53.5,-77.0,270
2024-07-29,53.5,-76.5,90
2024-07-29,53.5,-76.0,270
2024-07-29,53.5,-75.5,270
2024-07-29,53.5,-75.0,180
2024-07-29,53.5,-74.5,180
2024-07-29,53.5,-74.0,180
2024-07-29,53.5,-73.5,90
2024-07-29,53.5,-73.0,180
2024-07-29,53.5,-72.5,180
2024-07-29,53.5,-72.0,90
2024-07-29,53.5,-68.0,90
2024-07-29,53.5,-67.5,630
2024-07-29,53.5,-67.0,450
2024-07-29,53.5,-66.5,810
2024-07-29,53.5,-66.0,180
2024-07-29,53.5,-65.5,90
2024-07-29,54.0,-116.5,90
2024-07-29,54.0,-115.5,90
2024-07-29,54.0,-115.0,90
2024-07-29,54.0,-113.5,90
2024-07-29,54.0,-112.0,90
2024-07-29,54.0,-110.5,540
2024-07-29,54.0,-110.0,180
2024-07-29,54.0,-108.5,90
2024-07-29,54.0,-107.5,180
2024-07-29,54.0,-107.0,270
2024-07-29,54.0,-105.5,270
2024-07-29,54.0,-105.0,90
2024-07-29,54.0,-104.5,450
2024-07-29,54.0,-103.5,180
2024-07-29,54.0,-103.0,180
2024-07-29,54.0,-101.5,90
2024-07-29,54.0,-101.0,90
2024-07-29,54.0,-100.0,360
2024-07-29,54.0,-99.0,90
2024-07-29,54.0,-98.5,90
2024-07-29,54.0,-96.5,2070
2024-07-29,54.0,-96.0,540
2024-07-29,54.0,-95.0,90
2024-07-29,54.0,-92.0,180
2024-07-29,54.0,-91.5,180
2024-07-29,54.0,-91.0,180
2024-07-29,54.0,-90.5,900
2024-07-29,54.0,-90.0,1260
2024-07-29,54.0,-88.0,90
2024-07-29,54.0,-87.5,450
2024-07-29,54.0,-87.0,360
2024-07-29,54.0,-86.5,180
2024-07-29,54.0,-85.5,270
2024-07-29,54.0,-85.0,540
2024-07-29,54.0,-84.5,1170
2024-07-29,54.0,-84.0,90
2024-07-29,54.0,-83.5,450
2024-07-29,54.0,-83.0,720
2024-07-29,54.0,-82.5,90
2024-07-29,54.0,-82.0,180
2024-07-29,54.0,-81.5,180
2024-07-29,54.0,-81.0,270
2024-07-29,54.0,-80.5,360
2024-07-29,54.0,-80.0,90
2024-07-29,54.0,-79.5,180
2024-07-29,54.0,-77.5,180
2024-07-29,54.0,-77.0,90
2024-07-29,54.0,-76.5,180
2024-07-29,54.0,-76.0,90
2024-07-29,54.0,-75.5,810
2024-07-29,54.0,-75.0,630
2024-07-29,54.0,-74.5,360
2024-07-29,54.0,-74.0,360
2024-07-29,54.0,-73.5,720
2024-07-29,54.0,-73.0,180
2024-07-29,54.0,-72.5,90
2024-07-29,54.0,-72.0,540
2024-07-29,54.0,-71.5,180
2024-07-29,54.0,-71.0,90
2024-07-29,54.0,-70.5,360
2024-07-29,54.0,-69.5,90
2024-07-29,54.0,-69.0,90
2024-07-29,54.0,-68.0,90
2024-07-29,54.0,-67.5,90
2024-07-29,54.0,-66.5,810
2024-07-29,54.0,-66.0,630
2024-07-29,54.0,-65.5,1080
2024-07-29,54.5,-115.0,90
2024-07-29,54.5,-112.5,90
2024-07-29,54.5,-111.5,180
2024-07-29,54.5,-110.5,90
2024-07-29,54.5,-110.0,180
2024-07-29,54.5,-109.5,90
2024-07-29,54.5,-108.5,90
2024-07-29,54.5,-108.0,90
2024-07-29,54.5,-107.5,90
2024-07-29,54.5,-107.0,270
2024-07-29,54.5,-106.5,180
2024-07-29,54.5,-105.5,90
2024-07-29,54.5,-105.0,180
2024-07-29,54.5,-104.5,90
2024-07-29,54.5,-101.0,180
2024-07-29,54.5,-100.5,180
2024-07-29,54.5,-100.0,90
2024-07-29,54.5,-99.5,90
2024-07-29,54.5,-99.0,270
2024-07-29,54.5,-98.5,180
2024-07-29,54.5,-98.0,90
2024-07-29,54.5,-97.0,450
2024-07-29,54.5,-96.5,1350
2024-07-29,54.5,-96.0,720
2024-07-29,54.5,-95.5,90
2024-07-29,54.5,-94.0,90
2024-07-29,54.5,-93.5,90
2024-07-29,54.5,-93.0,270
2024-07-29,54.5,-92.0,90
2024-07-29,54.5,-91.5,360
2024-07-29,54.5,-91.0,180
2024-07-29,54.5,-90.5,90
2024-07-29,54.5,-90.0,810
2024-07-29,54.5,-89.0,270
2024-07-29,54.5,-87.0,90
2024-07-29,54.5,-85.0,180
2024-07-29,54.5,-84.5,540
2024-07-29,54.5,-84.0,180
2024-07-29,54.5,-83.5,90
2024-07-29,54.5,-83.0,180
2024-07-29,54.5,-82.0,360
2024-07-29,54.5,-81.5,180
2024-07-29,54.5,-81.0,90
2024-07-29,54.5,-76.0,270
2024-07-29,54.5,-75.5,450
2024-07-29,54.5,-74.5,90
2024-07-29,54.5,-73.5,90
2024-07-29,54.5,-73.0,540
2024-07-29,54.5,-72.5,90
2024-07-29,54.5,-72.0,270
2024-07-29,54.5,-71.5,1440
2024-07-29,54.5,-71.0,180
2024-07-29,54.5,-70.5,360
2024-07-29,54.5,-70.0,360
2024-07-29,54.5,-69.5,360
2024-07-29,54.5,-69.0,90
2024-07-29,54.5,-68.5,180
2024-07-29,54.5,-68.0,90
2024-07-29,54.5,-67.5,270
2024-07-29,54.5,-67.0,90
2024-07-29,54.5,-66.5,360
2024-07-29,54.5,-66.0,450
2024-07-29,54.5,-65.5,180
2024-08-05,20.0,-114.0,90
2024-08-05,20.0,-106.0,900
2024-08-05,20.0,-105.5,5580
2024-08-05,20.0,-105.0,4050
2024-08-05,20.0,-104.5,3960
2024-08-05,20.0,-104.0,3150
2024-08-05,20.0,-103.5,3600
2024-08-05,20.0,-103.0,4230
2024-08-05,20.0,-102.5,2520
2024-08-05,20.0,-102.0,2610
2024-08-05,20.0,-101.5,2160
2024-08-05,20.0,-101.0,1170
2024-08-05,20.0,-100.5,1170
2024-08-05,20.0,-100.0,360
2024-08-05,20.0,-99.5,270
2024-08-05,20.0,-99.0,180
2024-08-05,20.0,-98.5,450
2024-08-05,20.0,-98.0,3870
2024-08-05,20.0,-97.5,360
2024-08-05,20.0,-97.0,90
2024-08-05,20.0,-95.5,90
2024-08-05,20.0,-95.0,90
2024-08-05,20.0,-94.0,90
2024-08-05,20.0,-93.5,180
2024-08-05,20.0,-93.0,180
2024-08-05,20.0,-92.0,630
2024-08-05,20.0,-91.5,270
2024-08-05,20.0,-91.0,990
2024-08-05,20.0,-90.5,4050
2024-08-05,20.0,-90.0,1890
2024-08-05,20.0,-89.5,3780
2024-08-05,20.0,-89.0,1980
2024-08-05,20.0,-88.5,2250
2024-08-05,20.0,-88.0,1170
2024-08-05,20.0,-87.5,900
2024-08-05,20.0,-87.0,360
2024-08-05,20.0,-86.5,1170
2024-08-05,20.0,-86.0,270
2024-08-05,20.0,-85.5,900
2024-08-05,20.0,-85.0,450
2024-08-05,20.0,-84.5,180
2024-08-05,20.0,-84.0,90
2024-08-05,20.0,-83.5,720
2024-08-05,20.0,-83.0,450
2024-08-05,20.0,-82.5,360
2024-08-05,20.0,-82.0,360
2024-08-05,20.0,-81.5,360
2024-08-05,20.0,-81.0,360
2024-08-05,20.0,-80.5,180
2024-08-05,20.0,-78.5,1620
2024-08-05,20.0,-78.0,2610
2024-08-05,20.0,-77.5,6390
2024-08-05,20.0,-77.0,6390
2024-08-05,20.0,-76.5,3600
2024-08-05,20.0,-76.0,4500
2024-08-05,20.0,-75.5,4230
2024-08-05,20.0,-75.0,3060
2024-08-05,20.0,-68.5,90
2024-08-05,20.0,-67.0,270
2024-08-05,20.0,-66.5,180
2024-08-05,20.0,-66.0,90
2024-08-05,20.0,-65.5,180
2024-08-05,20.5,-109.5,90
2024-08-05,20.5,-106.0,990
2024-08-05,20.5,-105.5,3240
2024-08-05,20.5,-105.0,1620
2024-08-05,20.5,-104.5,2250
2024-08-05,20.5,-104.0,3690
2024-08-05,20.5,-103.5,4320
2024-08-05,20.5,-103.0,5220
2024-08-05,20.5,-102.5,2610
2024-08-05,20.5,-102.0,900
2024-08-05,20.5,-101.5,720
2024-08-05,20.5,-101.0,270
2024-08-05,20.5,-100.5,90
2024-08-05,20.5,-99.5,180
2024-08-05,20.5,-99.0,180
2024-08-05,20.5,-98.5,450
2024-08-05,20.5,-98.0,810
2024-08-05,20.5,-97.5,450
2024-08-05,20.5,-97.0,90
2024-08-05,20.5,-93.0,270
2024-08-05,20.5,-91.5,450
2024-08-05,20.5,-91.0,810
2024-08-05,20.5,-90.5,6210
2024-08-05,20.5,-90.0,3150
2024-08-05,20.5,-89.5,3240
2024-08-05,20.5,-89.0,4590
2024-08-05,20.5,-88.5,3600
2024-08-05,20.5,-88.0,1620
2024-08-05,20.5,-87.5,2070
2024-08-05,20.5,-87.0,450
2024-08-05,20.5,-86.5,270
2024-08-05,20.5,-86.0,270
2024-08-05,20.5,-85.5,630
2024-08-05,20.5,-85.0,900
2024-08-05,20.5,-84.5,1170
2024-08-05,20.5,-84.0,990
2024-08-05,20.5,-83.5,1440
2024-08-05,20.5,-83.0,1170
2024-08-05,20.5,-82.5,630
2024-08-05,20.5,-82.0,360
2024-08-05,20.5,-81.5,990
2024-08-05,20.5,-81.0,1080
2024-08-05,20.5,-80.5,450
2024-08-05,20.5,-80.0,180
2024-08-05,20.5,-79.5,360
2024-08-05,20.5,-79.0,630
2024-08-05,20.5,-78.5,1440
2024-08-05,20.5,-78.0,4230
2024-08-05,20.5,-77.5,4230
2024-08-05,20.5,-77.0,6480
2024-08-05,20.5,-76.5,3780
2024-08-05,20.5,-76.0,2610
2024-08-05,20.5,-75.5,1350
2024-08-05,20.5,-75.0,810
2024-08-05,20.5,-74.5,1710
2024-08-05,20.5,-70.0,180
2024-08-05,20.5,-69.5,360
2024-08-05,20.5,-69.0,180
2024-08-05,20.5,-68.5,630
2024-08-05,20.5,-68.0,90
2024-08-05,20.5,-67.5,180
2024-08-05,20.5,-67.0,90
2024-08-05,21.0,-114.5,90
2024-08-05,21.0,-113.5,90
2024-08-05,21.0,-113.0,360
2024-08-05,21.0,-108.0,90
2024-08-05,21.0,-106.5,1800
2024-08-05,21.0,-106.0,270
2024-08-05,21.0,-105.5,7470
2024-08-05,21.0,-105.0,4050
2024-08-05,21.0,-104.5,3780
2024-08-05,21.0,-104.0,3330
2024-08-05,21.0,-103.5,3330
2024-08-05,21.0,-103.0,1170
2024-08-05,21.0,-102.5,720
2024-08-05,21.0,-102.0,1260
2024-08-05,21.0,-101.5,360
2024-08-05,21.0,-101.0,180
2024-08-05,21.0,-99.5,720
2024-08-05,21.0,-99.0,1260
2024-08-05,21.0,-98.5,1080
2024-08-05,21.0,-98.0,540
2024-08-05,21.0,-97.5,540
2024-08-05,21.0,-95.0,270
2024-08-05,21.0,-94.5,90
2024-08-05,21.0,-94.0,90
2024-08-05,21.0,-93.5,360
2024-08-05,21.0,-93.0,630
2024-08-05,21.0,-92.0,90
2024-08-05,21.0,-91.5,270
2024-08-05,21.0,-91.0,450
2024-08-05,21.0,-90.5,270
2024-08-05,21.0,-90.0,1080
2024-08-05,21.0,-89.5,2700
2024-08-05,21.0,-89.0,1170
2024-08-05,21.0,-88.5,3240
2024-08-05,21.0,-88.0,1080
2024-08-05,21.0,-87.5,1260
2024-08-05,21.0,-87.0,450
2024-08-05,21.0,-86.5,270
2024-08-05,21.0,-86.0,180
2024-08-05,21.0,-85.5,450
2024-08-05,21.0,-84.5,180
2024-08-05,21.0,-84.0,810
2024-08-05,21.0,-83.5,180
2024-08-05,21.0,-83.0,450
2024-08-05,21.0,-82.5,990
2024-08-05,21.0,-82.0,450
2024-08-05,21.0,-81.5,540
2024-08-05,21.0,-81.0,360
2024-08-05,21.0,-80.5,1710
2024-08-05,21.0,-80.0,450
2024-08-05,21.0,-79.5,1350
2024-08-05,21.0,-79.0,1980
2024-08-05,21.0,-78.5,5220
2024-08-05,21.0,-78.0,3510
2024-08-05,21.0,-77.5,5760
2024-08-05,21.0,-77.0,2790
2024-08-05,21.0,-76.5,2790
2024-08-05,21.0,-76.0,360
2024-08-05,21.0,-75.5,540
2024-08-05,21.0,-75.0,450
2024-08-05,21.0,-74.5,6210
2024-08-05,21.0,-74.0,360
2024-08-05,21.0,-73.0,810
2024-08-05,21.0,-72.5,180
2024-08-05,21.0,-72.0,90
2024-08-05,21.0,-71.0,360
2024-08-05,21.0,-70.5,270
2024-08-05,21.0,-70.0,90
2024-08-05,21.0,-69.5,180
2024-08-05,21.0,-69.0,270
2024-08-05,21.0,-68.5,90
2024-08-05,21.0,-68.0,180
2024-08-05,21.0,-67.0,90
2024-08-05,21.0,-66.0,90
2024-08-05,21.5,-109.5,90
2024-08-05,21.5,-108.0,180
2024-08-05,21.5,-107.5,180
2024-08-05,21.5,-107.0,450
2024-08-05,21.5,-106.5,2700
2024-08-05,21.5,-106.0,1260
2024-08-05,21.5,-105.5,10080
2024-08-05,21.5,-105.0,1890
2024-08-05,21.5,-104.5,2250
2024-08-05,21.5,-104.0,1710
2024-08-05,21.5,-103.5,1530
2024-08-05,21.5,-103.0,630
2024-08-05,21.5,-102.5,90
2024-08-05,21.5,-102.0,90
2024-08-05,21.5,-100.0,90
2024-08-05,21.5,-99.5,540
2024-08-05,21.5,-99.0,1260
2024-08-05,21.5,-98.5,2070
2024-08-05,21.5,-98.0,360
2024-08-05,21.5,-96.0,90
2024-08-05,21.5,-95.5,90
2024-08-05,21.5,-95.0,90
2024-08-05,21.5,-94.5,270
2024-08-05,21.5,-94.0,180
2024-08-05,21.5,-93.5,450
2024-08-05,21.5,-93.0,270
2024-08-05,21.5,-91.0,270
2024-08-05,21.5,-90.5,180
2024-08-05,21.5,-90.0,90
2024-08-05,21.5,-89.5,90
2024-08-05,21.5,-89.0,270
2024-08-05,21.5,-88.5,630
2024-08-05,21.5,-88.0,630
2024-08-05,21.5,-87.5,720
2024-08-05,21.5,-87.0,90
2024-08-05,21.5,-86.5,90
2024-08-05,21.5,-86.0,180
2024-08-05,21.5,-85.5,1800
2024-08-05,21.5,-85.0,1890
2024-08-05,21.5,-84.5,90
2024-08-05,21.5,-84.0,1080
2024-08-05,21.5,-83.5,1170
2024-08-05,21.5,-83.0,1890
2024-08-05,21.5,-82.5,180
2024-08-05,21.5,-81.5,270
2024-08-05,21.5,-81.0,270
2024-08-05,21.5,-80.5,1440
2024-08-05,21.5,-80.0,1890
2024-08-05,21.5,-79.5,810
2024-08-05,21.5,-79.0,2520
2024-08-05,21.5,-78.5,630
2024-08-05,21.5,-78.0,3150
2024-08-05,21.5,-77.5,2070
2024-08-05,21.5,-77.0,90
2024-08-05,21.5,-76.5,90
2024-08-05,21.5,-76.0,720
2024-08-05,21.5,-75.5,360
2024-08-05,21.5,-75.0,1170
2024-08-05,21.5,-74.5,1980
2024-08-05,21.5,-74.0,1350
2024-08-05,21.5,-73.5,630
2024-08-05,21.5,-73.0,180
2024-08-05,21.5,-72.5,90
2024-08-05,21.5,-71.0,90
2024-08-05,21.5,-66.5,90
2024-08-05,22.0,-112.5,90
2024-08-05,22.0,-108.5,90
2024-08-05,22.0,-108.0,90
2024-08-05,22.0,-107.5,630
2024-08-05,22.0,-107.0,1350
2024-08-05,22.0,-106.5,4950
2024-08-05,22.0,-106.0,9090
2024-08-05,22.0,-105.5,19350
2024-08-05,22.0,-105.0,7380
2024-08-05,22.0,-104.5,3420
2024-08-05,22.0,-104.0,990
2024-08-05,22.0,-103.5,540
2024-08-05,22.0,-103.0,450
2024-08-05,22.0,-99.5,1440
2024-08-05,22.0,-99.0,180
2024-08-05,22.0,-98.5,990
2024-08-05,22.0,-98.0,90
2024-08-05,22.0,-97.5,90
2024-08-05,22.0,-95.0,90
2024-08-05,22.0,-94.5,180
2024-08-05,22.0,-93.5,180
2024-08-05,22.0,-93.0,180
2024-08-05,22.0,-92.5,270
2024-08-05,22.0,-92.0,180
2024-08-05,22.0,-91.5,270
2024-08-05,22.0,-91.0,180
2024-08-05,22.0,-90.5,180
2024-08-05,22.0,-87.0,180
2024-08-05,22.0,-86.5,180
2024-08-05,22.0,-86.0,810
2024-08-05,22.0,-85.5,90
2024-08-05,22.0,-85.0,2160
2024-08-05,22.0,-84.5,4860
2024-08-05,22.0,-84.0,450
2024-08-05,22.0,-83.5,2070
2024-08-05,22.0,-83.0,1080
2024-08-05,22.0,-82.5,1710
2024-08-05,22.0,-82.0,4320
2024-08-05,22.0,-81.5,7470
2024-08-05,22.0,-81.0,2160
2024-08-05,22.0,-80.5,3060
2024-08-05,22.0,-80.0,6120
2024-08-05,22.0,-79.5,3150
2024-08-05,22.0,-79.0,2970
2024-08-05,22.0,-78.5,2520
2024-08-05,22.0,-78.0,360
2024-08-05,22.0,-77.5,720
2024-08-05,22.0,-77.0,270
2024-08-05,22.0,-75.5,180
2024-08-05,22.0,-75.0,360
2024-08-05,22.0,-74.5,360
2024-08-05,22.0,-74.0,1080
2024-08-05,22.0,-73.5,3600
2024-08-05,22.0,-73.0,360
2024-08-05,22.0,-69.0,180
2024-08-05,22.0,-67.5,270
2024-08-05,22.5,-112.5,90
2024-08-05,22.5,-112.0,270
2024-08-05,22.5,-110.5,180
2024-08-05,22.5,-110.0,90
2024-08-05,22.5,-109.5,90
2024-08-05,22.5,-109.0,90
2024-08-05,22.5,-108.5,90
2024-08-05,22.5,-108.0,360
2024-08-05,22.5,-107.5,1980
2024-08-05,22.5,-107.0,5400
2024-08-05,22.5,-106.5,5310
2024-08-05,22.5,-106.0,7470
2024-08-05,22.5,-105.5,21420
2024-08-05,22.5,-105.0,6930
2024-08-05,22.5,-104.5,1530
2024-08-05,22.5,-104.0,810
2024-08-05,22.5,-103.5,270
2024-08-05,22.5,-100.5,180
2024-08-05,22.5,-100.0,90
2024-08-05,22.5,-99.5,1710
2024-08-05,22.5,-99.0,540
2024-08-05,22.5,-98.5,900
2024-08-05,22.5,-98.0,180
2024-08-05,22.5,-97.5,90
2024-08-05,22.5,-97.0,90
2024-08-05,22.5,-95.5,90
2024-08-05,22.5,-95.0,90
2024-08-05,22.5,-94.5,360
2024-08-05,22.5,-94.0,90
2024-08-05,22.5,-93.5,450
2024-08-05,22.5,-92.5,90
2024-08-05,22.5,-87.5,360
2024-08-05,22.5,-84.5,540
2024-08-05,22.5,-84.0,1620
2024-08-05,22.5,-83.5,5040
2024-08-05,22.5,-83.0,7470
2024-08-05,22.5,-82.5,7290
2024-08-05,22.5,-82.0,4050
2024-08-05,22.5,-81.5,4770
2024-08-05,22.5,-81.0,5400
2024-08-05,22.5,-80.5,5310
2024-08-05,22.5,-80.0,4590
2024-08-05,22.5,-79.5,1620
2024-08-05,22.5,-79.0,360
2024-08-05,22.5,-78.5,1260
2024-08-05,22.5,-78.0,90
2024-08-05,22.5,-77.5,720
2024-08-05,22.5,-77.0,1440
2024-08-05,22.5,-76.5,270
2024-08-05,22.5,-75.0,90
2024-08-05,22.5,-73.5,360
2024-08-05,22.5,-73.0,90
2024-08-05,22.5,-69.0,180
2024-08-05,23.0,-110.0,360
2024-08-05,23.0,-109.5,180
2024-08-05,23.0,-109.0,540
2024-08-05,23.0,-108.0,360
2024-08-05,23.0,-107.5,270
2024-08-05,23.0,-107.0,5130
2024-08-05,23.0,-106.5,5130
2024-08-05,23.0,-106.0,15120
2024-08-05,23.0,-105.5,8190
2024-08-05,23.0,-105.0,2700
2024-08-05,23.0,-104.5,810
2024-08-05,23.0,-104.0,270
2024-08-05,23.0,-103.5,90
2024-08-05,23.0,-103.0,90
2024-08-05,23.0,-101.0,90
2024-08-05,23.0,-100.0,450
2024-08-05,23.0,-99.5,1260
2024-08-05,23.0,-99.0,990
2024-08-05,23.0,-98.5,540
2024-08-05,23.0,-98.0,90
2024-08-05,23.0,-96.5,90
2024-08-05,23.0,-96.0,90
2024-08-05,23.0,-95.5,360
2024-08-05,23.0,-95.0,180
2024-08-05,23.0,-94.5,90
2024-08-05,23.0,-94.0,180
2024-08-05,23.0,-91.5,180
2024-08-05,23.0,-90.5,90
2024-08-05,23.0,-89.0,180
2024-08-05,23.0,-87.5,180
2024-08-05,23.0,-86.0,90
2024-08-05,23.0,-83.5,90
2024-08-05,23.0,-83.0,2340
2024-08-05,23.0,-82.5,1080
2024-08-05,23.0,-82.0,1530
2024-08-05,23.0,-81.5,2340
2024-08-05,23.0,-81.0,1800
2024-08-05,23.0,-80.5,720
2024-08-05,23.0,-80.0,1710
2024-08-05,23.0,-79.5,540
2024-08-05,23.0,-78.5,90
2024-08-05,23.0,-77.5,90
2024-08-05,23.0,-76.5,180
2024-08-05,23.0,-75.0,90
2024-08-05,23.0,-74.5,90
2024-08-05,23.0,-74.0,90
2024-08-05,23.0,-73.0,90
2024-08-05,23.0,-71.0,360
2024-08-05,23.0,-69.5,180
2024-08-05,23.5,-111.0,180
2024-08-05,23.5,-110.5,1080
2024-08-05,23.5,-110.0,540
2024-08-05,23.5,-109.5,360
2024-08-05,23.5,-109.0,720
2024-08-05,23.5,-108.5,180
2024-08-05,23.5,-108.0,180
2024-08-05,23.5,-107.5,540
2024-08-05,23.5,-107.0,4230
2024-08-05,23.5,-106.5,14040
2024-08-05,23.5,-106.0,5490
2024-08-05,23.5,-105.5,2520
2024-08-05,23.5,-105.0,990
2024-08-05,23.5,-104.5,270
2024-08-05,23.5,-104.0,90
2024-08-05,23.5,-103.5,180
2024-08-05,23.5,-102.5,180
2024-08-05,23.5,-101.5,180
2024-08-05,23.5,-101.0,450
2024-08-05,23.5,-100.5,360
2024-08-05,23.5,-99.5,810
2024-08-05,23.5,-99.0,900
2024-08-05,23.5,-98.5,540
2024-08-05,23.5,-98.0,90
2024-08-05,23.5,-97.5,90
2024-08-05,23.5,-97.0,180
2024-08-05,23.5,-95.5,90
2024-08-05,23.5,-95.0,90
2024-08-05,23.5,-94.5,180
2024-08-05,23.5,-94.0,180
2024-08-05,23.5,-93.0,90
2024-08-05,23.5,-92.0,90
2024-08-05,23.5,-91.5,90
2024-08-05,23.5,-91.0,90
2024-08-05,23.5,-90.0,90
2024-08-05,23.5,-89.5,180
2024-08-05,23.5,-87.0,90
2024-08-05,23.5,-86.5,90
2024-08-05,23.5,-83.0,540
2024-08-05,23.5,-82.5,720
2024-08-05,23.5,-82.0,810
2024-08-05,23.5,-81.5,900
2024-08-05,23.5,-81.0,180
2024-08-05,23.5,-80.5,90
2024-08-05,23.5,-78.5,180
2024-08-05,23.5,-78.0,900
2024-08-05,23.5,-77.5,540
2024-08-05,23.5,-77.0,90
2024-08-05,23.5,-76.0,90
2024-08-05,23.5,-75.5,450
2024-08-05,23.5,-75.0,720
2024-08-05,23.5,-74.0,450
2024-08-05,23.5,-73.5,180
2024-08-05,23.5,-73.0,900
2024-08-05,23.5,-70.0,180
2024-08-05,24.0,-111.5,180
2024-08-05,24.0,-111.0,720
2024-08-05,24.0,-110.5,180
2024-08-05,24.0,-109.0,630
2024-08-05,24.0,-108.5,90
2024-08-05,24.0,-108.0,90
2024-08-05,24.0,-107.5,2250
2024-08-05,24.0,-107.0,8370
2024-08-05,24.0,-106.5,10260
2024-08-05,24.0,-106.0,2070
2024-08-05,24.0,-105.5,450
2024-08-05,24.0,-105.0,270
2024-08-05,24.0,-104.5,90
2024-08-05,24.0,-104.0,180
2024-08-05,24.0,-102.5,90
2024-08-05,24.0,-100.0,810
2024-08-05,24.0,-99.5,180
2024-08-05,24.0,-99.0,180
2024-08-05,24.0,-97.5,180
2024-08-05,24.0,-96.5,90
2024-08-05,24.0,-95.5,90
2024-08-05,24.0,-95.0,180
2024-08-05,24.0,-91.0,90
2024-08-05,24.0,-90.5,90
2024-08-05,24.0,-90.0,630
2024-08-05,24.0,-89.5,720
2024-08-05,24.0,-87.5,450
2024-08-05,24.0,-82.5,360
2024-08-05,24.0,-82.0,810
2024-08-05,24.0,-81.5,180
2024-08-05,24.0,-81.0,540
2024-08-05,24.0,-80.5,90
2024-08-05,24.0,-80.0,90
2024-08-05,24.0,-79.0,90
2024-08-05,24.0,-78.5,180
2024-08-05,24.0,-78.0,810
2024-08-05,24.0,-77.5,990
2024-08-05,24.0,-77.0,450
2024-08-05,24.0,-76.5,90
2024-08-05,24.0,-75.5,1530
2024-08-05,24.0,-75.0,90
2024-08-05,24.0,-74.5,270
2024-08-05,24.0,-74.0,540
2024-08-05,24.0,-73.5,900
2024-08-05,24.0,-73.0,810
2024-08-05,24.0,-72.5,360
2024-08-05,24.0,-71.0,90
2024-08-05,24.0,-70.0,90
2024-08-05,24.0,-69.5,90
2024-08-05,24.0,-69.0,90
2024-08-05,24.0,-67.5,180
2024-08-05,24.0,-66.5,180
2024-08-05,24.5,-111.5,810
2024-08-05,24.5,-109.0,360
2024-08-05,24.5,-108.5,900
2024-08-05,24.5,-108.0,1800
2024-08-05,24.5,-107.5,3420
2024-08-05,24.5,-107.0,7740
2024-08-05,24.5,-106.5,4410
2024-08-05,24.5,-106.0,990
2024-08-05,24.5,-105.5,450
2024-08-05,24.5,-105.0,450
2024-08-05,24.5,-103.5,90
2024-08-05,24.5,-103.0,90
2024-08-05,24.5,-99.5,1710
2024-08-05,24.5,-99.0,810
2024-08-05,24.5,-98.5,2610
2024-08-05,24.5,-96.5,90
2024-08-05,24.5,-96.0,90
2024-08-05,24.5,-93.5,90
2024-08-05,24.5,-92.5,270
2024-08-05,24.5,-91.5,360
2024-08-05,24.5,-90.5,180
2024-08-05,24.5,-89.5,270
2024-08-05,24.5,-87.0,180
2024-08-05,24.5,-85.0,90
2024-08-05,24.5,-82.5,180
2024-08-05,24.5,-82.0,630
2024-08-05,24.5,-81.5,990
2024-08-05,24.5,-81.0,90
2024-08-05,24.5,-80.5,90
2024-08-05,24.5,-80.0,450
2024-08-05,24.5,-79.5,630
2024-08-05,24.5,-79.0,540
2024-08-05,24.5,-78.5,900
2024-08-05,24.5,-78.0,2520
2024-08-05,24.5,-77.5,1350
2024-08-05,24.5,-77.0,3420
2024-08-05,24.5,-76.5,1980
2024-08-05,24.5,-76.0,180
2024-08-05,24.5,-75.5,1350
2024-08-05,24.5,-75.0,630
2024-08-05,24.5,-74.5,450
2024-08-05,24.5,-74.0,1260
2024-08-05,24.5,-73.5,1350
2024-08-05,24.5,-73.0,540
2024-08-05,24.5,-72.5,1080
2024-08-05,24.5,-72.0,270
2024-08-05,24.5,-71.5,90
2024-08-05,24.5,-71.0,90
2024-08-05,24.5,-69.5,90
2024-08-05,24.5,-69.0,90
2024-08-05,24.5,-68.5,180
2024-08-05,24.5,-68.0,90
2024-08-05,24.5,-67.5,630
2024-08-05,24.5,-66.0,450
2024-08-05,25.0,-109.0,630
2024-08-05,25.0,-108.5,5130
2024-08-05,25.0,-108.0,2880
2024-08-05,25.0,-107.5,4590
2024-08-05,25.0,-107.0,4320
2024-08-05,25.0,-106.5,2520
2024-08-05,25.0,-106.0,900
2024-08-05,25.0,-105.5,990
2024-08-05,25.0,-105.0,630
2024-08-05,25.0,-104.0,180
2024-08-05,25.0,-103.5,90
2024-08-05,25.0,-101.0,90
2024-08-05,25.0,-100.5,270
2024-08-05,25.0,-100.0,360
2024-08-05,25.0,-99.5,270
2024-08-05,25.0,-98.5,360
2024-08-05,25.0,-92.5,90
2024-08-05,25.0,-91.0,270
2024-08-05,25.0,-90.5,90
2024-08-05,25.0,-90.0,270
2024-08-05,25.0,-89.5,90
2024-08-05,25.0,-87.5,90
2024-08-05,25.0,-87.0,90
2024-08-05,25.0,-86.0,360
2024-08-05,25.0,-85.5,360
2024-08-05,25.0,-85.0,90
2024-08-05,25.0,-84.5,90
2024-08-05,25.0,-83.0,180
2024-08-05,25.0,-81.5,1530
2024-08-05,25.0,-81.0,900
2024-08-05,25.0,-80.5,900
2024-08-05,25.0,-80.0,180
2024-08-05,25.0,-79.5,270
2024-08-05,25.0,-79.0,360
2024-08-05,25.0,-78.5,3510
2024-08-05,25.0,-78.0,3240
2024-08-05,25.0,-77.5,3240
2024-08-05,25.0,-77.0,3870
2024-08-05,25.0,-76.5,1800
2024-08-05,25.0,-76.0,810
2024-08-05,25.0,-75.5,720
2024-08-05,25.0,-75.0,630
2024-08-05,25.0,-74.5,180
2024-08-05,25.0,-73.5,90
2024-08-05,25.0,-73.0,90
2024-08-05,25.0,-72.5,180
2024-08-05,25.0,-71.5,90
2024-08-05,25.0,-71.0,90
2024-08-05,25.0,-70.5,90
2024-08-05,25.0,-69.0,90
2024-08-05,25.0,-68.5,90
2024-08-05,25.0,-67.5,90
2024-08-05,25.0,-67.0,360
2024-08-05,25.5,-112.0,450
2024-08-05,25.5,-111.5,180
2024-08-05,25.5,-109.0,450
2024-08-05,25.5,-108.5,2610
2024-08-05,25.5,-108.0,4680
2024-08-05,25.5,-107.5,5760
2024-08-05,25.5,-107.0,540
2024-08-05,25.5,-106.5,540
2024-08-05,25.5,-106.0,540
2024-08-05,25.5,-105.5,1350
2024-08-05,25.5,-105.0,180
2024-08-05,25.5,-104.5,180
2024-08-05,25.5,-103.5,180
2024-08-05,25.5,-103.0,180
2024-08-05,25.5,-102.0,90
2024-08-05,25.5,-100.5,90
2024-08-05,25.5,-100.0,180
2024-08-05,25.5,-99.0,180
2024-08-05,25.5,-98.5,990
2024-08-05,25.5,-98.0,180
2024-08-05,25.5,-96.0,90
2024-08-05,25.5,-95.5,90
2024-08-05,25.5,-95.0,270
2024-08-05,25.5,-94.5,90
2024-08-05,25.5,-92.5,90
2024-08-05,25.5,-92.0,720
2024-08-05,25.5,-91.0,1170
2024-08-05,25.5,-90.5,270
2024-08-05,25.5,-90.0,90
2024-08-05,25.5,-89.0,90
2024-08-05,25.5,-88.5,270
2024-08-05,25.5,-87.5,90
2024-08-05,25.5,-86.0,90
2024-08-05,25.5,-85.0,90
2024-08-05,25.5,-84.5,90
2024-08-05,25.5,-84.0,90
2024-08-05,25.5,-83.5,180
2024-08-05,25.5,-83.0,180
2024-08-05,25.5,-82.5,180
2024-08-05,25.5,-82.0,90
2024-08-05,25.5,-81.5,1260
2024-08-05,25.5,-81.0,810
2024-08-05,25.5,-80.5,2340
2024-08-05,25.5,-80.0,810
2024-08-05,25.5,-79.5,630
2024-08-05,25.5,-79.0,990
2024-08-05,25.5,-78.5,1080
2024-08-05,25.5,-78.0,2340
2024-08-05,25.5,-77.5,3330
2024-08-05,25.5,-77.0,3420
2024-08-05,25.5,-76.5,1080
2024-08-05,25.5,-76.0,720
2024-08-05,25.5,-75.5,900
2024-08-05,25.5,-75.0,810
2024-08-05,25.5,-74.5,270
2024-08-05,25.5,-74.0,90
2024-08-05,25.5,-73.5,90
2024-08-05,25.5,-73.0,180
2024-08-05,25.5,-72.0,180
2024-08-05,25.5,-68.5,360
2024-08-05,25.5,-68.0,720
2024-08-05,25.5,-67.5,2250
2024-08-05,25.5,-67.0,90
2024-08-05,25.5,-66.0,270
2024-08-05,25.5,-65.5,90
2024-08-05,26.0,-112.5,630
2024-08-05,26.0,-112.0,1260
2024-08-05,26.0,-111.5,90
2024-08-05,26.0,-110.5,90
2024-08-05,26.0,-110.0,360
2024-08-05,26.0,-109.5,1440
2024-08-05,26.0,-109.0,4410
2024-08-05,26.0,-108.5,9360
2024-08-05,26.0,-108.0,7920
2024-08-05,26.0,-107.5,8370
2024-08-05,26.0,-107.0,1710
2024-08-05,26.0,-106.5,1260
2024-08-05,26.0,-106.0,540
2024-08-05,26.0,-105.5,270
2024-08-05,26.0,-99.5,90
2024-08-05,26.0,-99.0,90
2024-08-05,26.0,-98.5,270
2024-08-05,26.0,-96.0,540
2024-08-05,26.0,-95.5,90
2024-08-05,26.0,-93.0,450
2024-08-05,26.0,-92.5,90
2024-08-05,26.0,-92.0,90
2024-08-05,26.0,-91.5,1440
2024-08-05,26.0,-91.0,900
2024-08-05,26.0,-90.5,360
2024-08-05,26.0,-90.0,180
2024-08-05,26.0,-88.5,360
2024-08-05,26.0,-87.5,90
2024-08-05,26.0,-87.0,90
2024-08-05,26.0,-86.0,90
2024-08-05,26.0,-85.5,90
2024-08-05,26.0,-85.0,180
2024-08-05,26.0,-84.5,180
2024-08-05,26.0,-84.0,540
2024-08-05,26.0,-83.5,270
2024-08-05,26.0,-82.0,270
2024-08-05,26.0,-81.5,1170
2024-08-05,26.0,-81.0,1890
2024-08-05,26.0,-80.5,3870
2024-08-05,26.0,-80.0,4320
2024-08-05,26.0,-79.5,1890
2024-08-05,26.0,-79.0,990
2024-08-05,26.0,-78.5,1170
2024-08-05,26.0,-78.0,1440
2024-08-05,26.0,-77.5,2700
2024-08-05,26.0,-77.0,1440
2024-08-05,26.0,-76.5,180
2024-08-05,26.0,-76.0,450
2024-08-05,26.0,-75.5,180
2024-08-05,26.0,-75.0,630
2024-08-05,26.0,-74.5,90
2024-08-05,26.0,-74.0,90
2024-08-05,26.0,-71.5,90
2024-08-05,26.0,-70.5,180
2024-08-05,26.0,-70.0,540
2024-08-05,26.0,-69.5,540
2024-08-05,26.0,-69.0,90
2024-08-05,26.0,-68.5,180
2024-08-05,26.0,-68.0,1530
2024-08-05,26.0,-67.5,180
2024-08-05,26.0,-66.0,180
2024-08-05,26.0,-65.5,180
2024-08-05,26.5,-113.0,360
2024-08-05,26.5,-112.5,540
2024-08-05,26.5,-112.0,270
2024-08-05,26.5,-110.0,270
2024-08-05,26.5,-109.5,6210
2024-08-05,26.5,-109.0,6030
2024-08-05,26.5,-108.5,7560
2024-08-05,26.5,-108.0,9450
2024-08-05,26.5,-107.5,2970
2024-08-05,26.5,-107.0,1440
2024-08-05,26.5,-106.5,720
2024-08-05,26.5,-106.0,1620
2024-08-05,26.5,-105.5,720
2024-08-05,26.5,-104.5,450
2024-08-05,26.5,-102.0,540
2024-08-05,26.5,-100.5,90
2024-08-05,26.5,-100.0,90
2024-08-05,26.5,-99.5,540
2024-08-05,26.5,-99.0,90
2024-08-05,26.5,-98.5,630
2024-08-05,26.5,-96.0,270
2024-08-05,26.5,-93.0,450
2024-08-05,26.5,-92.5,540
2024-08-05,26.5,-92.0,540
2024-08-05,26.5,-91.0,180
2024-08-05,26.5,-90.5,540
2024-08-05,26.5,-90.0,90
2024-08-05,26.5,-89.5,630
2024-08-05,26.5,-86.5,90
2024-08-05,26.5,-86.0,90
2024-08-05,26.5,-84.5,270
2024-08-05,26.5,-84.0,450
2024-08-05,26.5,-83.5,630
2024-08-05,26.5,-83.0,1170
2024-08-05,26.5,-82.5,450
2024-08-05,26.5,-82.0,1440
2024-08-05,26.5,-81.5,4050
2024-08-05,26.5,-81.0,2520
2024-08-05,26.5,-80.5,6930
2024-08-05,26.5,-80.0,7830
2024-08-05,26.5,-79.5,2610
2024-08-05,26.5,-79.0,720
2024-08-05,26.5,-78.5,1260
2024-08-05,26.5,-78.0,450
2024-08-05,26.5,-77.5,540
2024-08-05,26.5,-77.0,270
2024-08-05,26.5,-76.5,270
2024-08-05,26.5,-76.0,90
2024-08-05,26.5,-75.5,630
2024-08-05,26.5,-75.0,180
2024-08-05,26.5,-74.5,360
2024-08-05,26.5,-71.5,270
2024-08-05,26.5,-71.0,450
2024-08-05,26.5,-70.5,630
2024-08-05,26.5,-70.0,450
2024-08-05,26.5,-69.5,630
2024-08-05,26.5,-69.0,180
2024-08-05,26.5,-68.5,360
2024-08-05,26.5,-68.0,180
2024-08-05,26.5,-67.5,1530
2024-08-05,26.5,-67.0,90
2024-08-05,26.5,-66.5,630
2024-08-05,26.5,-65.5,360
2024-08-05,27.0,-125.0,90
2024-08-05,27.0,-113.0,270
2024-08-05,27.0,-112.5,900
2024-08-05,27.0,-111.5,990
2024-08-05,27.0,-111.0,540
2024-08-05,27.0,-110.5,720
2024-08-05,27.0,-110.0,810
2024-08-05,27.0,-109.5,5850
2024-08-05,27.0,-109.0,8100
2024-08-05,27.0,-108.5,7560
2024-08-05,27.0,-108.0,4050
2024-08-05,27.0,-107.5,2250
2024-08-05,27.0,-107.0,720
2024-08-05,27.0,-106.5,720
2024-08-05,27.0,-106.0,1620
2024-08-05,27.0,-105.5,1080
2024-08-05,27.0,-105.0,900
2024-08-05,27.0,-104.5,450
2024-08-05,27.0,-103.0,90
2024-08-05,27.0,-102.0,90
2024-08-05,27.0,-101.0,90
2024-08-05,27.0,-100.5,90
2024-08-05,27.0,-100.0,540
2024-08-05,27.0,-95.5,90
2024-08-05,27.0,-91.5,90
2024-08-05,27.0,-91.0,270
2024-08-05,27.0,-90.5,630
2024-08-05,27.0,-89.5,270
2024-08-05,27.0,-89.0,180
2024-08-05,27.0,-87.5,90
2024-08-05,27.0,-87.0,180
2024-08-05,27.0,-86.5,360
2024-08-05,27.0,-85.0,540
2024-08-05,27.0,-84.5,1170
2024-08-05,27.0,-84.0,270
2024-08-05,27.0,-83.5,360
2024-08-05,27.0,-83.0,540
2024-08-05,27.0,-82.5,1980
2024-08-05,27.0,-82.0,5040
2024-08-05,27.0,-81.5,2700
2024-08-05,27.0,-81.0,3510
2024-08-05,27.0,-80.5,3330
2024-08-05,27.0,-80.0,2340
2024-08-05,27.0,-79.5,270
2024-08-05,27.0,-79.0,810
2024-08-05,27.0,-78.5,450
2024-08-05,27.0,-78.0,540
2024-08-05,27.0,-77.5,1260
2024-08-05,27.0,-77.0,180
2024-08-05,27.0,-76.5,270
2024-08-05,27.0,-76.0,450
2024-08-05,27.0,-75.5,180
2024-08-05,27.0,-75.0,90
2024-08-05,27.0,-74.5,90
2024-08-05,27.0,-73.5,90
2024-08-05,27.0,-72.0,90
2024-08-05,27.0,-71.5,180
2024-08-05,27.0,-71.0,630
2024-08-05,27.0,-70.5,360
2024-08-05,27.0,-70.0,900
2024-08-05,27.0,-69.5,360
2024-08-05,27.0,-69.0,270
2024-08-05,27.0,-68.5,360
2024-08-05,27.0,-68.0,1080
2024-08-05,27.0,-67.5,450
2024-08-05,27.0,-67.0,540
2024-08-05,27.0,-66.0,90
2024-08-05,27.5,-113.5,540
2024-08-05,27.5,-113.0,90
2024-08-05,27.5,-111.5,90
2024-08-05,27.5,-111.0,2430
2024-08-05,27.5,-110.5,2340
2024-08-05,27.5,-110.0,1080
2024-08-05,27.5,-109.5,6120
2024-08-05,27.5,-109.0,6120
2024-08-05,27.5,-108.5,5670
2024-08-05,27.5,-108.0,1080
2024-08-05,27.5,-107.5,810
2024-08-05,27.5,-107.0,900
2024-08-05,27.5,-106.5,900
2024-08-05,27.5,-106.0,810
2024-08-05,27.5,-105.5,630
2024-08-05,27.5,-105.0,720
2024-08-05,27.5,-104.5,180
2024-08-05,27.5,-101.5,90
2024-08-05,27.5,-100.5,180
2024-08-05,27.5,-99.0,90
2024-08-05,27.5,-98.0,180
2024-08-05,27.5,-92.5,90
2024-08-05,27.5,-92.0,180
2024-08-05,27.5,-91.0,90
2024-08-05,27.5,-90.5,90
2024-08-05,27.5,-89.5,2250
2024-08-05,27.5,-89.0,630
2024-08-05,27.5,-88.5,630
2024-08-05,27.5,-88.0,360
2024-08-05,27.5,-87.5,540
2024-08-05,27.5,-87.0,270
2024-08-05,27.5,-86.5,90
2024-08-05,27.5,-86.0,720
2024-08-05,27.5,-85.5,180
2024-08-05,27.5,-85.0,1440
2024-08-05,27.5,-84.5,2250
2024-08-05,27.5,-83.0,180
2024-08-05,27.5,-82.5,4680
2024-08-05,27.5,-82.0,5490
2024-08-05,27.5,-81.5,3600
2024-08-05,27.5,-81.0,4410
2024-08-05,27.5,-80.5,3330
2024-08-05,27.5,-80.0,540
2024-08-05,27.5,-79.0,360
2024-08-05,27.5,-78.5,1170
2024-08-05,27.5,-78.0,1080
2024-08-05,27.5,-77.5,900
2024-08-05,27.5,-76.5,180
2024-08-05,27.5,-76.0,630
2024-08-05,27.5,-75.5,180
2024-08-05,27.5,-75.0,180
2024-08-05,27.5,-74.0,90
2024-08-05,27.5,-73.5,180
2024-08-05,27.5,-73.0,180
2024-08-05,27.5,-71.5,270
2024-08-05,27.5,-71.0,90
2024-08-05,27.5,-70.5,180
2024-08-05,27.5,-70.0,450
2024-08-05,27.5,-69.5,360
2024-08-05,27.5,-68.5,540
2024-08-05,27.5,-68.0,90
2024-08-05,27.5,-67.5,90
2024-08-05,27.5,-66.0,90
2024-08-05,28.0,-126.5,90
2024-08-05,28.0,-114.0,180
2024-08-05,28.0,-113.5,2070
2024-08-05,28.0,-112.0,90
2024-08-05,28.0,-111.5,450
2024-08-05,28.0,-111.0,1890
2024-08-05,28.0,-110.5,3330
2024-08-05,28.0,-110.0,5580
2024-08-05,28.0,-109.5,8910
2024-08-05,28.0,-109.0,8010
2024-08-05,28.0,-108.5,4410
2024-08-05,28.0,-108.0,1440
2024-08-05,28.0,-107.5,1170
2024-08-05,28.0,-107.0,450
2024-08-05,28.0,-106.5,720
2024-08-05,28.0,-106.0,1080
2024-08-05,28.0,-105.5,720
2024-08-05,28.0,-105.0,900
2024-08-05,28.0,-104.5,180
2024-08-05,28.0,-102.5,180
2024-08-05,28.0,-102.0,90
2024-08-05,28.0,-97.5,90
2024-08-05,28.0,-95.0,90
2024-08-05,28.0,-93.5,180
2024-08-05,28.0,-93.0,1350
2024-08-05,28.0,-92.5,2340
2024-08-05,28.0,-92.0,2700
2024-08-05,28.0,-91.5,3870
2024-08-05,28.0,-91.0,5130
2024-08-05,28.0,-90.5,4680
2024-08-05,28.0,-90.0,3780
2024-08-05,28.0,-89.5,7380
2024-08-05,28.0,-89.0,3780
2024-08-05,28.0,-88.5,4950
2024-08-05,28.0,-88.0,1890
2024-08-05,28.0,-87.5,90
2024-08-05,28.0,-87.0,360
2024-08-05,28.0,-86.5,270
2024-08-05,28.0,-86.0,360
2024-08-05,28.0,-85.5,180
2024-08-05,28.0,-85.0,450
2024-08-05,28.0,-83.5,90
2024-08-05,28.0,-83.0,90
2024-08-05,28.0,-82.5,1800
2024-08-05,28.0,-82.0,5580
2024-08-05,28.0,-81.5,1980
2024-08-05,28.0,-81.0,4860
2024-08-05,28.0,-80.5,1440
2024-08-05,28.0,-80.0,720
2024-08-05,28.0,-79.5,720
2024-08-05,28.0,-79.0,900
2024-08-05,28.0,-78.5,1530
2024-08-05,28.0,-78.0,1170
2024-08-05,28.0,-77.5,3240
2024-08-05,28.0,-77.0,630
2024-08-05,28.0,-76.5,90
2024-08-05,28.0,-76.0,90
2024-08-05,28.0,-75.0,180
2024-08-05,28.0,-74.0,90
2024-08-05,28.0,-73.5,90
2024-08-05,28.0,-72.0,90
2024-08-05,28.0,-71.5,90
2024-08-05,28.0,-71.0,90
2024-08-05,28.0,-70.0,270
2024-08-05,28.0,-69.5,360
2024-08-05,28.0,-69.0,180
2024-08-05,28.5,-114.0,1080
2024-08-05,28.5,-111.5,1620
2024-08-05,28.5,-111.0,810
2024-08-05,28.5,-110.5,1710
2024-08-05,28.5,-110.0,3780
2024-08-05,28.5,-109.5,9090
2024-08-05,28.5,-109.0,10890
2024-08-05,28.5,-108.5,3870
2024-08-05,28.5,-108.0,1080
2024-08-05,28.5,-107.5,540
2024-08-05,28.5,-107.0,630
2024-08-05,28.5,-106.5,1080
2024-08-05,28.5,-106.0,720
2024-08-05,28.5,-105.5,540
2024-08-05,28.5,-105.0,90
2024-08-05,28.5,-104.5,360
2024-08-05,28.5,-104.0,180
2024-08-05,28.5,-101.0,180
2024-08-05,28.5,-100.5,270
2024-08-05,28.5,-98.0,180
2024-08-05,28.5,-97.5,1170
2024-08-05,28.5,-97.0,2610
2024-08-05,28.5,-96.5,1980
2024-08-05,28.5,-96.0,450
2024-08-05,28.5,-93.5,270
2024-08-05,28.5,-93.0,360
2024-08-05,28.5,-92.5,3690
2024-08-05,28.5,-92.0,1170
2024-08-05,28.5,-91.5,1890
2024-08-05,28.5,-91.0,1710
2024-08-05,28.5,-90.5,2610
2024-08-05,28.5,-90.0,990
2024-08-05,28.5,-89.5,990
2024-08-05,28.5,-89.0,4950
2024-08-05,28.5,-88.5,4230
2024-08-05,28.5,-88.0,3060
2024-08-05,28.5,-87.5,1080
2024-08-05,28.5,-87.0,180
2024-08-05,28.5,-86.5,360
2024-08-05,28.5,-86.0,180
2024-08-05,28.5,-85.5,540
2024-08-05,28.5,-85.0,360
2024-08-05,28.5,-84.5,630
2024-08-05,28.5,-84.0,990
2024-08-05,28.5,-83.5,90
2024-08-05,28.5,-82.5,450
2024-08-05,28.5,-82.0,810
2024-08-05,28.5,-81.5,4410
2024-08-05,28.5,-81.0,2880
2024-08-05,28.5,-80.5,360
2024-08-05,28.5,-80.0,180
2024-08-05,28.5,-79.5,720
2024-08-05,28.5,-79.0,900
2024-08-05,28.5,-78.5,450
2024-08-05,28.5,-78.0,540
2024-08-05,28.5,-77.5,2520
2024-08-05,28.5,-77.0,720
2024-08-05,28.5,-76.5,360
2024-08-05,28.5,-76.0,90
2024-08-05,28.5,-75.5,270
2024-08-05,28.5,-75.0,180
2024-08-05,28.5,-71.5,90
2024-08-05,28.5,-71.0,90
2024-08-05,28.5,-70.5,180
2024-08-05,28.5,-69.5,360
2024-08-05,28.5,-69.0,180
2024-08-05,28.5,-68.5,1350
2024-08-05,28.5,-68.0,90
2024-08-05,28.5,-65.5,180
2024-08-05,29.0,-115.0,90
2024-08-05,29.0,-114.5,360
2024-08-05,29.0,-114.0,90
2024-08-05,29.0,-112.0,630
2024-08-05,29.0,-111.5,4500
2024-08-05,29.0,-111.0,2340
2024-08-05,29.0,-110.5,4590
2024-08-05,29.0,-110.0,4680
2024-08-05,29.0,-109.5,6930
2024-08-05,29.0,-109.0,6210
2024-08-05,29.0,-108.5,4590
2024-08-05,29.0,-108.0,1170
2024-08-05,29.0,-107.5,900
2024-08-05,29.0,-107.0,900
2024-08-05,29.0,-106.5,810
2024-08-05,29.0,-106.0,810
2024-08-05,29.0,-105.5,450
2024-08-05,29.0,-104.5,180
2024-08-05,29.0,-104.0,90
2024-08-05,29.0,-103.0,270
2024-08-05,29.0,-102.5,810
2024-08-05,29.0,-102.0,450
2024-08-05,29.0,-101.5,630
2024-08-05,29.0,-101.0,270
2024-08-05,29.0,-100.5,180
2024-08-05,29.0,-100.0,180
2024-08-05,29.0,-99.5,4050
2024-08-05,29.0,-99.0,180
2024-08-05,29.0,-98.5,90
2024-08-05,29.0,-98.0,3330
2024-08-05,29.0,-97.5,6930
2024-08-05,29.0,-97.0,2430
2024-08-05,29.0,-96.5,4140
2024-08-05,29.0,-96.0,2880
2024-08-05,29.0,-95.5,270
2024-08-05,29.0,-92.5,450
2024-08-05,29.0,-92.0,900
2024-08-05,29.0,-91.5,180
2024-08-05,29.0,-91.0,1170
2024-08-05,29.0,-90.5,180
2024-08-05,29.0,-90.0,630
2024-08-05,29.0,-89.5,1620
2024-08-05,29.0,-89.0,4680
2024-08-05,29.0,-88.5,3960
2024-08-05,29.0,-88.0,1350
2024-08-05,29.0,-87.5,1620
2024-08-05,29.0,-87.0,1080
2024-08-05,29.0,-86.5,180
2024-08-05,29.0,-86.0,360
2024-08-05,29.0,-85.5,90
2024-08-05,29.0,-84.5,720
2024-08-05,29.0,-84.0,540
2024-08-05,29.0,-83.5,180
2024-08-05,29.0,-83.0,540
2024-08-05,29.0,-82.5,810
2024-08-05,29.0,-82.0,1440
2024-08-05,29.0,-81.5,2340
2024-08-05,29.0,-81.0,3150
2024-08-05,29.0,-80.5,450
2024-08-05,29.0,-80.0,900
2024-08-05,29.0,-79.5,2160
2024-08-05,29.0,-79.0,2250
2024-08-05,29.0,-78.5,630
2024-08-05,29.0,-78.0,540
2024-08-05,29.0,-77.5,1260
2024-08-05,29.0,-77.0,2250
2024-08-05,29.0,-76.5,450
2024-08-05,29.0,-75.5,90
2024-08-05,29.0,-75.0,90
2024-08-05,29.0,-74.5,90
2024-08-05,29.0,-71.0,90
2024-08-05,29.0,-70.5,90
2024-08-05,29.0,-70.0,90
2024-08-05,29.0,-69.0,810
2024-08-05,29.0,-68.5,810
2024-08-05,29.5,-114.5,180
2024-08-05,29.5,-114.0,90
2024-08-05,29.5,-113.5,180
2024-08-05,29.5,-112.5,540
2024-08-05,29.5,-112.0,1350
2024-08-05,29.5,-111.5,3690
2024-08-05,29.5,-111.0,1620
2024-08-05,29.5,-110.5,2880
2024-08-05,29.5,-110.0,8010
2024-08-05,29.5,-109.5,5670
2024-08-05,29.5,-109.0,6120
2024-08-05,29.5,-108.5,2160
2024-08-05,29.5,-108.0,1440
2024-08-05,29.5,-107.5,990
2024-08-05,29.5,-107.0,450
2024-08-05,29.5,-106.5,630
2024-08-05,29.5,-106.0,450
2024-08-05,29.5,-105.5,720
2024-08-05,29.5,-105.0,630
2024-08-05,29.5,-104.5,90
2024-08-05,29.5,-104.0,270
2024-08-05,29.5,-103.5,450
2024-08-05,29.5,-103.0,630
2024-08-05,29.5,-102.5,1530
2024-08-05,29.5,-101.5,270
2024-08-05,29.5,-100.5,450
2024-08-05,29.5,-100.0,810
2024-08-05,29.5,-99.5,2340
2024-08-05,29.5,-99.0,540
2024-08-05,29.5,-98.5,3330
2024-08-05,29.5,-98.0,7200
2024-08-05,29.5,-97.5,1980
2024-08-05,29.5,-97.0,2070
2024-08-05,29.5,-96.5,3510
2024-08-05,29.5,-91.5,90
2024-08-05,29.5,-91.0,180
2024-08-05,29.5,-89.0,630
2024-08-05,29.5,-88.5,630
2024-08-05,29.5,-88.0,1440
2024-08-05,29.5,-87.5,990
2024-08-05,29.5,-87.0,630
2024-08-05,29.5,-86.5,180
2024-08-05,29.5,-86.0,450
2024-08-05,29.5,-85.5,450
2024-08-05,29.5,-85.0,2970
2024-08-05,29.5,-84.5,270
2024-08-05,29.5,-84.0,180
2024-08-05,29.5,-83.5,360
2024-08-05,29.5,-83.0,630
2024-08-05,29.5,-82.5,270
2024-08-05,29.5,-82.0,1080
2024-08-05,29.5,-81.5,2610
2024-08-05,29.5,-81.0,990
2024-08-05,29.5,-80.5,90
2024-08-05,29.5,-80.0,270
2024-08-05,29.5,-79.5,2880
2024-08-05,29.5,-79.0,5490
2024-08-05,29.5,-78.5,3690
2024-08-05,29.5,-78.0,810
2024-08-05,29.5,-77.5,1620
2024-08-05,29.5,-77.0,900
2024-08-05,29.5,-76.5,450
2024-08-05,29.5,-76.0,270
2024-08-05,29.5,-71.0,180
2024-08-05,29.5,-70.5,90
2024-08-05,29.5,-69.5,720
2024-08-05,29.5,-69.0,360
2024-08-05,29.5,-68.5,630
2024-08-05,29.5,-68.0,90
2024-08-05,30.0,-115.5,900
2024-08-05,30.0,-114.0,270
2024-08-05,30.0,-113.5,900
2024-08-05,30.0,-113.0,630
2024-08-05,30.0,-112.5,1980
2024-08-05,30.0,-112.0,3510
2024-08-05,30.0,-111.5,3330
2024-08-05,30.0,-111.0,5580
2024-08-05,30.0,-110.5,5490
2024-08-05,30.0,-110.0,2610
2024-08-05,30.0,-109.5,2880
2024-08-05,30.0,-109.0,2340
2024-08-05,30.0,-108.5,1170
2024-08-05,30.0,-108.0,990
2024-08-05,30.0,-107.5,900
2024-08-05,30.0,-107.0,180
2024-08-05,30.0,-106.0,360
2024-08-05,30.0,-105.5,360
2024-08-05,30.0,-105.0,450
2024-08-05,30.0,-104.0,450
2024-08-05,30.0,-103.5,270
2024-08-05,30.0,-101.5,90
2024-08-05,30.0,-101.0,90
2024-08-05,30.0,-100.5,450
2024-08-05,30.0,-100.0,90
2024-08-05,30.0,-99.5,900
2024-08-05,30.0,-99.0,810
2024-08-05,30.0,-98.5,900
2024-08-05,30.0,-98.0,1710
2024-08-05,30.0,-97.5,900
2024-08-05,30.0,-97.0,1620
2024-08-05,30.0,-91.5,180
2024-08-05,30.0,-91.0,90
2024-08-05,30.0,-89.0,90
2024-08-05,30.0,-88.5,90
2024-08-05,30.0,-87.5,270
2024-08-05,30.0,-87.0,2700
2024-08-05,30.0,-86.5,180
2024-08-05,30.0,-86.0,1890
2024-08-05,30.0,-85.5,4320
2024-08-05,30.0,-85.0,4500
2024-08-05,30.0,-84.5,5760
2024-08-05,30.0,-84.0,450
2024-08-05,30.0,-83.5,180
2024-08-05,30.0,-83.0,720
2024-08-05,30.0,-82.5,1710
2024-08-05,30.0,-82.0,1530
2024-08-05,30.0,-81.5,1530
2024-08-05,30.0,-81.0,810
2024-08-05,30.0,-80.0,180
2024-08-05,30.0,-79.5,630
2024-08-05,30.0,-79.0,2790
2024-08-05,30.0,-78.5,2880
2024-08-05,30.0,-78.0,1530
2024-08-05,30.0,-77.5,360
2024-08-05,30.0,-77.0,900
2024-08-05,30.0,-76.5,180
2024-08-05,30.0,-74.5,180
2024-08-05,30.0,-71.5,450
2024-08-05,30.0,-71.0,180
2024-08-05,30.0,-70.5,90
2024-08-05,30.0,-69.5,540
2024-08-05,30.0,-66.0,90
2024-08-05,30.5,-116.0,540
2024-08-05,30.5,-115.5,2430
2024-08-05,30.5,-115.0,90
2024-08-05,30.5,-114.5,90
2024-08-05,30.5,-114.0,630
2024-08-05,30.5,-113.5,360
2024-08-05,30.5,-113.0,630
2024-08-05,30.5,-112.5,3060
2024-08-05,30.5,-112.0,3780
2024-08-05,30.5,-111.5,3780
2024-08-05,30.5,-111.0,4050
2024-08-05,30.5,-110.5,5850
2024-08-05,30.5,-110.0,2970
2024-08-05,30.5,-109.5,3510
2024-08-05,30.5,-109.0,2160
2024-08-05,30.5,-108.5,90
2024-08-05,30.5,-108.0,270
2024-08-05,30.5,-107.5,180
2024-08-05,30.5,-107.0,90
2024-08-05,30.5,-105.0,360
2024-08-05,30.5,-104.0,180
2024-08-05,30.5,-103.0,90
2024-08-05,30.5,-99.0,360
2024-08-05,30.5,-98.5,360
2024-08-05,30.5,-89.5,90
2024-08-05,30.5,-87.5,90
2024-08-05,30.5,-87.0,540
2024-08-05,30.5,-86.5,810
2024-08-05,30.5,-86.0,1170
2024-08-05,30.5,-85.5,450
2024-08-05,30.5,-85.0,180
2024-08-05,30.5,-84.5,360
2024-08-05,30.5,-84.0,630
2024-08-05,30.5,-83.5,2520
2024-08-05,30.5,-83.0,540
2024-08-05,30.5,-82.5,2700
2024-08-05,30.5,-82.0,1260
2024-08-05,30.5,-81.5,2160
2024-08-05,30.5,-81.0,90
2024-08-05,30.5,-80.0,90
2024-08-05,30.5,-79.5,450
2024-08-05,30.5,-79.0,3690
2024-08-05,30.5,-78.5,2340
2024-08-05,30.5,-78.0,1170
2024-08-05,30.5,-77.5,1350
2024-08-05,30.5,-77.0,450
2024-08-05,30.5,-76.5,1260
2024-08-05,30.5,-76.0,270
2024-08-05,30.5,-75.5,90
2024-08-05,30.5,-74.5,180
2024-08-05,30.5,-70.0,180
2024-08-05,30.5,-66.0,90
2024-08-05,31.0,-116.5,90
2024-08-05,31.0,-116.0,810
2024-08-05,31.0,-115.5,990
2024-08-05,31.0,-114.5,90
2024-08-05,31.0,-114.0,90
2024-08-05,31.0,-113.5,270
2024-08-05,31.0,-113.0,720
2024-08-05,31.0,-112.5,1710
2024-08-05,31.0,-112.0,2880
2024-08-05,31.0,-111.5,1170
2024-08-05,31.0,-111.0,2520
2024-08-05,31.0,-110.5,3690
2024-08-05,31.0,-110.0,2160
2024-08-05,31.0,-109.5,1890
2024-08-05,31.0,-109.0,990
2024-08-05,31.0,-108.5,540
2024-08-05,31.0,-108.0,630
2024-08-05,31.0,-107.5,270
2024-08-05,31.0,-107.0,180
2024-08-05,31.0,-106.5,90
2024-08-05,31.0,-106.0,180
2024-08-05,31.0,-105.0,90
2024-08-05,31.0,-104.5,90
2024-08-05,31.0,-99.5,180
2024-08-05,31.0,-99.0,630
2024-08-05,31.0,-98.5,630
2024-08-05,31.0,-98.0,900
2024-08-05,31.0,-97.5,1080
2024-08-05,31.0,-97.0,90
2024-08-05,31.0,-86.5,180
2024-08-05,31.0,-86.0,360
2024-08-05,31.0,-84.5,2250
2024-08-05,31.0,-84.0,1800
2024-08-05,31.0,-83.5,540
2024-08-05,31.0,-83.0,1440
2024-08-05,31.0,-82.5,540
2024-08-05,31.0,-82.0,1530
2024-08-05,31.0,-81.5,180
2024-08-05,31.0,-80.0,180
2024-08-05,31.0,-79.5,1350
2024-08-05,31.0,-79.0,4140
2024-08-05,31.0,-78.5,360
2024-08-05,31.0,-78.0,180
2024-08-05,31.0,-77.5,450
2024-08-05,31.0,-77.0,990
2024-08-05,31.0,-76.5,270
2024-08-05,31.0,-75.5,180
2024-08-05,31.0,-71.5,180
2024-08-05,31.0,-70.0,270
2024-08-05,31.5,-116.0,2700
2024-08-05,31.5,-115.5,270
2024-08-05,31.5,-115.0,90
2024-08-05,31.5,-114.0,360
2024-08-05,31.5,-113.5,540
2024-08-05,31.5,-113.0,2340
2024-08-05,31.5,-112.5,3060
2024-08-05,31.5,-112.0,3060
2024-08-05,31.5,-111.5,4140
2024-08-05,31.5,-111.0,1890
2024-08-05,31.5,-110.5,2160
2024-08-05,31.5,-110.0,1890
2024-08-05,31.5,-109.5,2430
2024-08-05,31.5,-109.0,2700
2024-08-05,31.5,-108.5,630
2024-08-05,31.5,-108.0,630
2024-08-05,31.5,-107.5,360
2024-08-05,31.5,-106.5,180
2024-08-05,31.5,-105.5,90
2024-08-05,31.5,-100.5,180
2024-08-05,31.5,-99.0,90
2024-08-05,31.5,-98.5,1080
2024-08-05,31.5,-98.0,2160
2024-08-05,31.5,-97.5,1350
2024-08-05,31.5,-84.5,270
2024-08-05,31.5,-84.0,90
2024-08-05,31.5,-83.5,90
2024-08-05,31.5,-83.0,90
2024-08-05,31.5,-82.0,1980
2024-08-05,31.5,-81.5,4410
2024-08-05,31.5,-81.0,180
2024-08-05,31.5,-80.0,1530
2024-08-05,31.5,-79.5,540
2024-08-05,31.5,-79.0,1260
2024-08-05,31.5,-78.5,360
2024-08-05,31.5,-78.0,270
2024-08-05,31.5,-77.5,1260
2024-08-05,31.5,-77.0,540
2024-08-05,31.5,-75.5,90
2024-08-05,31.5,-71.5,180
2024-08-05,31.5,-71.0,180
2024-08-05,31.5,-67.0,90
2024-08-05,32.0,-117.0,90
2024-08-05,32.0,-116.5,720
2024-08-05,32.0,-116.0,900
2024-08-05,32.0,-115.0,90
2024-08-05,32.0,-114.5,90
2024-08-05,32.0,-113.5,360
2024-08-05,32.0,-113.0,900
2024-08-05,32.0,-112.5,3780
2024-08-05,32.0,-112.0,2610
2024-08-05,32.0,-111.5,2160
2024-08-05,32.0,-111.0,1170
2024-08-05,32.0,-110.5,1980
2024-08-05,32.0,-110.0,1080
2024-08-05,32.0,-109.5,3240
2024-08-05,32.0,-109.0,1530
2024-08-05,32.0,-108.5,450
2024-08-05,32.0,-108.0,360
2024-08-05,32.0,-107.5,540
2024-08-05,32.0,-107.0,450
2024-08-05,32.0,-106.5,90
2024-08-05,32.0,-106.0,180
2024-08-05,32.0,-98.0,810
2024-08-05,32.0,-86.5,270
2024-08-05,32.0,-86.0,270
2024-08-05,32.0,-85.5,90
2024-08-05,32.0,-82.5,90
2024-08-05,32.0,-82.0,270
2024-08-05,32.0,-81.5,900
2024-08-05,32.0,-81.0,540
2024-08-05,32.0,-80.5,180
2024-08-05,32.0,-80.0,630
2024-08-05,32.0,-79.5,630
2024-08-05,32.0,-79.0,900
2024-08-05,32.0,-78.5,990
2024-08-05,32.0,-78.0,270
2024-08-05,32.0,-77.5,360
2024-08-05,32.0,-77.0,360
2024-08-05,32.0,-76.5,270
2024-08-05,32.0,-75.5,90
2024-08-05,32.0,-69.5,90
2024-08-05,32.5,-117.0,90
2024-08-05,32.5,-116.5,990
2024-08-05,32.5,-116.0,540
2024-08-05,32.5,-115.0,450
2024-08-05,32.5,-114.5,180
2024-08-05,32.5,-114.0,1440
2024-08-05,32.5,-113.5,270
2024-08-05,32.5,-113.0,630
2024-08-05,32.5,-112.5,1890
2024-08-05,32.5,-112.0,1800
2024-08-05,32.5,-111.5,2970
2024-08-05,32.5,-111.0,2610
2024-08-05,32.5,-110.5,1620
2024-08-05,32.5,-110.0,1080
2024-08-05,32.5,-109.5,810
2024-08-05,32.5,-109.0,1890
2024-08-05,32.5,-108.5,2250
2024-08-05,32.5,-108.0,720
2024-08-05,32.5,-107.5,360
2024-08-05,32.5,-107.0,270
2024-08-05,32.5,-106.5,180
2024-08-05,32.5,-106.0,360
2024-08-05,32.5,-105.5,90
2024-08-05,32.5,-97.0,90
2024-08-05,32.5,-86.0,1080
2024-08-05,32.5,-85.5,450
2024-08-05,32.5,-83.5,90
2024-08-05,32.5,-83.0,540
2024-08-05,32.5,-82.0,90
2024-08-05,32.5,-81.5,1710
2024-08-05,32.5,-81.0,810
2024-08-05,32.5,-80.5,2790
2024-08-05,32.5,-80.0,720
2024-08-05,32.5,-79.5,540
2024-08-05,32.5,-79.0,180
2024-08-05,32.5,-78.5,270
2024-08-05,32.5,-78.0,270
2024-08-05,32.5,-77.5,90
2024-08-05,32.5,-75.0,90
2024-08-05,32.5,-71.5,180
2024-08-05,32.5,-70.0,180
2024-08-05,32.5,-66.0,90
2024-08-05,33.0,-117.0,270
2024-08-05,33.0,-116.5,180
2024-08-05,33.0,-116.0,90
2024-08-05,33.0,-115.0,450
2024-08-05,33.0,-114.5,270
2024-08-05,33.0,-114.0,630
2024-08-05,33.0,-113.5,540
2024-08-05,33.0,-113.0,900
2024-08-05,33.0,-112.5,990
2024-08-05,33.0,-112.0,1170
2024-08-05,33.0,-111.5,990
2024-08-05,33.0,-111.0,270
2024-08-05,33.0,-110.5,1080
2024-08-05,33.0,-110.0,1080
2024-08-05,33.0,-109.5,1080
2024-08-05,33.0,-109.0,2070
2024-08-05,33.0,-108.5,1350
2024-08-05,33.0,-108.0,180
2024-08-05,33.0,-107.0,90
2024-08-05,33.0,-106.5,180
2024-08-05,33.0,-106.0,630
2024-08-05,33.0,-103.0,90
2024-08-05,33.0,-99.5,360
2024-08-05,33.0,-99.0,180
2024-08-05,33.0,-97.5,90
2024-08-05,33.0,-97.0,810
2024-08-05,33.0,-96.5,90
2024-08-05,33.0,-85.5,90
2024-08-05,33.0,-84.0,90
2024-08-05,33.0,-83.5,2250
2024-08-05,33.0,-83.0,2250
2024-08-05,33.0,-82.0,180
2024-08-05,33.0,-81.5,1260
2024-08-05,33.0,-81.0,2430
2024-08-05,33.0,-80.5,2610
2024-08-05,33.0,-80.0,3240
2024-08-05,33.0,-79.5,1890
2024-08-05,33.0,-79.0,270
2024-08-05,33.0,-78.5,360
2024-08-05,33.0,-78.0,180
2024-08-05,33.0,-77.0,540
2024-08-05,33.0,-76.5,180
2024-08-05,33.0,-75.5,180
2024-08-05,33.0,-75.0,90
2024-08-05,33.0,-72.5,90
2024-08-05,33.0,-71.0,270
2024-08-05,33.0,-70.5,180
2024-08-05,33.5,-117.0,90
2024-08-05,33.5,-115.5,180
2024-08-05,33.5,-115.0,90
2024-08-05,33.5,-114.0,1620
2024-08-05,33.5,-113.5,1440
2024-08-05,33.5,-113.0,990
2024-08-05,33.5,-112.5,90
2024-08-05,33.5,-112.0,990
2024-08-05,33.5,-111.5,1170
2024-08-05,33.5,-111.0,810
2024-08-05,33.5,-110.5,1890
2024-08-05,33.5,-110.0,2340
2024-08-05,33.5,-109.5,1440
2024-08-05,33.5,-109.0,1350
2024-08-05,33.5,-108.5,900
2024-08-05,33.5,-108.0,630
2024-08-05,33.5,-107.0,90
2024-08-05,33.5,-106.5,450
2024-08-05,33.5,-106.0,1530
2024-08-05,33.5,-105.5,540
2024-08-05,33.5,-105.0,90
2024-08-05,33.5,-104.5,270
2024-08-05,33.5,-104.0,90
2024-08-05,33.5,-103.0,360
2024-08-05,33.5,-102.5,990
2024-08-05,33.5,-102.0,1350
2024-08-05,33.5,-100.0,1350
2024-08-05,33.5,-99.5,90
2024-08-05,33.5,-99.0,90
2024-08-05,33.5,-98.0,270
2024-08-05,33.5,-97.5,900
2024-08-05,33.5,-97.0,3060
2024-08-05,33.5,-96.5,180
2024-08-05,33.5,-85.5,90
2024-08-05,33.5,-84.0,270
2024-08-05,33.5,-83.5,180
2024-08-05,33.5,-82.0,360
2024-08-05,33.5,-81.5,450
2024-08-05,33.5,-81.0,540
2024-08-05,33.5,-80.5,4050
2024-08-05,33.5,-80.0,3150
2024-08-05,33.5,-79.5,1710
2024-08-05,33.5,-79.0,900
2024-08-05,33.5,-78.5,900
2024-08-05,33.5,-78.0,180
2024-08-05,33.5,-77.5,270
2024-08-05,33.5,-77.0,360
2024-08-05,33.5,-76.5,810
2024-08-05,33.5,-76.0,90
2024-08-05,33.5,-75.0,180
2024-08-05,33.5,-74.5,270
2024-08-05,33.5,-73.0,90
2024-08-05,33.5,-70.5,180
2024-08-05,33.5,-70.0,90
2024-08-05,33.5,-69.5,90
2024-08-05,34.0,-117.0,90
2024-08-05,34.0,-116.0,90
2024-08-05,34.0,-114.5,90
2024-08-05,34.0,-114.0,90
2024-08-05,34.0,-113.5,1890
2024-08-05,34.0,-113.0,2070
2024-08-05,34.0,-112.5,1080
2024-08-05,34.0,-112.0,1350
2024-08-05,34.0,-111.5,1620
2024-08-05,34.0,-111.0,2340
2024-08-05,34.0,-110.5,990
2024-08-05,34.0,-110.0,2340
2024-08-05,34.0,-109.5,1170
2024-08-05,34.0,-109.0,540
2024-08-05,34.0,-108.5,450
2024-08-05,34.0,-108.0,360
2024-08-05,34.0,-107.5,630
2024-08-05,34.0,-106.5,90
2024-08-05,34.0,-106.0,1530
2024-08-05,34.0,-105.5,180
2024-08-05,34.0,-104.5,990
2024-08-05,34.0,-104.0,540
2024-08-05,34.0,-103.5,270
2024-08-05,34.0,-103.0,810
2024-08-05,34.0,-102.5,90
2024-08-05,34.0,-102.0,1620
2024-08-05,34.0,-98.5,90
2024-08-05,34.0,-98.0,360
2024-08-05,34.0,-97.5,90
2024-08-05,34.0,-97.0,450
2024-08-05,34.0,-85.5,540
2024-08-05,34.0,-84.0,90
2024-08-05,34.0,-82.5,360
2024-08-05,34.0,-82.0,720
2024-08-05,34.0,-81.5,90
2024-08-05,34.0,-81.0,990
2024-08-05,34.0,-80.5,810
2024-08-05,34.0,-80.0,720
2024-08-05,34.0,-79.5,3330
2024-08-05,34.0,-79.0,360
2024-08-05,34.0,-78.5,1350
2024-08-05,34.0,-78.0,2610
2024-08-05,34.0,-77.5,720
2024-08-05,34.0,-77.0,90
2024-08-05,34.0,-76.5,270
2024-08-05,34.0,-76.0,630
2024-08-05,34.0,-75.5,1260
2024-08-05,34.0,-75.0,540
2024-08-05,34.0,-74.5,90
2024-08-05,34.0,-71.0,90
2024-08-05,34.0,-70.5,180
2024-08-05,34.0,-67.5,90
2024-08-05,34.5,-115.5,180
2024-08-05,34.5,-115.0,90
2024-08-05,34.5,-114.5,180
2024-08-05,34.5,-114.0,1080
2024-08-05,34.5,-113.5,1530
2024-08-05,34.5,-113.0,1260
2024-08-05,34.5,-112.5,990
2024-08-05,34.5,-112.0,900
2024-08-05,34.5,-111.5,1170
2024-08-05,34.5,-111.0,1710
2024-08-05,34.5,-110.5,1890
2024-08-05,34.5,-110.0,900
2024-08-05,34.5,-109.5,540
2024-08-05,34.5,-109.0,360
2024-08-05,34.5,-108.5,900
2024-08-05,34.5,-108.0,540
2024-08-05,34.5,-107.5,180
2024-08-05,34.5,-107.0,90
2024-08-05,34.5,-106.5,450
2024-08-05,34.5,-106.0,2070
2024-08-05,34.5,-105.5,720
2024-08-05,34.5,-105.0,90
2024-08-05,34.5,-104.5,180
2024-08-05,34.5,-104.0,90
2024-08-05,34.5,-103.5,540
2024-08-05,34.5,-103.0,630
2024-08-05,34.5,-102.5,180
2024-08-05,34.5,-102.0,180
2024-08-05,34.5,-101.5,180
2024-08-05,34.5,-101.0,180
2024-08-05,34.5,-99.5,90
2024-08-05,34.5,-98.5,180
2024-08-05,34.5,-98.0,1440
2024-08-05,34.5,-97.5,1800
2024-08-05,34.5,-97.0,720
2024-08-05,34.5,-96.5,180
2024-08-05,34.5,-85.0,90
2024-08-05,34.5,-83.5,270
2024-08-05,34.5,-83.0,540
2024-08-05,34.5,-82.5,990
2024-08-05,34.5,-81.0,180
2024-08-05,34.5,-80.5,1350
2024-08-05,34.5,-80.0,1710
2024-08-05,34.5,-79.5,2430
2024-08-05,34.5,-79.0,3150
2024-08-05,34.5,-78.5,5670
2024-08-05,34.5,-78.0,4230
2024-08-05,34.5,-77.5,3870
2024-08-05,34.5,-77.0,1620
2024-08-05,34.5,-76.5,630
2024-08-05,34.5,-76.0,1350
2024-08-05,34.5,-75.5,900
2024-08-05,34.5,-75.0,360
2024-08-05,34.5,-74.5,450
2024-08-05,34.5,-74.0,90
2024-08-05,34.5,-69.0,90
2024-08-05,35.0,-116.0,90
2024-08-05,35.0,-115.5,630
2024-08-05,35.0,-115.0,90
2024-08-05,35.0,-114.5,180
2024-08-05,35.0,-114.0,630
2024-08-05,35.0,-113.5,2520
2024-08-05,35.0,-113.0,1800
2024-08-05,35.0,-112.5,2250
2024-08-05,35.0,-112.0,1530
2024-08-05,35.0,-111.5,990
2024-08-05,35.0,-111.0,270
2024-08-05,35.0,-110.5,540
2024-08-05,35.0,-110.0,900
2024-08-05,35.0,-109.5,1890
2024-08-05,35.0,-109.0,720
2024-08-05,35.0,-108.5,1440
2024-08-05,35.0,-108.0,1170
2024-08-05,35.0,-107.5,990
2024-08-05,35.0,-107.0,90
2024-08-05,35.0,-106.5,1260
2024-08-05,35.0,-106.0,1710
2024-08-05,35.0,-105.5,540
2024-08-05,35.0,-105.0,810
2024-08-05,35.0,-104.5,1620
2024-08-05,35.0,-104.0,1350
2024-08-05,35.0,-103.5,630
2024-08-05,35.0,-103.0,540
2024-08-05,35.0,-102.5,630
2024-08-05,35.0,-102.0,810
2024-08-05,35.0,-101.5,1080
2024-08-05,35.0,-101.0,1800
2024-08-05,35.0,-100.5,360
2024-08-05,35.0,-100.0,1080
2024-08-05,35.0,-99.5,630
2024-08-05,35.0,-99.0,270
2024-08-05,35.0,-98.5,900
2024-08-05,35.0,-98.0,5400
2024-08-05,35.0,-97.5,4500
2024-08-05,35.0,-97.0,450
2024-08-05,35.0,-82.0,360
2024-08-05,35.0,-81.5,180
2024-08-05,35.0,-79.5,1170
2024-08-05,35.0,-79.0,810
2024-08-05,35.0,-78.5,810
2024-08-05,35.0,-78.0,450
2024-08-05,35.0,-77.5,1350
2024-08-05,35.0,-77.0,2970
2024-08-05,35.0,-76.5,450
2024-08-05,35.0,-76.0,270
2024-08-05,35.0,-75.5,90
2024-08-05,35.0,-75.0,270
2024-08-05,35.0,-74.5,630
2024-08-05,35.0,-74.0,180
2024-08-05,35.0,-73.5,450
2024-08-05,35.0,-73.0,180
2024-08-05,35.0,-68.5,90
2024-08-05,35.0,-67.0,90
2024-08-05,35.5,-116.0,360
2024-08-05,35.5,-115.5,630
2024-08-05,35.5,-115.0,90
2024-08-05,35.5,-114.5,180
2024-08-05,35.5,-114.0,1440
2024-08-05,35.5,-113.5,1170
2024-08-05,35.5,-113.0,2520
2024-08-05,35.5,-112.5,1170
2024-08-05,35.5,-112.0,990
2024-08-05,35.5,-111.5,810
2024-08-05,35.5,-111.0,1440
2024-08-05,35.5,-110.5,1350
2024-08-05,35.5,-110.0,630
2024-08-05,35.5,-109.5,1080
2024-08-05,35.5,-109.0,450
2024-08-05,35.5,-108.5,1260
2024-08-05,35.5,-108.0,540
2024-08-05,35.5,-107.5,1620
2024-08-05,35.5,-107.0,1260
2024-08-05,35.5,-106.5,1350
2024-08-05,35.5,-106.0,2880
2024-08-05,35.5,-105.5,1890
2024-08-05,35.5,-105.0,1620
2024-08-05,35.5,-104.5,1710
2024-08-05,35.5,-104.0,1980
2024-08-05,35.5,-103.5,1170
2024-08-05,35.5,-103.0,1260
2024-08-05,35.5,-102.5,630
2024-08-05,35.5,-102.0,900
2024-08-05,35.5,-101.5,360
2024-08-05,35.5,-101.0,1080
2024-08-05,35.5,-100.5,630
2024-08-05,35.5,-100.0,1260
2024-08-05,35.5,-99.5,180
2024-08-05,35.5,-99.0,6300
2024-08-05,35.5,-98.5,2880
2024-08-05,35.5,-98.0,1890
2024-08-05,35.5,-97.5,630
2024-08-05,35.5,-97.0,90
2024-08-05,35.5,-96.5,90
2024-08-05,35.5,-96.0,90
2024-08-05,35.5,-95.5,270
2024-08-05,35.5,-95.0,180
2024-08-05,35.5,-94.5,90
2024-08-05,35.5,-83.0,450
2024-08-05,35.5,-81.5,270
2024-08-05,35.5,-81.0,270
2024-08-05,35.5,-80.5,90
2024-08-05,35.5,-79.5,180
2024-08-05,35.5,-79.0,180
2024-08-05,35.5,-78.5,360
2024-08-05,35.5,-77.5,270
2024-08-05,35.5,-77.0,450
2024-08-05,35.5,-76.5,180
2024-08-05,35.5,-76.0,540
2024-08-05,35.5,-75.5,540
2024-08-05,35.5,-75.0,270
2024-08-05,35.5,-74.5,360
2024-08-05,35.5,-74.0,450
2024-08-05,35.5,-73.5,450
2024-08-05,35.5,-72.5,360
2024-08-05,35.5,-72.0,180
2024-08-05,35.5,-69.0,90
2024-08-05,35.5,-68.5,90
2024-08-05,35.5,-67.0,90
2024-08-05,36.0,-116.0,90
2024-08-05,36.0,-115.0,360
2024-08-05,36.0,-114.5,90
2024-08-05,36.0,-114.0,450
2024-08-05,36.0,-113.5,1530
2024-08-05,36.0,-113.0,630
2024-08-05,36.0,-112.5,1530
2024-08-05,36.0,-112.0,900
2024-08-05,36.0,-111.5,90
2024-08-05,36.0,-111.0,270
2024-08-05,36.0,-110.5,900
2024-08-05,36.0,-110.0,2340
2024-08-05,36.0,-109.5,1980
2024-08-05,36.0,-109.0,1530
2024-08-05,36.0,-108.5,540
2024-08-05,36.0,-108.0,720
2024-08-05,36.0,-107.5,450
2024-08-05,36.0,-107.0,1800
2024-08-05,36.0,-106.5,1440
2024-08-05,36.0,-106.0,540
2024-08-05,36.0,-105.5,2700
2024-08-05,36.0,-105.0,2250
2024-08-05,36.0,-104.5,1080
2024-08-05,36.0,-104.0,810
2024-08-05,36.0,-103.5,1350
2024-08-05,36.0,-103.0,990
2024-08-05,36.0,-102.5,450
2024-08-05,36.0,-102.0,270
2024-08-05,36.0,-101.5,810
2024-08-05,36.0,-99.5,5040
2024-08-05,36.0,-99.0,5760
2024-08-05,36.0,-98.5,180
2024-08-05,36.0,-98.0,90
2024-08-05,36.0,-97.5,540
2024-08-05,36.0,-97.0,90
2024-08-05,36.0,-80.5,90
2024-08-05,36.0,-80.0,810
2024-08-05,36.0,-79.5,180
2024-08-05,36.0,-79.0,720
2024-08-05,36.0,-78.5,90
2024-08-05,36.0,-77.5,1980
2024-08-05,36.0,-77.0,810
2024-08-05,36.0,-76.5,1980
2024-08-05,36.0,-76.0,810
2024-08-05,36.0,-75.0,90
2024-08-05,36.0,-74.0,720
2024-08-05,36.0,-73.5,1440
2024-08-05,36.0,-73.0,990
2024-08-05,36.0,-72.5,990
2024-08-05,36.0,-72.0,360
2024-08-05,36.0,-71.5,360
2024-08-05,36.0,-71.0,180
2024-08-05,36.0,-70.5,180
2024-08-05,36.0,-70.0,270
2024-08-05,36.0,-69.5,450
2024-08-05,36.0,-67.5,90
2024-08-05,36.5,-116.0,90
2024-08-05,36.5,-115.5,180
2024-08-05,36.5,-114.5,90
2024-08-05,36.5,-114.0,990
2024-08-05,36.5,-113.5,900
2024-08-05,36.5,-113.0,990
2024-08-05,36.5,-112.5,1530
2024-08-05,36.5,-112.0,1080
2024-08-05,36.5,-111.5,540
2024-08-05,36.5,-111.0,450
2024-08-05,36.5,-110.5,900
2024-08-05,36.5,-110.0,990
2024-08-05,36.5,-109.5,1980
2024-08-05,36.5,-109.0,450
2024-08-05,36.5,-108.5,810
2024-08-05,36.5,-108.0,450
2024-08-05,36.5,-107.5,720
2024-08-05,36.5,-107.0,1530
2024-08-05,36.5,-106.5,630
2024-08-05,36.5,-106.0,1620
2024-08-05,36.5,-105.5,1260
2024-08-05,36.5,-105.0,1350
2024-08-05,36.5,-104.5,1170
2024-08-05,36.5,-104.0,270
2024-08-05,36.5,-103.5,540
2024-08-05,36.5,-103.0,270
2024-08-05,36.5,-102.5,540
2024-08-05,36.5,-102.0,540
2024-08-05,36.5,-100.5,90
2024-08-05,36.5,-99.5,1260
2024-08-05,36.5,-99.0,360
2024-08-05,36.5,-98.5,180
2024-08-05,36.5,-83.0,90
2024-08-05,36.5,-82.5,270
2024-08-05,36.5,-80.5,90
2024-08-05,36.5,-79.5,90
2024-08-05,36.5,-79.0,180
2024-08-05,36.5,-77.5,720
2024-08-05,36.5,-77.0,90
2024-08-05,36.5,-76.5,2430
2024-08-05,36.5,-76.0,360
2024-08-05,36.5,-74.0,180
2024-08-05,36.5,-73.5,450
2024-08-05,36.5,-73.0,1080
2024-08-05,36.5,-72.5,540
2024-08-05,36.5,-72.0,1170
2024-08-05,36.5,-71.5,540
2024-08-05,36.5,-71.0,270
2024-08-05,36.5,-70.5,270
2024-08-05,36.5,-70.0,630
2024-08-05,36.5,-69.5,270
2024-08-05,36.5,-68.5,180
2024-08-05,36.5,-67.5,90
2024-08-05,37.0,-119.0,90
2024-08-05,37.0,-115.5,180
2024-08-05,37.0,-115.0,90
2024-08-05,37.0,-114.5,540
2024-08-05,37.0,-114.0,180
2024-08-05,37.0,-113.5,540
2024-08-05,37.0,-113.0,1080
2024-08-05,37.0,-112.5,900
2024-08-05,37.0,-112.0,1080
2024-08-05,37.0,-111.5,270
2024-08-05,37.0,-111.0,180
2024-08-05,37.0,-110.5,90
2024-08-05,37.0,-110.0,990
2024-08-05,37.0,-109.5,450
2024-08-05,37.0,-109.0,990
2024-08-05,37.0,-108.5,1260
2024-08-05,37.0,-108.0,540
2024-08-05,37.0,-107.5,720
2024-08-05,37.0,-107.0,1080
2024-08-05,37.0,-106.5,990
2024-08-05,37.0,-106.0,990
2024-08-05,37.0,-105.5,900
2024-08-05,37.0,-105.0,990
2024-08-05,37.0,-104.5,900
2024-08-05,37.0,-104.0,810
2024-08-05,37.0,-103.5,1980
2024-08-05,37.0,-103.0,270
2024-08-05,37.0,-102.5,90
2024-08-05,37.0,-99.5,90
2024-08-05,37.0,-99.0,90
2024-08-05,37.0,-98.5,180
2024-08-05,37.0,-98.0,90
2024-08-05,37.0,-97.5,90
2024-08-05,37.0,-97.0,90
2024-08-05,37.0,-96.5,90
2024-08-05,37.0,-96.0,180
2024-08-05,37.0,-95.0,90
2024-08-05,37.0,-84.5,630
2024-08-05,37.0,-82.5,90
2024-08-05,37.0,-82.0,270
2024-08-05,37.0,-77.0,360
2024-08-05,37.0,-76.5,90
2024-08-05,37.0,-73.0,180
2024-08-05,37.0,-72.5,450
2024-08-05,37.0,-72.0,1080
2024-08-05,37.0,-71.5,900
2024-08-05,37.0,-71.0,360
2024-08-05,37.0,-70.5,360
2024-08-05,37.0,-70.0,90
2024-08-05,37.0,-66.5,270
2024-08-05,37.5,-118.0,90
2024-08-05,37.5,-116.0,90
2024-08-05,37.5,-115.5,180
2024-08-05,37.5,-115.0,360
2024-08-05,37.5,-114.5,540
2024-08-05,37.5,-114.0,1080
2024-08-05,37.5,-113.5,1440
2024-08-05,37.5,-113.0,2070
2024-08-05,37.5,-112.5,1530
2024-08-05,37.5,-112.0,1170
2024-08-05,37.5,-111.5,450
2024-08-05,37.5,-111.0,540
2024-08-05,37.5,-110.5,270
2024-08-05,37.5,-110.0,1800
2024-08-05,37.5,-109.5,540
2024-08-05,37.5,-109.0,990
2024-08-05,37.5,-108.5,1170
2024-08-05,37.5,-108.0,1080
2024-08-05,37.5,-107.5,720
2024-08-05,37.5,-107.0,900
2024-08-05,37.5,-106.5,720
2024-08-05,37.5,-106.0,810
2024-08-05,37.5,-105.5,720
2024-08-05,37.5,-105.0,360
2024-08-05,37.5,-104.5,450
2024-08-05,37.5,-104.0,540
2024-08-05,37.5,-103.5,270
2024-08-05,37.5,-103.0,1260
2024-08-05,37.5,-102.5,90
2024-08-05,37.5,-99.5,270
2024-08-05,37.5,-99.0,180
2024-08-05,37.5,-98.5,90
2024-08-05,37.5,-97.0,360
2024-08-05,37.5,-96.5,180
2024-08-05,37.5,-96.0,90
2024-08-05,37.5,-95.5,360
2024-08-05,37.5,-84.0,90
2024-08-05,37.5,-82.0,90
2024-08-05,37.5,-81.5,180
2024-08-05,37.5,-78.5,90
2024-08-05,37.5,-77.5,450
2024-08-05,37.5,-77.0,180
2024-08-05,37.5,-76.5,180
2024-08-05,37.5,-76.0,90
2024-08-05,37.5,-75.0,90
2024-08-05,37.5,-72.5,90
2024-08-05,37.5,-72.0,180
2024-08-05,37.5,-71.5,180
2024-08-05,37.5,-71.0,270
2024-08-05,37.5,-70.5,90
2024-08-05,37.5,-70.0,630
2024-08-05,37.5,-69.5,90
2024-08-05,37.5,-69.0,90
2024-08-05,37.5,-66.0,90
2024-08-05,38.0,-115.5,90
2024-08-05,38.0,-115.0,720
2024-08-05,38.0,-114.5,270
2024-08-05,38.0,-114.0,810
2024-08-05,38.0,-113.5,630
2024-08-05,38.0,-113.0,630
2024-08-05,38.0,-112.5,1530
2024-08-05,38.0,-112.0,450
2024-08-05,38.0,-111.5,990
2024-08-05,38.0,-111.0,1170
2024-08-05,38.0,-110.5,450
2024-08-05,38.0,-110.0,720
2024-08-05,38.0,-109.5,630
2024-08-05,38.0,-109.0,720
2024-08-05,38.0,-108.5,810
2024-08-05,38.0,-108.0,360
2024-08-05,38.0,-107.5,270
2024-08-05,38.0,-107.0,720
2024-08-05,38.0,-106.5,360
2024-08-05,38.0,-106.0,630
2024-08-05,38.0,-105.5,990
2024-08-05,38.0,-105.0,720
2024-08-05,38.0,-104.5,90
2024-08-05,38.0,-104.0,180
2024-08-05,38.0,-103.0,360
2024-08-05,38.0,-102.5,450
2024-08-05,38.0,-102.0,540
2024-08-05,38.0,-101.5,90
2024-08-05,38.0,-101.0,270
2024-08-05,38.0,-100.5,180
2024-08-05,38.0,-100.0,90
2024-08-05,38.0,-99.5,90
2024-08-05,38.0,-99.0,180
2024-08-05,38.0,-98.0,90
2024-08-05,38.0,-97.5,90
2024-08-05,38.0,-97.0,900
2024-08-05,38.0,-96.5,180
2024-08-05,38.0,-96.0,360
2024-08-05,38.0,-82.5,270
2024-08-05,38.0,-82.0,1710
2024-08-05,38.0,-81.5,90
2024-08-05,38.0,-79.0,90
2024-08-05,38.0,-78.5,90
2024-08-05,38.0,-78.0,180
2024-08-05,38.0,-77.5,540
2024-08-05,38.0,-73.0,90
2024-08-05,38.0,-72.5,90
2024-08-05,38.0,-72.0,180
2024-08-05,38.0,-70.5,90
2024-08-05,38.0,-70.0,180
2024-08-05,38.0,-69.0,450
2024-08-05,38.0,-68.5,180
2024-08-05,38.0,-66.5,270
2024-08-05,38.5,-119.5,360
2024-08-05,38.5,-119.0,270
2024-08-05,38.5,-118.5,90
2024-08-05,38.5,-117.5,90
2024-08-05,38.5,-116.0,90
2024-08-05,38.5,-115.0,90
2024-08-05,38.5,-114.5,180
2024-08-05,38.5,-114.0,90
2024-08-05,38.5,-113.5,810
2024-08-05,38.5,-113.0,1080
2024-08-05,38.5,-112.5,1170
2024-08-05,38.5,-112.0,540
2024-08-05,38.5,-111.5,810
2024-08-05,38.5,-111.0,900
2024-08-05,38.5,-110.5,270
2024-08-05,38.5,-110.0,270
2024-08-05,38.5,-109.5,540
2024-08-05,38.5,-109.0,1080
2024-08-05,38.5,-108.5,360
2024-08-05,38.5,-108.0,540
2024-08-05,38.5,-107.5,450
2024-08-05,38.5,-107.0,540
2024-08-05,38.5,-106.5,810
2024-08-05,38.5,-106.0,1530
2024-08-05,38.5,-105.5,1530
2024-08-05,38.5,-105.0,1170
2024-08-05,38.5,-104.5,630
2024-08-05,38.5,-104.0,90
2024-08-05,38.5,-103.5,360
2024-08-05,38.5,-103.0,1440
2024-08-05,38.5,-102.5,720
2024-08-05,38.5,-102.0,630
2024-08-05,38.5,-101.5,90
2024-08-05,38.5,-100.5,360
2024-08-05,38.5,-100.0,990
2024-08-05,38.5,-99.5,990
2024-08-05,38.5,-99.0,360
2024-08-05,38.5,-98.5,1440
2024-08-05,38.5,-98.0,1350
2024-08-05,38.5,-97.5,990
2024-08-05,38.5,-97.0,1080
2024-08-05,38.5,-96.5,630
2024-08-05,38.5,-96.0,450
2024-08-05,38.5,-86.0,270
2024-08-05,38.5,-81.5,180
2024-08-05,38.5,-81.0,630
2024-08-05,38.5,-80.5,90
2024-08-05,38.5,-79.5,90
2024-08-05,38.5,-78.5,540
2024-08-05,38.5,-78.0,270
2024-08-05,38.5,-77.5,90
2024-08-05,38.5,-76.5,90
2024-08-05,38.5,-76.0,180
2024-08-05,38.5,-75.5,180
2024-08-05,38.5,-72.0,180
2024-08-05,38.5,-71.5,180
2024-08-05,38.5,-71.0,180
2024-08-05,38.5,-70.5,630
2024-08-05,38.5,-70.0,360
2024-08-05,38.5,-69.0,180
2024-08-05,39.0,-119.5,90
2024-08-05,39.0,-117.0,90
2024-08-05,39.0,-116.5,180
2024-08-05,39.0,-115.5,90
2024-08-05,39.0,-115.0,90
2024-08-05,39.0,-114.5,90
2024-08-05,39.0,-113.5,180
2024-08-05,39.0,-112.5,180
2024-08-05,39.0,-112.0,360
2024-08-05,39.0,-111.5,630
2024-08-05,39.0,-111.0,450
2024-08-05,39.0,-110.5,540
2024-08-05,39.0,-110.0,540
2024-08-05,39.0,-109.5,720
2024-08-05,39.0,-109.0,360
2024-08-05,39.0,-108.5,360
2024-08-05,39.0,-108.0,450
2024-08-05,39.0,-107.5,540
2024-08-05,39.0,-107.0,540
2024-08-05,39.0,-106.5,180
2024-08-05,39.0,-106.0,810
2024-08-05,39.0,-105.5,1170
2024-08-05,39.0,-105.0,540
2024-08-05,39.0,-104.5,900
2024-08-05,39.0,-104.0,180
2024-08-05,39.0,-103.5,540
2024-08-05,39.0,-103.0,720
2024-08-05,39.0,-102.5,1260
2024-08-05,39.0,-102.0,900
2024-08-05,39.0,-101.5,900
2024-08-05,39.0,-101.0,1530
2024-08-05,39.0,-100.5,1260
2024-08-05,39.0,-100.0,720
2024-08-05,39.0,-99.5,720
2024-08-05,39.0,-99.0,360
2024-08-05,39.0,-98.5,630
2024-08-05,39.0,-98.0,540
2024-08-05,39.0,-97.5,450
2024-08-05,39.0,-97.0,90
2024-08-05,39.0,-96.5,90
2024-08-05,39.0,-86.0,270
2024-08-05,39.0,-85.5,630
2024-08-05,39.0,-85.0,450
2024-08-05,39.0,-81.0,2430
2024-08-05,39.0,-80.5,180
2024-08-05,39.0,-80.0,720
2024-08-05,39.0,-79.0,900
2024-08-05,39.0,-78.5,1350
2024-08-05,39.0,-78.0,1260
2024-08-05,39.0,-77.5,450
2024-08-05,39.0,-76.5,720
2024-08-05,39.0,-72.5,90
2024-08-05,39.0,-71.5,360
2024-08-05,39.0,-71.0,450
2024-08-05,39.0,-70.0,90
2024-08-05,39.0,-69.5,270
2024-08-05,39.0,-69.0,270
2024-08-05,39.0,-68.0,90
2024-08-05,39.5,-117.0,180
2024-08-05,39.5,-116.5,360
2024-08-05,39.5,-116.0,90
2024-08-05,39.5,-114.0,90
2024-08-05,39.5,-113.0,360
2024-08-05,39.5,-112.5,90
2024-08-05,39.5,-112.0,450
2024-08-05,39.5,-111.5,720
2024-08-05,39.5,-111.0,540
2024-08-05,39.5,-110.5,720
2024-08-05,39.5,-110.0,1080
2024-08-05,39.5,-109.5,1350
2024-08-05,39.5,-109.0,2070
2024-08-05,39.5,-108.5,900
2024-08-05,39.5,-108.0,1260
2024-08-05,39.5,-107.5,900
2024-08-05,39.5,-107.0,900
2024-08-05,39.5,-106.5,720
2024-08-05,39.5,-105.5,1170
2024-08-05,39.5,-105.0,900
2024-08-05,39.5,-104.5,1170
2024-08-05,39.5,-103.0,1260
2024-08-05,39.5,-102.5,3510
2024-08-05,39.5,-102.0,360
2024-08-05,39.5,-101.0,630
2024-08-05,39.5,-100.0,90
2024-08-05,39.5,-85.5,270
2024-08-05,39.5,-85.0,3240
2024-08-05,39.5,-84.5,2160
2024-08-05,39.5,-84.0,450
2024-08-05,39.5,-80.5,900
2024-08-05,39.5,-79.0,1440
2024-08-05,39.5,-78.5,2160
2024-08-05,39.5,-78.0,2700
2024-08-05,39.5,-77.5,2700
2024-08-05,39.5,-77.0,1080
2024-08-05,39.5,-76.5,1890
2024-08-05,39.5,-76.0,270
2024-08-05,39.5,-75.5,450
2024-08-05,39.5,-75.0,630
2024-08-05,39.5,-74.5,1710
2024-08-05,39.5,-74.0,360
2024-08-05,39.5,-71.0,270
2024-08-05,39.5,-70.5,90
2024-08-05,39.5,-70.0,180
2024-08-05,39.5,-69.5,180
2024-08-05,39.5,-68.5,90
2024-08-05,39.5,-66.0,180
2024-08-05,39.5,-65.5,90
2024-08-05,40.0,-117.0,90
2024-08-05,40.0,-116.5,270
2024-08-05,40.0,-115.5,90
2024-08-05,40.0,-115.0,180
2024-08-05,40.0,-114.5,450
2024-08-05,40.0,-114.0,180
2024-08-05,40.0,-113.5,90
2024-08-05,40.0,-112.5,90
2024-08-05,40.0,-112.0,270
2024-08-05,40.0,-111.0,990
2024-08-05,40.0,-110.5,360
2024-08-05,40.0,-110.0,180
2024-08-05,40.0,-109.5,90
2024-08-05,40.0,-109.0,270
2024-08-05,40.0,-108.5,810
2024-08-05,40.0,-108.0,720
2024-08-05,40.0,-107.5,270
2024-08-05,40.0,-107.0,540
2024-08-05,40.0,-106.5,540
2024-08-05,40.0,-106.0,630
2024-08-05,40.0,-105.5,450
2024-08-05,40.0,-105.0,540
2024-08-05,40.0,-104.5,540
2024-08-05,40.0,-104.0,90
2024-08-05,40.0,-103.0,270
2024-08-05,40.0,-102.5,180
2024-08-05,40.0,-102.0,180
2024-08-05,40.0,-101.0,90
2024-08-05,40.0,-100.5,90
2024-08-05,40.0,-99.0,90
2024-08-05,40.0,-97.0,90
2024-08-05,40.0,-94.5,90
2024-08-05,40.0,-85.5,90
2024-08-05,40.0,-85.0,3060
2024-08-05,40.0,-84.5,3240
2024-08-05,40.0,-84.0,3060
2024-08-05,40.0,-82.0,90
2024-08-05,40.0,-81.5,90
2024-08-05,40.0,-81.0,450
2024-08-05,40.0,-80.5,900
2024-08-05,40.0,-80.0,540
2024-08-05,40.0,-79.5,270
2024-08-05,40.0,-78.5,1170
2024-08-05,40.0,-78.0,1170
2024-08-05,40.0,-77.5,1800
2024-08-05,40.0,-77.0,1980
2024-08-05,40.0,-76.5,2070
2024-08-05,40.0,-76.0,1710
2024-08-05,40.0,-75.5,540
2024-08-05,40.0,-75.0,3870
2024-08-05,40.0,-74.5,5400
2024-08-05,40.0,-74.0,2160
2024-08-05,40.0,-70.5,90
2024-08-05,40.0,-70.0,90
2024-08-05,40.0,-68.5,270
2024-08-05,40.0,-67.0,90
2024-08-05,40.0,-66.0,360
2024-08-05,40.0,-65.5,540
2024-08-05,40.5,-116.5,90
2024-08-05,40.5,-114.5,90
2024-08-05,40.5,-111.5,180
2024-08-05,40.5,-111.0,270
2024-08-05,40.5,-110.5,810
2024-08-05,40.5,-110.0,990
2024-08-05,40.5,-109.0,180
2024-08-05,40.5,-108.5,360
2024-08-05,40.5,-108.0,450
2024-08-05,40.5,-107.5,990
2024-08-05,40.5,-107.0,270
2024-08-05,40.5,-106.5,180
2024-08-05,40.5,-106.0,630
2024-08-05,40.5,-105.5,540
2024-08-05,40.5,-105.0,360
2024-08-05,40.5,-104.5,1620
2024-08-05,40.5,-104.0,720
2024-08-05,40.5,-103.5,810
2024-08-05,40.5,-103.0,270
2024-08-05,40.5,-102.5,180
2024-08-05,40.5,-102.0,1080
2024-08-05,40.5,-101.5,1800
2024-08-05,40.5,-101.0,450
2024-08-05,40.5,-100.5,540
2024-08-05,40.5,-100.0,810
2024-08-05,40.5,-99.5,450
2024-08-05,40.5,-99.0,180
2024-08-05,40.5,-97.0,90
2024-08-05,40.5,-96.0,90
2024-08-05,40.5,-86.5,90
2024-08-05,40.5,-85.0,540
2024-08-05,40.5,-84.5,990
2024-08-05,40.5,-84.0,2340
2024-08-05,40.5,-83.5,1530
2024-08-05,40.5,-83.0,90
2024-08-05,40.5,-82.5,90
2024-08-05,40.5,-82.0,360
2024-08-05,40.5,-81.5,720
2024-08-05,40.5,-81.0,1170
2024-08-05,40.5,-80.5,3600
2024-08-05,40.5,-80.0,1080
2024-08-05,40.5,-79.5,2790
2024-08-05,40.5,-79.0,2520
2024-08-05,40.5,-78.5,1170
2024-08-05,40.5,-78.0,1530
2024-08-05,40.5,-77.5,1080
2024-08-05,40.5,-77.0,270
2024-08-05,40.5,-76.5,90
2024-08-05,40.5,-76.0,450
2024-08-05,40.5,-75.5,1800
2024-08-05,40.5,-75.0,540
2024-08-05,40.5,-74.5,2070
2024-08-05,40.5,-74.0,2070
2024-08-05,40.5,-73.5,2430
2024-08-05,40.5,-73.0,1080
2024-08-05,40.5,-71.0,90
2024-08-05,40.5,-70.0,90
2024-08-05,40.5,-67.5,180
2024-08-05,40.5,-66.5,180
2024-08-05,40.5,-65.5,270
2024-08-05,41.0,-115.5,180
2024-08-05,41.0,-115.0,90
2024-08-05,41.0,-114.0,90
2024-08-05,41.0,-113.5,90
2024-08-05,41.0,-113.0,90
2024-08-05,41.0,-112.0,90
2024-08-05,41.0,-111.5,270
2024-08-05,41.0,-111.0,180
2024-08-05,41.0,-110.5,90
2024-08-05,41.0,-109.0,360
2024-08-05,41.0,-108.5,450
2024-08-05,41.0,-108.0,180
2024-08-05,41.0,-107.5,90
2024-08-05,41.0,-107.0,270
2024-08-05,41.0,-106.5,990
2024-08-05,41.0,-106.0,720
2024-08-05,41.0,-105.5,720
2024-08-05,41.0,-105.0,900
2024-08-05,41.0,-104.5,1170
2024-08-05,41.0,-104.0,180
2024-08-05,41.0,-103.5,270
2024-08-05,41.0,-103.0,180
2024-08-05,41.0,-102.5,540
2024-08-05,41.0,-102.0,90
2024-08-05,41.0,-101.5,1620
2024-08-05,41.0,-101.0,3240
2024-08-05,41.0,-100.5,990
2024-08-05,41.0,-100.0,900
2024-08-05,41.0,-99.5,720
2024-08-05,41.0,-99.0,540
2024-08-05,41.0,-98.5,180
2024-08-05,41.0,-98.0,1080
2024-08-05,41.0,-97.5,90
2024-08-05,41.0,-97.0,360
2024-08-05,41.0,-88.5,810
2024-08-05,41.0,-88.0,1710
2024-08-05,41.0,-87.5,270
2024-08-05,41.0,-87.0,810
2024-08-05,41.0,-86.5,450
2024-08-05,41.0,-86.0,810
2024-08-05,41.0,-85.5,180
2024-08-05,41.0,-85.0,540
2024-08-05,41.0,-84.5,1170
2024-08-05,41.0,-84.0,2430
2024-08-05,41.0,-83.5,1350
2024-08-05,41.0,-83.0,990
2024-08-05,41.0,-82.5,270
2024-08-05,41.0,-82.0,180
2024-08-05,41.0,-81.5,1170
2024-08-05,41.0,-81.0,450
2024-08-05,41.0,-80.5,1530
2024-08-05,41.0,-80.0,450
2024-08-05,41.0,-79.5,1080
2024-08-05,41.0,-79.0,180
2024-08-05,41.0,-78.5,450
2024-08-05,41.0,-78.0,450
2024-08-05,41.0,-77.0,540
2024-08-05,41.0,-76.5,90
2024-08-05,41.0,-76.0,180
2024-08-05,41.0,-75.0,90
2024-08-05,41.0,-74.5,180
2024-08-05,41.0,-74.0,180
2024-08-05,41.0,-73.5,270
2024-08-05,41.0,-72.0,180
2024-08-05,41.0,-71.0,360
2024-08-05,41.0,-70.5,90
2024-08-05,41.0,-70.0,90
2024-08-05,41.0,-69.0,90
2024-08-05,41.0,-68.5,90
2024-08-05,41.0,-65.5,360
2024-08-05,41.5,-114.5,90
2024-08-05,41.5,-114.0,180
2024-08-05,41.5,-113.5,630
2024-08-05,41.5,-113.0,90
2024-08-05,41.5,-112.5,180
2024-08-05,41.5,-112.0,360
2024-08-05,41.5,-111.5,90
2024-08-05,41.5,-111.0,270
2024-08-05,41.5,-110.5,270
2024-08-05,41.5,-110.0,90
2024-08-05,41.5,-109.5,90
2024-08-05,41.5,-109.0,450
2024-08-05,41.5,-108.5,90
2024-08-05,41.5,-108.0,90
2024-08-05,41.5,-107.5,630
2024-08-05,41.5,-107.0,810
2024-08-05,41.5,-106.5,450
2024-08-05,41.5,-106.0,540
2024-08-05,41.5,-105.5,720
2024-08-05,41.5,-105.0,630
2024-08-05,41.5,-104.5,810
2024-08-05,41.5,-104.0,1530
2024-08-05,41.5,-103.5,540
2024-08-05,41.5,-103.0,1170
2024-08-05,41.5,-102.5,1080
2024-08-05,41.5,-102.0,360
2024-08-05,41.5,-101.5,270
2024-08-05,41.5,-101.0,180
2024-08-05,41.5,-100.5,270
2024-08-05,41.5,-100.0,270
2024-08-05,41.5,-99.5,270
2024-08-05,41.5,-99.0,1350
2024-08-05,41.5,-98.5,1080
2024-08-05,41.5,-98.0,1890
2024-08-05,41.5,-97.5,450
2024-08-05,41.5,-96.5,180
2024-08-05,41.5,-90.0,540
2024-08-05,41.5,-89.5,990
2024-08-05,41.5,-89.0,180
2024-08-05,41.5,-88.5,1710
2024-08-05,41.5,-88.0,1530
2024-08-05,41.5,-87.5,1710
2024-08-05,41.5,-87.0,540
2024-08-05,41.5,-86.5,90
2024-08-05,41.5,-86.0,270
2024-08-05,41.5,-85.5,540
2024-08-05,41.5,-85.0,540
2024-08-05,41.5,-84.5,450
2024-08-05,41.5,-83.5,90
2024-08-05,41.5,-83.0,180
2024-08-05,41.5,-82.5,450
2024-08-05,41.5,-82.0,360
2024-08-05,41.5,-81.5,540
2024-08-05,41.5,-81.0,180
2024-08-05,41.5,-80.5,90
2024-08-05,41.5,-80.0,180
2024-08-05,41.5,-78.5,90
2024-08-05,41.5,-78.0,90
2024-08-05,41.5,-77.0,90
2024-08-05,41.5,-76.5,270
2024-08-05,41.5,-76.0,1620
2024-08-05,41.5,-73.0,90
2024-08-05,41.5,-72.5,90
2024-08-05,41.5,-68.0,90
2024-08-05,41.5,-66.0,90
2024-08-05,42.0,-122.5,90
2024-08-05,42.0,-117.5,90
2024-08-05,42.0,-114.0,180
2024-08-05,42.0,-113.0,270
2024-08-05,42.0,-112.5,180
2024-08-05,42.0,-112.0,360
2024-08-05,42.0,-111.5,90
2024-08-05,42.0,-111.0,180
2024-08-05,42.0,-110.5,270
2024-08-05,42.0,-110.0,360
2024-08-05,42.0,-109.5,540
2024-08-05,42.0,-108.5,180
2024-08-05,42.0,-108.0,450
2024-08-05,42.0,-107.5,720
2024-08-05,42.0,-107.0,900
2024-08-05,42.0,-106.5,630
2024-08-05,42.0,-106.0,990
2024-08-05,42.0,-105.5,180
2024-08-05,42.0,-105.0,630
2024-08-05,42.0,-104.5,540
2024-08-05,42.0,-104.0,270
2024-08-05,42.0,-103.5,720
2024-08-05,42.0,-103.0,720
2024-08-05,42.0,-102.5,360
2024-08-05,42.0,-102.0,450
2024-08-05,42.0,-101.5,1260
2024-08-05,42.0,-101.0,450
2024-08-05,42.0,-100.5,180
2024-08-05,42.0,-97.5,90
2024-08-05,42.0,-89.0,180
2024-08-05,42.0,-88.5,810
2024-08-05,42.0,-88.0,3690
2024-08-05,42.0,-87.5,720
2024-08-05,42.0,-87.0,180
2024-08-05,42.0,-86.5,1530
2024-08-05,42.0,-86.0,3510
2024-08-05,42.0,-85.5,1080
2024-08-05,42.0,-85.0,540
2024-08-05,42.0,-84.5,180
2024-08-05,42.0,-84.0,450
2024-08-05,42.0,-83.5,360
2024-08-05,42.0,-83.0,270
2024-08-05,42.0,-82.5,270
2024-08-05,42.0,-81.5,810
2024-08-05,42.0,-80.0,90
2024-08-05,42.0,-79.0,90
2024-08-05,42.0,-78.5,180
2024-08-05,42.0,-78.0,90
2024-08-05,42.0,-77.5,180
2024-08-05,42.0,-77.0,450
2024-08-05,42.0,-76.5,180
2024-08-05,42.0,-76.0,180
2024-08-05,42.0,-74.0,360
2024-08-05,42.0,-73.5,270
2024-08-05,42.5,-117.0,90
2024-08-05,42.5,-116.5,90
2024-08-05,42.5,-116.0,180
2024-08-05,42.5,-115.0,90
2024-08-05,42.5,-113.5,90
2024-08-05,42.5,-112.5,90
2024-08-05,42.5,-112.0,450
2024-08-05,42.5,-111.5,180
2024-08-05,42.5,-111.0,630
2024-08-05,42.5,-110.5,90
2024-08-05,42.5,-110.0,360
2024-08-05,42.5,-109.5,270
2024-08-05,42.5,-109.0,360
2024-08-05,42.5,-108.5,270
2024-08-05,42.5,-108.0,630
2024-08-05,42.5,-107.5,540
2024-08-05,42.5,-107.0,450
2024-08-05,42.5,-106.5,1080
2024-08-05,42.5,-106.0,360
2024-08-05,42.5,-105.5,450
2024-08-05,42.5,-105.0,1350
2024-08-05,42.5,-104.5,990
2024-08-05,42.5,-104.0,360
2024-08-05,42.5,-103.5,630
2024-08-05,42.5,-102.5,360
2024-08-05,42.5,-102.0,810
2024-08-05,42.5,-101.5,1980
2024-08-05,42.5,-101.0,90
2024-08-05,42.5,-92.5,1620
2024-08-05,42.5,-92.0,270
2024-08-05,42.5,-91.0,270
2024-08-05,42.5,-90.5,720
2024-08-05,42.5,-90.0,450
2024-08-05,42.5,-89.5,270
2024-08-05,42.5,-89.0,360
2024-08-05,42.5,-88.5,90
2024-08-05,42.5,-88.0,90
2024-08-05,42.5,-87.5,630
2024-08-05,42.5,-87.0,2250
2024-08-05,42.5,-86.5,540
2024-08-05,42.5,-86.0,810
2024-08-05,42.5,-85.5,270
2024-08-05,42.5,-84.5,180
2024-08-05,42.5,-84.0,270
2024-08-05,42.5,-83.5,360
2024-08-05,42.5,-83.0,90
2024-08-05,42.5,-82.5,450
2024-08-05,42.5,-82.0,540
2024-08-05,42.5,-81.5,90
2024-08-05,42.5,-81.0,360
2024-08-05,42.5,-80.5,90
2024-08-05,42.5,-80.0,540
2024-08-05,42.5,-79.5,270
2024-08-05,42.5,-79.0,360
2024-08-05,42.5,-78.5,720
2024-08-05,42.5,-78.0,180
2024-08-05,42.5,-77.0,180
2024-08-05,42.5,-76.5,450
2024-08-05,42.5,-76.0,180
2024-08-05,42.5,-75.5,90
2024-08-05,42.5,-74.0,90
2024-08-05,42.5,-73.5,1080
2024-08-05,42.5,-73.0,90
2024-08-05,42.5,-72.5,180
2024-08-05,42.5,-72.0,900
2024-08-05,42.5,-65.5,90
2024-08-05,43.0,-115.5,180
2024-08-05,43.0,-111.5,180
2024-08-05,43.0,-111.0,270
2024-08-05,43.0,-110.5,360
2024-08-05,43.0,-110.0,450
2024-08-05,43.0,-109.5,450
2024-08-05,43.0,-109.0,90
2024-08-05,43.0,-108.5,270
2024-08-05,43.0,-108.0,720
2024-08-05,43.0,-107.5,180
2024-08-05,43.0,-107.0,720
2024-08-05,43.0,-106.5,180
2024-08-05,43.0,-106.0,810
2024-08-05,43.0,-105.5,450
2024-08-05,43.0,-105.0,720
2024-08-05,43.0,-104.5,450
2024-08-05,43.0,-104.0,630
2024-08-05,43.0,-103.5,990
2024-08-05,43.0,-103.0,1170
2024-08-05,43.0,-102.5,2430
2024-08-05,43.0,-102.0,450
2024-08-05,43.0,-101.5,270
2024-08-05,43.0,-96.5,180
2024-08-05,43.0,-94.0,360
2024-08-05,43.0,-93.5,990
2024-08-05,43.0,-93.0,2520
2024-08-05,43.0,-92.5,720
2024-08-05,43.0,-92.0,1080
2024-08-05,43.0,-91.5,2970
2024-08-05,43.0,-91.0,1440
2024-08-05,43.0,-90.5,2610
2024-08-05,43.0,-90.0,450
2024-08-05,43.0,-89.5,360
2024-08-05,43.0,-88.5,90
2024-08-05,43.0,-81.0,90
2024-08-05,43.0,-80.0,90
2024-08-05,43.0,-79.5,90
2024-08-05,43.0,-79.0,540
2024-08-05,43.0,-78.5,90
2024-08-05,43.0,-78.0,540
2024-08-05,43.0,-77.5,360
2024-08-05,43.0,-77.0,270
2024-08-05,43.0,-76.5,90
2024-08-05,43.0,-76.0,450
2024-08-05,43.0,-75.5,90
2024-08-05,43.0,-74.5,270
2024-08-05,43.0,-73.5,450
2024-08-05,43.0,-73.0,180
2024-08-05,43.0,-72.5,360
2024-08-05,43.0,-72.0,450
2024-08-05,43.0,-71.5,180
2024-08-05,43.0,-71.0,90
2024-08-05,43.0,-70.5,900
2024-08-05,43.0,-70.0,270
2024-08-05,43.0,-69.5,1170
2024-08-05,43.0,-69.0,990
2024-08-05,43.0,-65.5,90
2024-08-05,43.5,-117.0,90
2024-08-05,43.5,-116.5,90
2024-08-05,43.5,-115.5,270
2024-08-05,43.5,-114.5,180
2024-08-05,43.5,-114.0,180
2024-08-05,43.5,-113.5,180
2024-08-05,43.5,-113.0,360
2024-08-05,43.5,-111.5,180
2024-08-05,43.5,-111.0,90
2024-08-05,43.5,-110.5,180
2024-08-05,43.5,-110.0,180
2024-08-05,43.5,-109.5,180
2024-08-05,43.5,-109.0,720
2024-08-05,43.5,-108.5,540
2024-08-05,43.5,-108.0,90
2024-08-05,43.5,-107.5,270
2024-08-05,43.5,-107.0,270
2024-08-05,43.5,-106.5,180
2024-08-05,43.5,-106.0,450
2024-08-05,43.5,-105.5,1080
2024-08-05,43.5,-105.0,1260
2024-08-05,43.5,-104.5,630
2024-08-05,43.5,-104.0,180
2024-08-05,43.5,-103.5,180
2024-08-05,43.5,-103.0,990
2024-08-05,43.5,-101.0,90
2024-08-05,43.5,-94.5,720
2024-08-05,43.5,-94.0,540
2024-08-05,43.5,-93.5,4590
2024-08-05,43.5,-93.0,1800
2024-08-05,43.5,-92.5,2070
2024-08-05,43.5,-92.0,2520
2024-08-05,43.5,-91.5,450
2024-08-05,43.5,-91.0,630
2024-08-05,43.5,-90.5,90
2024-08-05,43.5,-90.0,180
2024-08-05,43.5,-86.5,180
2024-08-05,43.5,-85.5,360
2024-08-05,43.5,-85.0,90
2024-08-05,43.5,-80.0,90
2024-08-05,43.5,-78.5,90
2024-08-05,43.5,-78.0,180
2024-08-05,43.5,-76.5,180
2024-08-05,43.5,-76.0,90
2024-08-05,43.5,-73.5,450
2024-08-05,43.5,-73.0,540
2024-08-05,43.5,-72.5,360
2024-08-05,43.5,-72.0,810
2024-08-05,43.5,-71.5,540
2024-08-05,43.5,-71.0,270
2024-08-05,43.5,-70.5,630
2024-08-05,43.5,-70.0,360
2024-08-05,43.5,-69.5,180
2024-08-05,43.5,-69.0,450
2024-08-05,43.5,-68.5,1980
2024-08-05,43.5,-68.0,630
2024-08-05,43.5,-67.0,360
2024-08-05,43.5,-66.5,180
2024-08-05,44.0,-121.0,270
2024-08-05,44.0,-119.5,90
2024-08-05,44.0,-115.5,90
2024-08-05,44.0,-115.0,180
2024-08-05,44.0,-114.5,180
2024-08-05,44.0,-114.0,180
2024-08-05,44.0,-113.5,630
2024-08-05,44.0,-113.0,270
2024-08-05,44.0,-112.5,90
2024-08-05,44.0,-110.5,180
2024-08-05,44.0,-110.0,270
2024-08-05,44.0,-109.5,540
2024-08-05,44.0,-109.0,270
2024-08-05,44.0,-108.5,270
2024-08-05,44.0,-107.5,180
2024-08-05,44.0,-107.0,360
2024-08-05,44.0,-106.5,990
2024-08-05,44.0,-106.0,990
2024-08-05,44.0,-105.5,1080
2024-08-05,44.0,-105.0,450
2024-08-05,44.0,-104.5,180
2024-08-05,44.0,-104.0,720
2024-08-05,44.0,-103.5,810
2024-08-05,44.0,-103.0,270
2024-08-05,44.0,-102.5,270
2024-08-05,44.0,-102.0,450
2024-08-05,44.0,-101.0,180
2024-08-05,44.0,-97.0,90
2024-08-05,44.0,-95.0,90
2024-08-05,44.0,-94.5,270
2024-08-05,44.0,-94.0,720
2024-08-05,44.0,-93.5,1080
2024-08-05,44.0,-93.0,1260
2024-08-05,44.0,-92.5,270
2024-08-05,44.0,-91.5,180
2024-08-05,44.0,-88.5,270
2024-08-05,44.0,-87.5,180
2024-08-05,44.0,-87.0,540
2024-08-05,44.0,-86.5,450
2024-08-05,44.0,-86.0,450
2024-08-05,44.0,-81.0,270
2024-08-05,44.0,-80.5,270
2024-08-05,44.0,-80.0,270
2024-08-05,44.0,-79.5,270
2024-08-05,44.0,-74.0,90
2024-08-05,44.0,-72.5,90
2024-08-05,44.0,-72.0,720
2024-08-05,44.0,-71.5,180
2024-08-05,44.0,-71.0,90
2024-08-05,44.0,-69.0,270
2024-08-05,44.0,-68.5,180
2024-08-05,44.0,-68.0,180
2024-08-05,44.0,-67.5,90
2024-08-05,44.0,-67.0,90
2024-08-05,44.5,-122.5,90
2024-08-05,44.5,-121.5,90
2024-08-05,44.5,-121.0,180
2024-08-05,44.5,-120.5,270
2024-08-05,44.5,-120.0,180
2024-08-05,44.5,-119.5,90
2024-08-05,44.5,-119.0,270
2024-08-05,44.5,-118.0,270
2024-08-05,44.5,-116.0,90
2024-08-05,44.5,-115.5,180
2024-08-05,44.5,-115.0,180
2024-08-05,44.5,-114.5,180
2024-08-05,44.5,-114.0,180
2024-08-05,44.5,-113.5,90
2024-08-05,44.5,-113.0,180
2024-08-05,44.5,-112.0,270
2024-08-05,44.5,-111.5,270
2024-08-05,44.5,-111.0,270
2024-08-05,44.5,-110.5,270
2024-08-05,44.5,-110.0,720
2024-08-05,44.5,-109.5,990
2024-08-05,44.5,-109.0,270
2024-08-05,44.5,-108.5,90
2024-08-05,44.5,-108.0,90
2024-08-05,44.5,-107.5,90
2024-08-05,44.5,-107.0,180
2024-08-05,44.5,-106.5,180
2024-08-05,44.5,-106.0,450
2024-08-05,44.5,-105.5,1080
2024-08-05,44.5,-105.0,810
2024-08-05,44.5,-104.5,990
2024-08-05,44.5,-104.0,270
2024-08-05,44.5,-103.5,720
2024-08-05,44.5,-103.0,630
2024-08-05,44.5,-102.0,180
2024-08-05,44.5,-101.0,810
2024-08-05,44.5,-100.0,270
2024-08-05,44.5,-99.5,90
2024-08-05,44.5,-99.0,180
2024-08-05,44.5,-98.5,450
2024-08-05,44.5,-98.0,540
2024-08-05,44.5,-97.5,540
2024-08-05,44.5,-96.5,180
2024-08-05,44.5,-96.0,720
2024-08-05,44.5,-95.5,90
2024-08-05,44.5,-95.0,180
2024-08-05,44.5,-94.0,90
2024-08-05,44.5,-92.5,90
2024-08-05,44.5,-92.0,90
2024-08-05,44.5,-91.5,90
2024-08-05,44.5,-87.5,990
2024-08-05,44.5,-86.5,90
2024-08-05,44.5,-82.5,90
2024-08-05,44.5,-81.5,90
2024-08-05,44.5,-81.0,180
2024-08-05,44.5,-79.5,180
2024-08-05,44.5,-77.5,90
2024-08-05,44.5,-76.0,90
2024-08-05,44.5,-74.5,630
2024-08-05,44.5,-73.0,90
2024-08-05,44.5,-72.5,90
2024-08-05,44.5,-70.5,90
2024-08-05,44.5,-69.5,180
2024-08-05,44.5,-69.0,90
2024-08-05,44.5,-68.5,90
2024-08-05,45.0,-122.5,90
2024-08-05,45.0,-122.0,180
2024-08-05,45.0,-121.0,180
2024-08-05,45.0,-120.5,90
2024-08-05,45.0,-119.5,90
2024-08-05,45.0,-119.0,90
2024-08-05,45.0,-118.0,270
2024-08-05,45.0,-117.0,90
2024-08-05,45.0,-115.5,180
2024-08-05,45.0,-115.0,90
2024-08-05,45.0,-114.5,270
2024-08-05,45.0,-114.0,90
2024-08-05,45.0,-113.5,180
2024-08-05,45.0,-113.0,360
2024-08-05,45.0,-111.5,270
2024-08-05,45.0,-111.0,90
2024-08-05,45.0,-110.5,180
2024-08-05,45.0,-110.0,450
2024-08-05,45.0,-109.5,630
2024-08-05,45.0,-109.0,270
2024-08-05,45.0,-108.5,450
2024-08-05,45.0,-108.0,360
2024-08-05,45.0,-107.5,360
2024-08-05,45.0,-106.5,90
2024-08-05,45.0,-106.0,1260
2024-08-05,45.0,-105.5,450
2024-08-05,45.0,-105.0,1890
2024-08-05,45.0,-104.5,180
2024-08-05,45.0,-104.0,900
2024-08-05,45.0,-103.5,360
2024-08-05,45.0,-103.0,450
2024-08-05,45.0,-102.5,90
2024-08-05,45.0,-101.5,90
2024-08-05,45.0,-99.5,180
2024-08-05,45.0,-99.0,270
2024-08-05,45.0,-98.5,90
2024-08-05,45.0,-98.0,360
2024-08-05,45.0,-97.5,90
2024-08-05,45.0,-97.0,90
2024-08-05,45.0,-96.5,90
2024-08-05,45.0,-95.5,180
2024-08-05,45.0,-95.0,90
2024-08-05,45.0,-94.5,180
2024-08-05,45.0,-94.0,180
2024-08-05,45.0,-88.0,180
2024-08-05,45.0,-79.0,90
2024-08-05,45.0,-73.5,360
2024-08-05,45.0,-73.0,270
2024-08-05,45.0,-72.5,90
2024-08-05,45.0,-71.0,90
2024-08-05,45.5,-122.0,90
2024-08-05,45.5,-121.5,90
2024-08-05,45.5,-120.5,90
2024-08-05,45.5,-118.5,180
2024-08-05,45.5,-117.5,90
2024-08-05,45.5,-117.0,270
2024-08-05,45.5,-116.5,90
2024-08-05,45.5,-116.0,540
2024-08-05,45.5,-115.5,450
2024-08-05,45.5,-115.0,90
2024-08-05,45.5,-114.5,180
2024-08-05,45.5,-114.0,270
2024-08-05,45.5,-113.5,360
2024-08-05,45.5,-113.0,270
2024-08-05,45.5,-112.5,90
2024-08-05,45.5,-112.0,630
2024-08-05,45.5,-111.5,360
2024-08-05,45.5,-111.0,270
2024-08-05,45.5,-110.5,360
2024-08-05,45.5,-110.0,270
2024-08-05,45.5,-109.5,360
2024-08-05,45.5,-109.0,540
2024-08-05,45.5,-108.5,360
2024-08-05,45.5,-108.0,1350
2024-08-05,45.5,-107.5,1710
2024-08-05,45.5,-107.0,1710
2024-08-05,45.5,-106.5,450
2024-08-05,45.5,-106.0,540
2024-08-05,45.5,-105.5,180
2024-08-05,45.5,-105.0,1890
2024-08-05,45.5,-104.5,1170
2024-08-05,45.5,-104.0,720
2024-08-05,45.5,-103.5,990
2024-08-05,45.5,-103.0,990
2024-08-05,45.5,-102.5,540
2024-08-05,45.5,-102.0,1170
2024-08-05,45.5,-101.5,180
2024-08-05,45.5,-101.0,90
2024-08-05,45.5,-100.5,270
2024-08-05,45.5,-100.0,90
2024-08-05,45.5,-99.5,360
2024-08-05,45.5,-99.0,630
2024-08-05,45.5,-98.5,540
2024-08-05,45.5,-98.0,810
2024-08-05,45.5,-97.5,450
2024-08-05,45.5,-97.0,1620
2024-08-05,45.5,-96.5,900
2024-08-05,45.5,-96.0,990
2024-08-05,45.5,-95.5,810
2024-08-05,45.5,-95.0,540
2024-08-05,45.5,-94.5,90
2024-08-05,45.5,-78.5,270
2024-08-05,45.5,-74.5,90
2024-08-05,45.5,-74.0,90
2024-08-05,45.5,-73.5,180
2024-08-05,45.5,-73.0,90
2024-08-05,45.5,-72.5,90
2024-08-05,45.5,-72.0,180
2024-08-05,45.5,-71.5,90
2024-08-05,45.5,-68.0,90
2024-08-05,46.0,-120.5,180
2024-08-05,46.0,-120.0,90
2024-08-05,46.0,-118.0,270
2024-08-05,46.0,-117.5,90
2024-08-05,46.0,-117.0,180
2024-08-05,46.0,-115.5,180
2024-08-05,46.0,-115.0,450
2024-08-05,46.0,-114.5,270
2024-08-05,46.0,-114.0,270
2024-08-05,46.0,-113.5,90
2024-08-05,46.0,-113.0,270
2024-08-05,46.0,-112.5,450
2024-08-05,46.0,-112.0,540
2024-08-05,46.0,-111.5,360
2024-08-05,46.0,-111.0,360
2024-08-05,46.0,-110.5,990
2024-08-05,46.0,-110.0,270
2024-08-05,46.0,-109.5,1260
2024-08-05,46.0,-109.0,1440
2024-08-05,46.0,-108.5,540
2024-08-05,46.0,-108.0,180
2024-08-05,46.0,-107.5,270
2024-08-05,46.0,-107.0,630
2024-08-05,46.0,-106.5,1080
2024-08-05,46.0,-106.0,360
2024-08-05,46.0,-105.5,540
2024-08-05,46.0,-105.0,90
2024-08-05,46.0,-104.5,630
2024-08-05,46.0,-104.0,450
2024-08-05,46.0,-103.5,540
2024-08-05,46.0,-103.0,540
2024-08-05,46.0,-102.0,270
2024-08-05,46.0,-101.5,90
2024-08-05,46.0,-101.0,270
2024-08-05,46.0,-100.5,90
2024-08-05,46.0,-99.5,180
2024-08-05,46.0,-99.0,90
2024-08-05,46.0,-98.5,90
2024-08-05,46.0,-98.0,180
2024-08-05,46.0,-97.5,450
2024-08-05,46.0,-97.0,540
2024-08-05,46.0,-96.0,90
2024-08-05,46.0,-95.5,180
2024-08-05,46.0,-78.5,90
2024-08-05,46.0,-78.0,90
2024-08-05,46.0,-76.5,90
2024-08-05,46.0,-66.5,180
2024-08-05,46.5,-119.5,180
2024-08-05,46.5,-119.0,90
2024-08-05,46.5,-118.5,90
2024-08-05,46.5,-118.0,90
2024-08-05,46.5,-117.5,270
2024-08-05,46.5,-117.0,180
2024-08-05,46.5,-116.5,90
2024-08-05,46.5,-116.0,90
2024-08-05,46.5,-115.5,270
2024-08-05,46.5,-115.0,360
2024-08-05,46.5,-114.5,810
2024-08-05,46.5,-114.0,270
2024-08-05,46.5,-113.5,450
2024-08-05,46.5,-113.0,540
2024-08-05,46.5,-112.5,360
2024-08-05,46.5,-112.0,180
2024-08-05,46.5,-111.5,630
2024-08-05,46.5,-111.0,540
2024-08-05,46.5,-110.5,270
2024-08-05,46.5,-110.0,180
2024-08-05,46.5,-109.5,180
2024-08-05,46.5,-109.0,180
2024-08-05,46.5,-108.5,180
2024-08-05,46.5,-107.0,90
2024-08-05,46.5,-106.0,90
2024-08-05,46.5,-104.5,360
2024-08-05,46.5,-104.0,540
2024-08-05,46.5,-103.5,450
2024-08-05,46.5,-103.0,1170
2024-08-05,46.5,-102.5,180
2024-08-05,46.5,-102.0,180
2024-08-05,46.5,-101.5,450
2024-08-05,46.5,-101.0,450
2024-08-05,46.5,-100.5,270
2024-08-05,46.5,-100.0,450
2024-08-05,46.5,-99.5,540
2024-08-05,46.5,-99.0,450
2024-08-05,46.5,-98.5,270
2024-08-05,46.5,-96.5,180
2024-08-05,46.5,-91.5,90
2024-08-05,46.5,-77.5,90
2024-08-05,46.5,-73.0,90
2024-08-05,46.5,-67.5,180
2024-08-05,46.5,-67.0,90
2024-08-05,46.5,-66.5,90
2024-08-05,46.5,-66.0,180
2024-08-05,47.0,-121.5,270
2024-08-05,47.0,-118.0,90
2024-08-05,47.0,-117.5,90
2024-08-05,47.0,-117.0,90
2024-08-05,47.0,-116.5,180
2024-08-05,47.0,-116.0,540
2024-08-05,47.0,-115.5,90
2024-08-05,47.0,-115.0,270
2024-08-05,47.0,-114.5,270
2024-08-05,47.0,-114.0,540
2024-08-05,47.0,-113.5,90
2024-08-05,47.0,-111.5,90
2024-08-05,47.0,-111.0,90
2024-08-05,47.0,-110.0,90
2024-08-05,47.0,-109.0,270
2024-08-05,47.0,-108.5,180
2024-08-05,47.0,-108.0,180
2024-08-05,47.0,-107.5,90
2024-08-05,47.0,-107.0,180
2024-08-05,47.0,-106.5,180
2024-08-05,47.0,-105.0,90
2024-08-05,47.0,-103.5,90
2024-08-05,47.0,-103.0,90
2024-08-05,47.0,-102.5,180
2024-08-05,47.0,-101.5,90
2024-08-05,47.0,-100.5,720
2024-08-05,47.0,-100.0,180
2024-08-05,47.0,-99.5,270
2024-08-05,47.0,-99.0,90
2024-08-05,47.0,-97.5,90
2024-08-05,47.0,-97.0,90
2024-08-05,47.0,-79.5,180
2024-08-05,47.0,-79.0,360
2024-08-05,47.0,-78.0,90
2024-08-05,47.0,-75.5,90
2024-08-05,47.0,-68.0,90
2024-08-05,47.0,-67.5,720
2024-08-05,47.0,-67.0,270
2024-08-05,47.0,-66.5,90
2024-08-05,47.5,-121.0,90
2024-08-05,47.5,-119.0,90
2024-08-05,47.5,-118.0,90
2024-08-05,47.5,-117.0,180
2024-08-05,47.5,-116.5,180
2024-08-05,47.5,-116.0,90
2024-08-05,47.5,-115.5,270
2024-08-05,47.5,-115.0,180
2024-08-05,47.5,-114.5,270
2024-08-05,47.5,-114.0,90
2024-08-05,47.5,-113.5,90
2024-08-05,47.5,-113.0,180
2024-08-05,47.5,-112.5,360
2024-08-05,47.5,-112.0,450
2024-08-05,47.5,-111.5,540
2024-08-05,47.5,-111.0,180
2024-08-05,47.5,-110.0,90
2024-08-05,47.5,-109.5,450
2024-08-05,47.5,-109.0,180
2024-08-05,47.5,-108.0,180
2024-08-05,47.5,-107.0,90
2024-08-05,47.5,-105.0,90
2024-08-05,47.5,-102.0,270
2024-08-05,47.5,-101.5,90
2024-08-05,47.5,-101.0,630
2024-08-05,47.5,-100.5,540
2024-08-05,47.5,-100.0,270
2024-08-05,47.5,-87.5,90
2024-08-05,47.5,-80.0,90
2024-08-05,47.5,-79.5,90
2024-08-05,47.5,-79.0,630
2024-08-05,47.5,-78.5,90
2024-08-05,47.5,-77.0,90
2024-08-05,47.5,-76.0,90
2024-08-05,47.5,-69.5,90
2024-08-05,47.5,-67.0,90
2024-08-05,48.0,-121.5,180
2024-08-05,48.0,-121.0,90
2024-08-05,48.0,-120.5,90
2024-08-05,48.0,-120.0,90
2024-08-05,48.0,-118.5,90
2024-08-05,48.0,-116.0,90
2024-08-05,48.0,-115.5,90
2024-08-05,48.0,-115.0,270
2024-08-05,48.0,-114.5,270
2024-08-05,48.0,-114.0,270
2024-08-05,48.0,-113.5,450
2024-08-05,48.0,-113.0,270
2024-08-05,48.0,-112.5,90
2024-08-05,48.0,-112.0,270
2024-08-05,48.0,-111.5,180
2024-08-05,48.0,-111.0,90
2024-08-05,48.0,-110.5,90
2024-08-05,48.0,-110.0,90
2024-08-05,48.0,-109.0,90
2024-08-05,48.0,-108.5,90
2024-08-05,48.0,-106.5,90
2024-08-05,48.0,-105.0,90
2024-08-05,48.0,-102.0,270
2024-08-05,48.0,-101.5,450
2024-08-05,48.0,-101.0,270
2024-08-05,48.0,-100.5,90
2024-08-05,48.0,-100.0,90
2024-08-05,48.0,-99.0,90
2024-08-05,48.0,-92.0,90
2024-08-05,48.0,-79.5,270
2024-08-05,48.0,-79.0,1710
2024-08-05,48.0,-75.0,90
2024-08-05,48.0,-74.5,270
2024-08-05,48.0,-74.0,90
2024-08-05,48.0,-73.5,630
2024-08-05,48.0,-73.0,90
2024-08-05,48.0,-71.5,270
2024-08-05,48.0,-70.5,90
2024-08-05,48.0,-70.0,270
2024-08-05,48.0,-69.5,270
2024-08-05,48.0,-66.5,180
2024-08-05,48.5,-121.5,90
2024-08-05,48.5,-121.0,180
2024-08-05,48.5,-120.5,90
2024-08-05,48.5,-120.0,90
2024-08-05,48.5,-119.0,90
2024-08-05,48.5,-118.5,90
2024-08-05,48.5,-117.0,90
2024-08-05,48.5,-116.0,270
2024-08-05,48.5,-115.5,90
2024-08-05,48.5,-115.0,540
2024-08-05,48.5,-114.5,270
2024-08-05,48.5,-114.0,270
2024-08-05,48.5,-113.5,90
2024-08-05,48.5,-113.0,90
2024-08-05,48.5,-112.5,270
2024-08-05,48.5,-111.0,90
2024-08-05,48.5,-102.5,270
2024-08-05,48.5,-102.0,270
2024-08-05,48.5,-101.5,180
2024-08-05,48.5,-101.0,360
2024-08-05,48.5,-100.5,360
2024-08-05,48.5,-88.0,90
2024-08-05,48.5,-87.5,90
2024-08-05,48.5,-82.0,90
2024-08-05,48.5,-81.0,90
2024-08-05,48.5,-80.0,90
2024-08-05,48.5,-79.5,630
2024-08-05,48.5,-79.0,1170
2024-08-05,48.5,-76.0,180
2024-08-05,48.5,-75.0,90
2024-08-05,48.5,-74.5,180
2024-08-05,48.5,-74.0,90
2024-08-05,48.5,-73.0,540
2024-08-05,48.5,-72.5,2340
2024-08-05,48.5,-72.0,270
2024-08-05,48.5,-71.5,900
2024-08-05,48.5,-70.5,180
2024-08-05,48.5,-67.0,360
2024-08-05,49.0,-122.0,180
2024-08-05,49.0,-120.5,90
2024-08-05,49.0,-120.0,90
2024-08-05,49.0,-119.5,90
2024-08-05,49.0,-119.0,90
2024-08-05,49.0,-117.5,90
2024-08-05,49.0,-116.5,180
2024-08-05,49.0,-116.0,450
2024-08-05,49.0,-115.5,270
2024-08-05,49.0,-115.0,180
2024-08-05,49.0,-114.5,270
2024-08-05,49.0,-114.0,90
2024-08-05,49.0,-112.5,90
2024-08-05,49.0,-112.0,180
2024-08-05,49.0,-103.5,180
2024-08-05,49.0,-102.5,90
2024-08-05,49.0,-102.0,450
2024-08-05,49.0,-101.5,270
2024-08-05,49.0,-101.0,450
2024-08-05,49.0,-100.5,90
2024-08-05,49.0,-88.0,90
2024-08-05,49.0,-87.5,180
2024-08-05,49.0,-87.0,270
2024-08-05,49.0,-83.0,90
2024-08-05,49.0,-82.5,90
2024-08-05,49.0,-79.5,720
2024-08-05,49.0,-79.0,540
2024-08-05,49.0,-78.5,90
2024-08-05,49.0,-77.5,90
2024-08-05,49.0,-76.5,180
2024-08-05,49.0,-75.5,180
2024-08-05,49.0,-75.0,630
2024-08-05,49.0,-74.5,270
2024-08-05,49.0,-74.0,270
2024-08-05,49.0,-73.5,90
2024-08-05,49.0,-72.5,180
2024-08-05,49.0,-72.0,90
2024-08-05,49.5,-122.0,90
2024-08-05,49.5,-121.5,180
2024-08-05,49.5,-119.5,90
2024-08-05,49.5,-119.0,90
2024-08-05,49.5,-118.5,360
2024-08-05,49.5,-118.0,180
2024-08-05,49.5,-117.5,90
2024-08-05,49.5,-117.0,360
2024-08-05,49.5,-116.5,720
2024-08-05,49.5,-116.0,630
2024-08-05,49.5,-115.5,450
2024-08-05,49.5,-115.0,720
2024-08-05,49.5,-114.0,270
2024-08-05,49.5,-113.5,90
2024-08-05,49.5,-112.5,90
2024-08-05,49.5,-111.0,90
2024-08-05,49.5,-108.5,90
2024-08-05,49.5,-105.0,180
2024-08-05,49.5,-104.5,270
2024-08-05,49.5,-104.0,540
2024-08-05,49.5,-103.5,90
2024-08-05,49.5,-103.0,180
2024-08-05,49.5,-102.5,180
2024-08-05,49.5,-88.0,90
2024-08-05,49.5,-87.0,450
2024-08-05,49.5,-86.0,270
2024-08-05,49.5,-81.5,90
2024-08-05,49.5,-80.5,270
2024-08-05,49.5,-80.0,180
2024-08-05,49.5,-79.5,270
2024-08-05,49.5,-79.0,180
2024-08-05,49.5,-78.0,270
2024-08-05,49.5,-77.5,90
2024-08-05,49.5,-77.0,180
2024-08-05,49.5,-76.5,90
2024-08-05,49.5,-76.0,270
2024-08-05,49.5,-75.5,90
2024-08-05,49.5,-75.0,90
2024-08-05,49.5,-74.5,90
2024-08-05,49.5,-73.5,90
2024-08-05,50.0,-121.0,90
2024-08-05,50.0,-120.5,90
2024-08-05,50.0,-119.5,90
2024-08-05,50.0,-119.0,90
2024-08-05,50.0,-118.5,360
2024-08-05,50.0,-118.0,720
2024-08-05,50.0,-117.5,900
2024-08-05,50.0,-117.0,630
2024-08-05,50.0,-116.5,180
2024-08-05,50.0,-116.0,90
2024-08-05,50.0,-115.0,540
2024-08-05,50.0,-114.5,180
2024-08-05,50.0,-113.5,270
2024-08-05,50.0,-113.0,90
2024-08-05,50.0,-112.5,270
2024-08-05,50.0,-112.0,270
2024-08-05,50.0,-111.5,90
2024-08-05,50.0,-111.0,360
2024-08-05,50.0,-110.5,90
2024-08-05,50.0,-106.0,180
2024-08-05,50.0,-105.5,630
2024-08-05,50.0,-104.5,180
2024-08-05,50.0,-104.0,180
2024-08-05,50.0,-103.5,270
2024-08-05,50.0,-103.0,180
2024-08-05,50.0,-102.5,180
2024-08-05,50.0,-86.5,180
2024-08-05,50.0,-86.0,90
2024-08-05,50.0,-81.0,90
2024-08-05,50.0,-80.5,360
2024-08-05,50.0,-80.0,720
2024-08-05,50.0,-79.5,1440
2024-08-05,50.0,-79.0,990
2024-08-05,50.0,-78.0,180
2024-08-05,50.0,-77.5,270
2024-08-05,50.0,-77.0,270
2024-08-05,50.0,-76.0,270
2024-08-05,50.5,-120.5,90
2024-08-05,50.5,-119.5,180
2024-08-05,50.5,-119.0,270
2024-08-05,50.5,-118.5,180
2024-08-05,50.5,-118.0,540
2024-08-05,50.5,-117.5,270
2024-08-05,50.5,-116.5,180
2024-08-05,50.5,-115.5,360
2024-08-05,50.5,-115.0,180
2024-08-05,50.5,-114.0,450
2024-08-05,50.5,-113.5,270
2024-08-05,50.5,-113.0,270
2024-08-05,50.5,-112.5,360
2024-08-05,50.5,-111.5,90
2024-08-05,50.5,-111.0,90
2024-08-05,50.5,-110.5,180
2024-08-05,50.5,-110.0,90
2024-08-05,50.5,-103.5,90
2024-08-05,50.5,-86.0,180
2024-08-05,50.5,-85.5,180
2024-08-05,50.5,-85.0,90
2024-08-05,50.5,-80.5,270
2024-08-05,50.5,-80.0,1260
2024-08-05,50.5,-79.5,1170
2024-08-05,50.5,-79.0,270
2024-08-05,51.0,-120.5,90
2024-08-05,51.0,-119.0,360
2024-08-05,51.0,-118.5,270
2024-08-05,51.0,-118.0,360
2024-08-05,51.0,-117.5,90
2024-08-05,51.0,-117.0,270
2024-08-05,51.0,-116.5,180
2024-08-05,51.0,-116.0,90
2024-08-05,51.0,-115.5,270
2024-08-05,51.0,-115.0,90
2024-08-05,51.0,-114.5,90
2024-08-05,51.0,-114.0,270
2024-08-05,51.0,-113.5,90
2024-08-05,51.0,-113.0,180
2024-08-05,51.0,-112.0,90
2024-08-05,51.0,-111.5,90
2024-08-05,51.0,-111.0,180
2024-08-05,51.0,-109.5,90
2024-08-05,51.0,-109.0,180
2024-08-05,51.0,-107.0,90
2024-08-05,51.0,-106.0,90
2024-08-05,51.0,-102.0,90
2024-08-05,51.0,-86.0,180
2024-08-05,51.0,-85.0,90
2024-08-05,51.0,-82.5,90
2024-08-05,51.0,-82.0,270
2024-08-05,51.0,-80.0,900
2024-08-05,51.0,-79.5,1260
2024-08-05,51.0,-78.5,90
2024-08-05,51.0,-77.5,90
2024-08-05,51.0,-77.0,90
2024-08-05,51.0,-76.5,90
2024-08-05,51.5,-120.5,90
2024-08-05,51.5,-120.0,180
2024-08-05,51.5,-119.0,90
2024-08-05,51.5,-118.5,270
2024-08-05,51.5,-118.0,90
2024-08-05,51.5,-117.0,270
2024-08-05,51.5,-116.5,360
2024-08-05,51.5,-116.0,180
2024-08-05,51.5,-115.5,450
2024-08-05,51.5,-115.0,270
2024-08-05,51.5,-113.5,180
2024-08-05,51.5,-113.0,180
2024-08-05,51.5,-112.5,180
2024-08-05,51.5,-111.5,90
2024-08-05,51.5,-110.0,180
2024-08-05,51.5,-109.5,180
2024-08-05,51.5,-108.0,90
2024-08-05,51.5,-106.5,90
2024-08-05,51.5,-104.5,90
2024-08-05,51.5,-83.5,270
2024-08-05,51.5,-82.5,180
2024-08-05,51.5,-80.5,90
2024-08-05,51.5,-80.0,450
2024-08-05,51.5,-79.5,720
2024-08-05,51.5,-79.0,90
2024-08-05,52.0,-119.5,90
2024-08-05,52.0,-118.0,90
2024-08-05,52.0,-117.5,180
2024-08-05,52.0,-117.0,360
2024-08-05,52.0,-116.5,90
2024-08-05,52.0,-116.0,90
2024-08-05,52.0,-115.5,90
2024-08-05,52.0,-115.0,90
2024-08-05,52.0,-113.0,180
2024-08-05,52.0,-112.5,810
2024-08-05,52.0,-112.0,270
2024-08-05,52.0,-110.5,90
2024-08-05,52.0,-110.0,90
2024-08-05,52.0,-109.5,180
2024-08-05,52.0,-109.0,270
2024-08-05,52.0,-108.5,90
2024-08-05,52.0,-108.0,90
2024-08-05,52.0,-107.5,90
2024-08-05,52.0,-106.0,90
2024-08-05,52.0,-105.5,180
2024-08-05,52.0,-104.5,90
2024-08-05,52.0,-83.5,540
2024-08-05,52.0,-83.0,90
2024-08-05,52.0,-81.0,180
2024-08-05,52.0,-80.5,360
2024-08-05,52.0,-80.0,360
2024-08-05,52.0,-79.5,540
2024-08-05,52.0,-79.0,90
2024-08-05,52.5,-119.5,90
2024-08-05,52.5,-118.5,90
2024-08-05,52.5,-118.0,90
2024-08-05,52.5,-117.0,90
2024-08-05,52.5,-116.5,90
2024-08-05,52.5,-115.0,540
2024-08-05,52.5,-114.0,90
2024-08-05,52.5,-113.5,90
2024-08-05,52.5,-113.0,90
2024-08-05,52.5,-112.5,90
2024-08-05,52.5,-112.0,180
2024-08-05,52.5,-110.5,90
2024-08-05,52.5,-106.5,180
2024-08-05,52.5,-105.5,90
2024-08-05,52.5,-104.0,90
2024-08-05,52.5,-81.0,90
2024-08-05,52.5,-80.5,90
2024-08-05,53.0,-117.0,90
2024-08-05,53.0,-116.5,90
2024-08-05,53.0,-116.0,90
2024-08-05,53.0,-115.0,180
2024-08-05,53.0,-114.5,180
2024-08-05,53.0,-114.0,180
2024-08-05,53.0,-113.5,90
2024-08-05,53.5,-117.5,90
2024-08-05,53.5,-117.0,90
2024-08-05,53.5,-115.5,180
2024-08-05,53.5,-114.5,90
2024-08-05,54.0,-116.5,90
2024-08-05,54.0,-113.5,90
2024-08-05,54.0,-94.5,90
2024-08-05,54.5,-112.5,90
2024-08-05,54.5,-112.0,90
2024-08-05,54.5,-91.5,90
2024-08-12,20.0,-108.0,450
2024-08-12,20.0,-107.5,180
2024-08-12,20.0,-107.0,360
2024-08-12,20.0,-106.5,270
2024-08-12,20.0,-106.0,180
2024-08-12,20.0,-105.5,2790
2024-08-12,20.0,-105.0,1530
2024-08-12,20.0,-104.5,1440
2024-08-12,20.0,-104.0,2070
2024-08-12,20.0,-103.5,2610
2024-08-12,20.0,-103.0,3420
2024-08-12,20.0,-102.5,2160
2024-08-12,20.0,-102.0,1980
2024-08-12,20.0,-101.5,2070
2024-08-12,20.0,-101.0,2610
2024-08-12,20.0,-100.5,1440
2024-08-12,20.0,-100.0,1170
2024-08-12,20.0,-99.5,630
2024-08-12,20.0,-99.0,720
2024-08-12,20.0,-98.5,1260
2024-08-12,20.0,-98.0,3060
2024-08-12,20.0,-97.5,1980
2024-08-12,20.0,-97.0,180
2024-08-12,20.0,-96.0,270
2024-08-12,20.0,-95.5,270
2024-08-12,20.0,-95.0,180
2024-08-12,20.0,-94.5,90
2024-08-12,20.0,-91.5,450
2024-08-12,20.0,-91.0,1620
2024-08-12,20.0,-90.5,1620
2024-08-12,20.0,-90.0,2160
2024-08-12,20.0,-89.5,2790
2024-08-12,20.0,-89.0,900
2024-08-12,20.0,-88.5,2070
2024-08-12,20.0,-88.0,270
2024-08-12,20.0,-87.5,180
2024-08-12,20.0,-87.0,180
2024-08-12,20.0,-86.5,270
2024-08-12,20.0,-86.0,630
2024-08-12,20.0,-85.5,630
2024-08-12,20.0,-85.0,720
2024-08-12,20.0,-84.5,180
2024-08-12,20.0,-84.0,270
2024-08-12,20.0,-83.5,270
2024-08-12,20.0,-80.0,450
2024-08-12,20.0,-79.5,1170
2024-08-12,20.0,-79.0,810
2024-08-12,20.0,-78.5,2520
2024-08-12,20.0,-78.0,3150
2024-08-12,20.0,-77.5,2970
2024-08-12,20.0,-77.0,6480
2024-08-12,20.0,-76.5,5040
2024-08-12,20.0,-76.0,7200
2024-08-12,20.0,-75.5,4770
2024-08-12,20.0,-75.0,2160
2024-08-12,20.0,-74.5,270
2024-08-12,20.0,-72.0,90
2024-08-12,20.0,-70.0,90
2024-08-12,20.0,-69.5,90
2024-08-12,20.0,-69.0,1530
2024-08-12,20.0,-68.5,1800
2024-08-12,20.0,-68.0,2160
2024-08-12,20.0,-67.5,540
2024-08-12,20.0,-65.5,90
2024-08-12,20.5,-107.5,270
2024-08-12,20.5,-107.0,450
2024-08-12,20.5,-106.5,990
2024-08-12,20.5,-106.0,1890
2024-08-12,20.5,-105.5,1710
2024-08-12,20.5,-105.0,1350
2024-08-12,20.5,-104.5,1440
2024-08-12,20.5,-104.0,2250
2024-08-12,20.5,-103.5,3240
2024-08-12,20.5,-103.0,2430
2024-08-12,20.5,-102.5,3420
2024-08-12,20.5,-102.0,2160
2024-08-12,20.5,-101.5,1710
2024-08-12,20.5,-101.0,990
2024-08-12,20.5,-100.5,720
2024-08-12,20.5,-100.0,90
2024-08-12,20.5,-99.0,360
2024-08-12,20.5,-98.5,1980
2024-08-12,20.5,-98.0,1620
2024-08-12,20.5,-97.5,90
2024-08-12,20.5,-97.0,450
2024-08-12,20.5,-96.5,360
2024-08-12,20.5,-96.0,90
2024-08-12,20.5,-95.0,360
2024-08-12,20.5,-94.0,90
2024-08-12,20.5,-91.5,90
2024-08-12,20.5,-91.0,270
2024-08-12,20.5,-90.5,5040
2024-08-12,20.5,-90.0,2430
2024-08-12,20.5,-89.5,7920
2024-08-12,20.5,-89.0,3960
2024-08-12,20.5,-88.5,3690
2024-08-12,20.5,-88.0,2700
2024-08-12,20.5,-87.5,2070
2024-08-12,20.5,-87.0,360
2024-08-12,20.5,-86.0,180
2024-08-12,20.5,-85.5,450
2024-08-12,20.5,-83.5,90
2024-08-12,20.5,-80.0,90
2024-08-12,20.5,-79.5,90
2024-08-12,20.5,-79.0,360
2024-08-12,20.5,-78.5,180
2024-08-12,20.5,-78.0,4320
2024-08-12,20.5,-77.5,4950
2024-08-12,20.5,-77.0,10350
2024-08-12,20.5,-76.5,6840
2024-08-12,20.5,-76.0,2700
2024-08-12,20.5,-75.5,450
2024-08-12,20.5,-75.0,180
2024-08-12,20.5,-74.5,180
2024-08-12,20.5,-73.5,180
2024-08-12,20.5,-69.5,270
2024-08-12,20.5,-68.5,270
2024-08-12,20.5,-68.0,2700
2024-08-12,20.5,-67.5,270
2024-08-12,20.5,-66.5,180
2024-08-12,20.5,-66.0,90
2024-08-12,20.5,-65.5,270
2024-08-12,21.0,-107.5,90
2024-08-12,21.0,-107.0,90
2024-08-12,21.0,-106.5,810
2024-08-12,21.0,-106.0,1170
2024-08-12,21.0,-105.5,1260
2024-08-12,21.0,-105.0,1440
2024-08-12,21.0,-104.5,1530
2024-08-12,21.0,-104.0,2160
2024-08-12,21.0,-103.5,4140
2024-08-12,21.0,-103.0,2160
2024-08-12,21.0,-102.5,2160
2024-08-12,21.0,-102.0,1710
2024-08-12,21.0,-101.5,630
2024-08-12,21.0,-100.0,180
2024-08-12,21.0,-99.5,450
2024-08-12,21.0,-99.0,1890
2024-08-12,21.0,-98.5,1530
2024-08-12,21.0,-98.0,1080
2024-08-12,21.0,-97.5,180
2024-08-12,21.0,-97.0,90
2024-08-12,21.0,-96.5,270
2024-08-12,21.0,-96.0,90
2024-08-12,21.0,-95.0,900
2024-08-12,21.0,-90.0,900
2024-08-12,21.0,-89.5,2070
2024-08-12,21.0,-89.0,4770
2024-08-12,21.0,-88.5,2160
2024-08-12,21.0,-88.0,6480
2024-08-12,21.0,-87.5,5670
2024-08-12,21.0,-86.5,180
2024-08-12,21.0,-86.0,90
2024-08-12,21.0,-85.5,90
2024-08-12,21.0,-83.5,270
2024-08-12,21.0,-79.0,810
2024-08-12,21.0,-78.5,8640
2024-08-12,21.0,-78.0,9540
2024-08-12,21.0,-77.5,5400
2024-08-12,21.0,-77.0,900
2024-08-12,21.0,-76.5,450
2024-08-12,21.0,-76.0,180
2024-08-12,21.0,-75.0,90
2024-08-12,21.0,-73.5,360
2024-08-12,21.0,-69.5,450
2024-08-12,21.0,-69.0,90
2024-08-12,21.0,-68.0,270
2024-08-12,21.0,-67.5,1350
2024-08-12,21.0,-67.0,90
2024-08-12,21.0,-66.5,270
2024-08-12,21.0,-66.0,180
2024-08-12,21.0,-65.5,90
2024-08-12,21.5,-108.0,90
2024-08-12,21.5,-107.0,90
2024-08-12,21.5,-106.5,270
2024-08-12,21.5,-106.0,720
2024-08-12,21.5,-105.5,2340
2024-08-12,21.5,-105.0,2610
2024-08-12,21.5,-104.5,1440
2024-08-12,21.5,-104.0,1260
2024-08-12,21.5,-103.5,2790
2024-08-12,21.5,-103.0,2250
2024-08-12,21.5,-102.5,1980
2024-08-12,21.5,-102.0,540
2024-08-12,21.5,-100.5,90
2024-08-12,21.5,-100.0,90
2024-08-12,21.5,-99.5,540
2024-08-12,21.5,-99.0,270
2024-08-12,21.5,-98.5,1530
2024-08-12,21.5,-98.0,450
2024-08-12,21.5,-97.5,180
2024-08-12,21.5,-97.0,180
2024-08-12,21.5,-96.5,900
2024-08-12,21.5,-95.0,810
2024-08-12,21.5,-92.0,90
2024-08-12,21.5,-91.5,90
2024-08-12,21.5,-91.0,180
2024-08-12,21.5,-88.5,360
2024-08-12,21.5,-87.5,180
2024-08-12,21.5,-87.0,180
2024-08-12,21.5,-86.5,360
2024-08-12,21.5,-86.0,270
2024-08-12,21.5,-85.5,720
2024-08-12,21.5,-85.0,1440
2024-08-12,21.5,-84.5,1710
2024-08-12,21.5,-83.5,2610
2024-08-12,21.5,-83.0,3510
2024-08-12,21.5,-82.5,540
2024-08-12,21.5,-81.0,90
2024-08-12,21.5,-80.5,1080
2024-08-12,21.5,-80.0,1440
2024-08-12,21.5,-79.5,3960
2024-08-12,21.5,-79.0,8010
2024-08-12,21.5,-78.5,4770
2024-08-12,21.5,-78.0,2610
2024-08-12,21.5,-77.5,90
2024-08-12,21.5,-76.5,90
2024-08-12,21.5,-75.0,90
2024-08-12,21.5,-68.5,90
2024-08-12,21.5,-68.0,180
2024-08-12,21.5,-67.5,720
2024-08-12,21.5,-67.0,1350
2024-08-12,21.5,-65.5,450
2024-08-12,22.0,-107.0,270
2024-08-12,22.0,-106.5,540
2024-08-12,22.0,-106.0,810
2024-08-12,22.0,-105.5,5490
2024-08-12,22.0,-105.0,2250
2024-08-12,22.0,-104.5,2610
2024-08-12,22.0,-104.0,1170
2024-08-12,22.0,-103.5,1170
2024-08-12,22.0,-103.0,1800
2024-08-12,22.0,-102.5,900
2024-08-12,22.0,-99.5,270
2024-08-12,22.0,-98.5,630
2024-08-12,22.0,-98.0,630
2024-08-12,22.0,-97.5,180
2024-08-12,22.0,-97.0,360
2024-08-12,22.0,-96.5,720
2024-08-12,22.0,-96.0,90
2024-08-12,22.0,-95.5,450
2024-08-12,22.0,-95.0,720
2024-08-12,22.0,-92.5,90
2024-08-12,22.0,-91.5,270
2024-08-12,22.0,-90.5,540
2024-08-12,22.0,-90.0,540
2024-08-12,22.0,-89.0,90
2024-08-12,22.0,-88.5,270
2024-08-12,22.0,-88.0,90
2024-08-12,22.0,-87.5,90
2024-08-12,22.0,-87.0,180
2024-08-12,22.0,-86.5,180
2024-08-12,22.0,-86.0,270
2024-08-12,22.0,-85.5,270
2024-08-12,22.0,-85.0,540
2024-08-12,22.0,-84.5,8280
2024-08-12,22.0,-84.0,10440
2024-08-12,22.0,-83.5,1710
2024-08-12,22.0,-83.0,630
2024-08-12,22.0,-82.5,2340
2024-08-12,22.0,-82.0,2070
2024-08-12,22.0,-81.5,5940
2024-08-12,22.0,-81.0,3420
2024-08-12,22.0,-80.5,5040
2024-08-12,22.0,-80.0,6120
2024-08-12,22.0,-79.5,6840
2024-08-12,22.0,-79.0,2700
2024-08-12,22.0,-78.5,90
2024-08-12,22.0,-77.5,540
2024-08-12,22.0,-77.0,720
2024-08-12,22.0,-76.5,810
2024-08-12,22.0,-76.0,990
2024-08-12,22.0,-75.5,270
2024-08-12,22.0,-74.5,90
2024-08-12,22.0,-73.5,90
2024-08-12,22.0,-68.5,90
2024-08-12,22.0,-68.0,540
2024-08-12,22.0,-67.5,180
2024-08-12,22.0,-67.0,1260
2024-08-12,22.5,-110.0,90
2024-08-12,22.5,-107.5,90
2024-08-12,22.5,-107.0,810
2024-08-12,22.5,-106.5,1980
2024-08-12,22.5,-106.0,5850
2024-08-12,22.5,-105.5,3780
2024-08-12,22.5,-105.0,4860
2024-08-12,22.5,-104.5,1890
2024-08-12,22.5,-104.0,2160
2024-08-12,22.5,-103.5,810
2024-08-12,22.5,-100.0,1170
2024-08-12,22.5,-99.5,630
2024-08-12,22.5,-99.0,270
2024-08-12,22.5,-98.5,810
2024-08-12,22.5,-98.0,90
2024-08-12,22.5,-97.5,270
2024-08-12,22.5,-97.0,360
2024-08-12,22.5,-96.5,810
2024-08-12,22.5,-96.0,450
2024-08-12,22.5,-95.5,360
2024-08-12,22.5,-95.0,360
2024-08-12,22.5,-93.5,180
2024-08-12,22.5,-93.0,360
2024-08-12,22.5,-92.5,180
2024-08-12,22.5,-92.0,180
2024-08-12,22.5,-91.5,360
2024-08-12,22.5,-91.0,270
2024-08-12,22.5,-90.5,180
2024-08-12,22.5,-90.0,270
2024-08-12,22.5,-89.5,180
2024-08-12,22.5,-89.0,540
2024-08-12,22.5,-88.5,1080
2024-08-12,22.5,-88.0,90
2024-08-12,22.5,-86.0,180
2024-08-12,22.5,-85.5,270
2024-08-12,22.5,-85.0,360
2024-08-12,22.5,-84.5,990
2024-08-12,22.5,-84.0,4410
2024-08-12,22.5,-83.5,8280
2024-08-12,22.5,-83.0,9990
2024-08-12,22.5,-82.5,7200
2024-08-12,22.5,-82.0,9360
2024-08-12,22.5,-81.5,8820
2024-08-12,22.5,-81.0,8370
2024-08-12,22.5,-80.5,6030
2024-08-12,22.5,-80.0,1350
2024-08-12,22.5,-79.5,450
2024-08-12,22.5,-79.0,90
2024-08-12,22.5,-78.5,180
2024-08-12,22.5,-78.0,180
2024-08-12,22.5,-77.5,90
2024-08-12,22.5,-76.5,90
2024-08-12,22.5,-76.0,360
2024-08-12,22.5,-72.0,90
2024-08-12,22.5,-67.5,1440
2024-08-12,22.5,-67.0,990
2024-08-12,22.5,-66.5,720
2024-08-12,23.0,-110.0,1620
2024-08-12,23.0,-107.0,630
2024-08-12,23.0,-106.5,3870
2024-08-12,23.0,-106.0,5670
2024-08-12,23.0,-105.5,3690
2024-08-12,23.0,-105.0,3150
2024-08-12,23.0,-104.5,1350
2024-08-12,23.0,-104.0,180
2024-08-12,23.0,-103.5,270
2024-08-12,23.0,-103.0,360
2024-08-12,23.0,-100.5,90
2024-08-12,23.0,-100.0,450
2024-08-12,23.0,-99.5,810
2024-08-12,23.0,-99.0,810
2024-08-12,23.0,-98.5,90
2024-08-12,23.0,-97.0,90
2024-08-12,23.0,-96.5,270
2024-08-12,23.0,-96.0,90
2024-08-12,23.0,-95.5,270
2024-08-12,23.0,-95.0,270
2024-08-12,23.0,-94.5,90
2024-08-12,23.0,-94.0,90
2024-08-12,23.0,-93.5,270
2024-08-12,23.0,-93.0,180
2024-08-12,23.0,-92.5,90
2024-08-12,23.0,-92.0,90
2024-08-12,23.0,-91.0,90
2024-08-12,23.0,-90.5,180
2024-08-12,23.0,-90.0,630
2024-08-12,23.0,-89.5,1260
2024-08-12,23.0,-89.0,1170
2024-08-12,23.0,-88.5,720
2024-08-12,23.0,-88.0,270
2024-08-12,23.0,-87.5,270
2024-08-12,23.0,-87.0,90
2024-08-12,23.0,-85.0,360
2024-08-12,23.0,-84.5,990
2024-08-12,23.0,-84.0,630
2024-08-12,23.0,-83.5,720
2024-08-12,23.0,-83.0,540
2024-08-12,23.0,-82.5,4230
2024-08-12,23.0,-82.0,3060
2024-08-12,23.0,-81.5,1350
2024-08-12,23.0,-81.0,360
2024-08-12,23.0,-80.5,180
2024-08-12,23.0,-80.0,180
2024-08-12,23.0,-79.0,360
2024-08-12,23.0,-78.5,810
2024-08-12,23.0,-78.0,450
2024-08-12,23.0,-77.5,270
2024-08-12,23.0,-77.0,450
2024-08-12,23.0,-76.5,540
2024-08-12,23.0,-76.0,630
2024-08-12,23.0,-75.5,360
2024-08-12,23.0,-75.0,90
2024-08-12,23.0,-69.0,90
2024-08-12,23.0,-68.5,90
2024-08-12,23.0,-67.5,180
2024-08-12,23.0,-67.0,1710
2024-08-12,23.0,-66.5,1080
2024-08-12,23.0,-66.0,990
2024-08-12,23.0,-65.5,720
2024-08-12,23.5,-110.5,540
2024-08-12,23.5,-110.0,360
2024-08-12,23.5,-108.0,180
2024-08-12,23.5,-107.5,900
2024-08-12,23.5,-107.0,1170
2024-08-12,23.5,-106.5,6480
2024-08-12,23.5,-106.0,4140
2024-08-12,23.5,-105.5,1890
2024-08-12,23.5,-105.0,1170
2024-08-12,23.5,-104.5,720
2024-08-12,23.5,-104.0,360
2024-08-12,23.5,-103.5,270
2024-08-12,23.5,-103.0,630
2024-08-12,23.5,-102.5,1800
2024-08-12,23.5,-101.5,180
2024-08-12,23.5,-101.0,810
2024-08-12,23.5,-100.5,1260
2024-08-12,23.5,-100.0,1440
2024-08-12,23.5,-99.5,450
2024-08-12,23.5,-99.0,270
2024-08-12,23.5,-98.5,180
2024-08-12,23.5,-97.5,360
2024-08-12,23.5,-97.0,180
2024-08-12,23.5,-96.0,180
2024-08-12,23.5,-94.5,540
2024-08-12,23.5,-94.0,180
2024-08-12,23.5,-93.5,180
2024-08-12,23.5,-93.0,270
2024-08-12,23.5,-92.0,180
2024-08-12,23.5,-91.5,360
2024-08-12,23.5,-91.0,90
2024-08-12,23.5,-90.5,90
2024-08-12,23.5,-90.0,630
2024-08-12,23.5,-89.5,540
2024-08-12,23.5,-89.0,360
2024-08-12,23.5,-88.0,270
2024-08-12,23.5,-87.0,180
2024-08-12,23.5,-86.5,450
2024-08-12,23.5,-85.5,90
2024-08-12,23.5,-85.0,90
2024-08-12,23.5,-84.5,90
2024-08-12,23.5,-84.0,270
2024-08-12,23.5,-83.5,720
2024-08-12,23.5,-83.0,1260
2024-08-12,23.5,-82.5,900
2024-08-12,23.5,-82.0,360
2024-08-12,23.5,-81.5,90
2024-08-12,23.5,-81.0,90
2024-08-12,23.5,-80.5,450
2024-08-12,23.5,-79.5,90
2024-08-12,23.5,-79.0,540
2024-08-12,23.5,-78.5,450
2024-08-12,23.5,-78.0,270
2024-08-12,23.5,-77.5,810
2024-08-12,23.5,-77.0,630
2024-08-12,23.5,-76.5,630
2024-08-12,23.5,-76.0,90
2024-08-12,23.5,-75.5,180
2024-08-12,23.5,-75.0,90
2024-08-12,23.5,-73.5,90
2024-08-12,23.5,-73.0,270
2024-08-12,23.5,-70.5,360
2024-08-12,23.5,-67.0,1170
2024-08-12,23.5,-66.5,1260
2024-08-12,23.5,-66.0,810
2024-08-12,23.5,-65.5,90
2024-08-12,24.0,-108.0,90
2024-08-12,24.0,-107.5,1710
2024-08-12,24.0,-107.0,5760
2024-08-12,24.0,-106.5,4950
2024-08-12,24.0,-106.0,2340
2024-08-12,24.0,-105.5,540
2024-08-12,24.0,-105.0,450
2024-08-12,24.0,-104.5,270
2024-08-12,24.0,-104.0,270
2024-08-12,24.0,-103.5,450
2024-08-12,24.0,-103.0,270
2024-08-12,24.0,-102.5,630
2024-08-12,24.0,-102.0,720
2024-08-12,24.0,-101.5,540
2024-08-12,24.0,-101.0,1350
2024-08-12,24.0,-100.5,900
2024-08-12,24.0,-100.0,1170
2024-08-12,24.0,-99.5,90
2024-08-12,24.0,-96.0,90
2024-08-12,24.0,-93.5,90
2024-08-12,24.0,-93.0,180
2024-08-12,24.0,-92.5,270
2024-08-12,24.0,-92.0,270
2024-08-12,24.0,-91.5,180
2024-08-12,24.0,-91.0,180
2024-08-12,24.0,-90.5,90
2024-08-12,24.0,-89.5,90
2024-08-12,24.0,-89.0,270
2024-08-12,24.0,-88.5,270
2024-08-12,24.0,-87.5,90
2024-08-12,24.0,-87.0,360
2024-08-12,24.0,-86.5,270
2024-08-12,24.0,-86.0,1620
2024-08-12,24.0,-85.5,540
2024-08-12,24.0,-85.0,270
2024-08-12,24.0,-84.5,810
2024-08-12,24.0,-84.0,270
2024-08-12,24.0,-83.5,450
2024-08-12,24.0,-83.0,1350
2024-08-12,24.0,-82.5,1080
2024-08-12,24.0,-82.0,810
2024-08-12,24.0,-81.5,270
2024-08-12,24.0,-81.0,1260
2024-08-12,24.0,-80.0,540
2024-08-12,24.0,-79.5,450
2024-08-12,24.0,-79.0,1440
2024-08-12,24.0,-78.5,450
2024-08-12,24.0,-78.0,900
2024-08-12,24.0,-77.5,450
2024-08-12,24.0,-77.0,180
2024-08-12,24.0,-76.0,90
2024-08-12,24.0,-75.5,180
2024-08-12,24.0,-75.0,180
2024-08-12,24.0,-73.5,360
2024-08-12,24.0,-69.0,90
2024-08-12,24.0,-67.0,360
2024-08-12,24.0,-66.5,1350
2024-08-12,24.0,-66.0,180
2024-08-12,24.0,-65.5,180
2024-08-12,24.5,-108.0,1620
2024-08-12,24.5,-107.5,2250
2024-08-12,24.5,-107.0,5850
2024-08-12,24.5,-106.5,3960
2024-08-12,24.5,-106.0,1260
2024-08-12,24.5,-105.5,630
2024-08-12,24.5,-105.0,630
2024-08-12,24.5,-104.5,90
2024-08-12,24.5,-104.0,90
2024-08-12,24.5,-103.5,270
2024-08-12,24.5,-103.0,630
2024-08-12,24.5,-102.5,810
2024-08-12,24.5,-102.0,360
2024-08-12,24.5,-101.5,540
2024-08-12,24.5,-101.0,1350
2024-08-12,24.5,-100.5,1710
2024-08-12,24.5,-100.0,90
2024-08-12,24.5,-99.0,90
2024-08-12,24.5,-98.5,180
2024-08-12,24.5,-96.5,360
2024-08-12,24.5,-93.5,90
2024-08-12,24.5,-92.5,540
2024-08-12,24.5,-92.0,990
2024-08-12,24.5,-91.5,360
2024-08-12,24.5,-91.0,720
2024-08-12,24.5,-90.0,90
2024-08-12,24.5,-89.0,450
2024-08-12,24.5,-88.0,180
2024-08-12,24.5,-87.5,180
2024-08-12,24.5,-87.0,990
2024-08-12,24.5,-86.5,360
2024-08-12,24.5,-86.0,450
2024-08-12,24.5,-85.5,1170
2024-08-12,24.5,-85.0,360
2024-08-12,24.5,-84.5,180
2024-08-12,24.5,-84.0,720
2024-08-12,24.5,-83.5,720
2024-08-12,24.5,-83.0,810
2024-08-12,24.5,-82.5,1170
2024-08-12,24.5,-82.0,810
2024-08-12,24.5,-81.5,720
2024-08-12,24.5,-81.0,1800
2024-08-12,24.5,-80.5,1170
2024-08-12,24.5,-80.0,1170
2024-08-12,24.5,-79.5,450
2024-08-12,24.5,-79.0,900
2024-08-12,24.5,-78.5,450
2024-08-12,24.5,-78.0,450
2024-08-12,24.5,-76.5,90
2024-08-12,24.5,-75.5,90
2024-08-12,24.5,-74.0,90
2024-08-12,24.5,-72.0,90
2024-08-12,24.5,-70.5,180
2024-08-12,24.5,-70.0,450
2024-08-12,24.5,-69.5,180
2024-08-12,24.5,-69.0,90
2024-08-12,24.5,-68.0,90
2024-08-12,24.5,-67.0,180
2024-08-12,24.5,-66.5,1800
2024-08-12,25.0,-111.5,90
2024-08-12,25.0,-109.0,540
2024-08-12,25.0,-108.5,1350
2024-08-12,25.0,-108.0,6480
2024-08-12,25.0,-107.5,5400
2024-08-12,25.0,-107.0,1800
2024-08-12,25.0,-106.5,1890
2024-08-12,25.0,-106.0,720
2024-08-12,25.0,-105.5,450
2024-08-12,25.0,-105.0,990
2024-08-12,25.0,-104.5,270
2024-08-12,25.0,-103.5,270
2024-08-12,25.0,-103.0,90
2024-08-12,25.0,-102.5,630
2024-08-12,25.0,-102.0,1260
2024-08-12,25.0,-101.5,3240
2024-08-12,25.0,-101.0,1710
2024-08-12,25.0,-100.5,90
2024-08-12,25.0,-100.0,360
2024-08-12,25.0,-99.5,90
2024-08-12,25.0,-99.0,450
2024-08-12,25.0,-98.5,450
2024-08-12,25.0,-97.5,90
2024-08-12,25.0,-96.0,90
2024-08-12,25.0,-93.5,270
2024-08-12,25.0,-92.5,720
2024-08-12,25.0,-92.0,360
2024-08-12,25.0,-91.5,540
2024-08-12,25.0,-91.0,450
2024-08-12,25.0,-90.5,180
2024-08-12,25.0,-90.0,180
2024-08-12,25.0,-89.5,450
2024-08-12,25.0,-89.0,90
2024-08-12,25.0,-88.0,90
2024-08-12,25.0,-87.5,270
2024-08-12,25.0,-87.0,720
2024-08-12,25.0,-86.5,360
2024-08-12,25.0,-86.0,180
2024-08-12,25.0,-85.5,90
2024-08-12,25.0,-85.0,180
2024-08-12,25.0,-84.5,270
2024-08-12,25.0,-84.0,270
2024-08-12,25.0,-83.5,810
2024-08-12,25.0,-83.0,540
2024-08-12,25.0,-82.5,360
2024-08-12,25.0,-82.0,900
2024-08-12,25.0,-81.5,2430
2024-08-12,25.0,-81.0,1620
2024-08-12,25.0,-80.5,2880
2024-08-12,25.0,-80.0,360
2024-08-12,25.0,-79.5,810
2024-08-12,25.0,-78.0,90
2024-08-12,25.0,-74.0,90
2024-08-12,25.0,-68.0,90
2024-08-12,25.0,-67.0,810
2024-08-12,25.0,-66.5,90
2024-08-12,25.5,-112.0,90
2024-08-12,25.5,-110.0,90
2024-08-12,25.5,-109.5,450
2024-08-12,25.5,-109.0,1170
2024-08-12,25.5,-108.5,3240
2024-08-12,25.5,-108.0,8910
2024-08-12,25.5,-107.5,5220
2024-08-12,25.5,-107.0,2880
2024-08-12,25.5,-106.5,1440
2024-08-12,25.5,-106.0,630
2024-08-12,25.5,-105.5,180
2024-08-12,25.5,-105.0,180
2024-08-12,25.5,-104.5,90
2024-08-12,25.5,-103.0,630
2024-08-12,25.5,-102.5,720
2024-08-12,25.5,-102.0,360
2024-08-12,25.5,-101.0,270
2024-08-12,25.5,-100.0,270
2024-08-12,25.5,-99.5,270
2024-08-12,25.5,-99.0,810
2024-08-12,25.5,-98.0,180
2024-08-12,25.5,-97.0,90
2024-08-12,25.5,-96.5,180
2024-08-12,25.5,-93.5,360
2024-08-12,25.5,-93.0,90
2024-08-12,25.5,-92.5,450
2024-08-12,25.5,-92.0,720
2024-08-12,25.5,-91.5,180
2024-08-12,25.5,-91.0,270
2024-08-12,25.5,-90.5,180
2024-08-12,25.5,-89.0,180
2024-08-12,25.5,-88.5,90
2024-08-12,25.5,-88.0,180
2024-08-12,25.5,-87.5,450
2024-08-12,25.5,-87.0,270
2024-08-12,25.5,-86.5,180
2024-08-12,25.5,-86.0,180
2024-08-12,25.5,-85.5,90
2024-08-12,25.5,-83.5,360
2024-08-12,25.5,-83.0,1170
2024-08-12,25.5,-82.5,720
2024-08-12,25.5,-82.0,1440
2024-08-12,25.5,-81.5,2160
2024-08-12,25.5,-81.0,2250
2024-08-12,25.5,-80.5,3420
2024-08-12,25.5,-80.0,540
2024-08-12,25.5,-79.5,360
2024-08-12,25.5,-77.0,90
2024-08-12,25.5,-68.5,90
2024-08-12,25.5,-68.0,90
2024-08-12,25.5,-66.5,900
2024-08-12,25.5,-66.0,90
2024-08-12,26.0,-112.5,90
2024-08-12,26.0,-112.0,90
2024-08-12,26.0,-110.5,630
2024-08-12,26.0,-110.0,1440
2024-08-12,26.0,-109.5,2520
2024-08-12,26.0,-109.0,4320
2024-08-12,26.0,-108.5,4230
2024-08-12,26.0,-108.0,9720
2024-08-12,26.0,-107.5,6030
2024-08-12,26.0,-107.0,1620
2024-08-12,26.0,-106.5,270
2024-08-12,26.0,-106.0,180
2024-08-12,26.0,-105.5,180
2024-08-12,26.0,-104.0,90
2024-08-12,26.0,-103.5,450
2024-08-12,26.0,-103.0,1710
2024-08-12,26.0,-102.5,1620
2024-08-12,26.0,-102.0,900
2024-08-12,26.0,-101.5,180
2024-08-12,26.0,-101.0,90
2024-08-12,26.0,-100.5,180
2024-08-12,26.0,-99.5,90
2024-08-12,26.0,-98.0,1080
2024-08-12,26.0,-97.5,90
2024-08-12,26.0,-97.0,90
2024-08-12,26.0,-96.5,90
2024-08-12,26.0,-96.0,90
2024-08-12,26.0,-95.5,90
2024-08-12,26.0,-94.5,180
2024-08-12,26.0,-94.0,180
2024-08-12,26.0,-93.5,180
2024-08-12,26.0,-93.0,180
2024-08-12,26.0,-92.5,450
2024-08-12,26.0,-92.0,720
2024-08-12,26.0,-91.5,180
2024-08-12,26.0,-91.0,90
2024-08-12,26.0,-90.5,180
2024-08-12,26.0,-90.0,90
2024-08-12,26.0,-89.5,90
2024-08-12,26.0,-89.0,360
2024-08-12,26.0,-87.5,180
2024-08-12,26.0,-86.5,270
2024-08-12,26.0,-84.0,90
2024-08-12,26.0,-83.5,90
2024-08-12,26.0,-82.0,2070
2024-08-12,26.0,-81.5,4410
2024-08-12,26.0,-81.0,3150
2024-08-12,26.0,-80.5,1260
2024-08-12,26.0,-80.0,180
2024-08-12,26.0,-77.5,270
2024-08-12,26.0,-69.5,90
2024-08-12,26.0,-68.5,180
2024-08-12,26.0,-67.5,90
2024-08-12,26.0,-67.0,180
2024-08-12,26.0,-66.5,540
2024-08-12,26.0,-66.0,900
2024-08-12,26.5,-113.0,180
2024-08-12,26.5,-112.5,540
2024-08-12,26.5,-110.5,900
2024-08-12,26.5,-110.0,1170
2024-08-12,26.5,-109.5,720
2024-08-12,26.5,-109.0,5400
2024-08-12,26.5,-108.5,5040
2024-08-12,26.5,-108.0,5400
2024-08-12,26.5,-107.5,1440
2024-08-12,26.5,-107.0,540
2024-08-12,26.5,-106.5,540
2024-08-12,26.5,-106.0,450
2024-08-12,26.5,-105.5,270
2024-08-12,26.5,-104.0,180
2024-08-12,26.5,-103.5,540
2024-08-12,26.5,-103.0,90
2024-08-12,26.5,-102.0,2430
2024-08-12,26.5,-101.5,450
2024-08-12,26.5,-99.5,540
2024-08-12,26.5,-98.5,540
2024-08-12,26.5,-98.0,90
2024-08-12,26.5,-96.0,90
2024-08-12,26.5,-95.5,180
2024-08-12,26.5,-93.0,450
2024-08-12,26.5,-92.5,360
2024-08-12,26.5,-92.0,180
2024-08-12,26.5,-91.5,540
2024-08-12,26.5,-90.5,360
2024-08-12,26.5,-90.0,90
2024-08-12,26.5,-89.5,180
2024-08-12,26.5,-89.0,270
2024-08-12,26.5,-88.5,180
2024-08-12,26.5,-87.5,90
2024-08-12,26.5,-86.5,270
2024-08-12,26.5,-82.5,90
2024-08-12,26.5,-82.0,990
2024-08-12,26.5,-81.5,1170
2024-08-12,26.5,-81.0,990
2024-08-12,26.5,-80.5,1620
2024-08-12,26.5,-79.0,180
2024-08-12,26.5,-68.0,180
2024-08-12,26.5,-67.5,180
2024-08-12,26.5,-66.5,450
2024-08-12,26.5,-66.0,720
2024-08-12,27.0,-113.0,720
2024-08-12,27.0,-112.5,270
2024-08-12,27.0,-111.0,90
2024-08-12,27.0,-110.5,2700
2024-08-12,27.0,-110.0,1710
2024-08-12,27.0,-109.5,3600
2024-08-12,27.0,-109.0,6660
2024-08-12,27.0,-108.5,7740
2024-08-12,27.0,-108.0,3510
2024-08-12,27.0,-107.5,1440
2024-08-12,27.0,-107.0,270
2024-08-12,27.0,-106.5,360
2024-08-12,27.0,-106.0,540
2024-08-12,27.0,-105.5,720
2024-08-12,27.0,-105.0,1350
2024-08-12,27.0,-104.5,90
2024-08-12,27.0,-104.0,180
2024-08-12,27.0,-103.5,1080
2024-08-12,27.0,-103.0,1260
2024-08-12,27.0,-102.5,540
2024-08-12,27.0,-101.5,270
2024-08-12,27.0,-98.5,180
2024-08-12,27.0,-95.0,90
2024-08-12,27.0,-93.5,450
2024-08-12,27.0,-92.5,450
2024-08-12,27.0,-92.0,720
2024-08-12,27.0,-91.5,360
2024-08-12,27.0,-90.0,90
2024-08-12,27.0,-89.0,90
2024-08-12,27.0,-88.5,360
2024-08-12,27.0,-87.5,90
2024-08-12,27.0,-86.5,270
2024-08-12,27.0,-82.5,1710
2024-08-12,27.0,-82.0,720
2024-08-12,27.0,-81.5,540
2024-08-12,27.0,-81.0,3870
2024-08-12,27.0,-80.5,1710
2024-08-12,27.0,-80.0,360
2024-08-12,27.0,-78.5,90
2024-08-12,27.0,-68.0,90
2024-08-12,27.0,-66.5,90
2024-08-12,27.0,-66.0,900
2024-08-12,27.0,-65.5,90
2024-08-12,27.5,-113.5,180
2024-08-12,27.5,-113.0,90
2024-08-12,27.5,-111.5,900
2024-08-12,27.5,-111.0,2340
2024-08-12,27.5,-110.5,2160
2024-08-12,27.5,-110.0,4590
2024-08-12,27.5,-109.5,4770
2024-08-12,27.5,-109.0,6120
2024-08-12,27.5,-108.5,7290
2024-08-12,27.5,-108.0,3060
2024-08-12,27.5,-107.5,270
2024-08-12,27.5,-107.0,990
2024-08-12,27.5,-106.5,540
2024-08-12,27.5,-106.0,90
2024-08-12,27.5,-105.5,1620
2024-08-12,27.5,-105.0,900
2024-08-12,27.5,-104.0,450
2024-08-12,27.5,-103.5,90
2024-08-12,27.5,-103.0,1080
2024-08-12,27.5,-102.5,630
2024-08-12,27.5,-93.0,450
2024-08-12,27.5,-92.5,630
2024-08-12,27.5,-91.5,90
2024-08-12,27.5,-91.0,90
2024-08-12,27.5,-90.5,450
2024-08-12,27.5,-89.5,90
2024-08-12,27.5,-89.0,90
2024-08-12,27.5,-88.5,180
2024-08-12,27.5,-86.5,360
2024-08-12,27.5,-86.0,270
2024-08-12,27.5,-83.0,180
2024-08-12,27.5,-82.5,1620
2024-08-12,27.5,-82.0,360
2024-08-12,27.5,-81.5,270
2024-08-12,27.5,-81.0,3330
2024-08-12,27.5,-80.5,270
2024-08-12,27.5,-79.5,270
2024-08-12,27.5,-66.5,360
2024-08-12,27.5,-66.0,720
2024-08-12,27.5,-65.5,90
2024-08-12,28.0,-114.0,90
2024-08-12,28.0,-113.5,270
2024-08-12,28.0,-111.5,1260
2024-08-12,28.0,-111.0,4680
2024-08-12,28.0,-110.5,5310
2024-08-12,28.0,-110.0,4230
2024-08-12,28.0,-109.5,4590
2024-08-12,28.0,-109.0,4050
2024-08-12,28.0,-108.5,3420
2024-08-12,28.0,-108.0,900
2024-08-12,28.0,-107.5,540
2024-08-12,28.0,-107.0,540
2024-08-12,28.0,-106.5,180
2024-08-12,28.0,-106.0,180
2024-08-12,28.0,-105.5,1980
2024-08-12,28.0,-105.0,1890
2024-08-12,28.0,-104.5,270
2024-08-12,28.0,-104.0,450
2024-08-12,28.0,-103.5,180
2024-08-12,28.0,-103.0,360
2024-08-12,28.0,-102.5,720
2024-08-12,28.0,-97.5,90
2024-08-12,28.0,-97.0,720
2024-08-12,28.0,-94.5,180
2024-08-12,28.0,-93.5,540
2024-08-12,28.0,-93.0,450
2024-08-12,28.0,-92.5,270
2024-08-12,28.0,-92.0,270
2024-08-12,28.0,-91.5,450
2024-08-12,28.0,-90.0,180
2024-08-12,28.0,-89.0,90
2024-08-12,28.0,-87.0,540
2024-08-12,28.0,-86.5,450
2024-08-12,28.0,-86.0,180
2024-08-12,28.0,-85.5,90
2024-08-12,28.0,-83.5,180
2024-08-12,28.0,-83.0,270
2024-08-12,28.0,-82.5,900
2024-08-12,28.0,-82.0,450
2024-08-12,28.0,-81.5,720
2024-08-12,28.0,-81.0,180
2024-08-12,28.0,-80.5,360
2024-08-12,28.0,-80.0,180
2024-08-12,28.0,-79.0,180
2024-08-12,28.0,-78.5,90
2024-08-12,28.0,-77.5,90
2024-08-12,28.0,-66.5,180
2024-08-12,28.0,-66.0,1440
2024-08-12,28.5,-114.0,450
2024-08-12,28.5,-112.5,90
2024-08-12,28.5,-111.5,270
2024-08-12,28.5,-111.0,2700
2024-08-12,28.5,-110.5,3240
2024-08-12,28.5,-110.0,3780
2024-08-12,28.5,-109.5,7830
2024-08-12,28.5,-109.0,7110
2024-08-12,28.5,-108.5,3690
2024-08-12,28.5,-108.0,270
2024-08-12,28.5,-107.5,1260
2024-08-12,28.5,-107.0,540
2024-08-12,28.5,-106.5,360
2024-08-12,28.5,-106.0,630
2024-08-12,28.5,-105.5,810
2024-08-12,28.5,-105.0,900
2024-08-12,28.5,-104.5,1080
2024-08-12,28.5,-104.0,810
2024-08-12,28.5,-103.5,540
2024-08-12,28.5,-103.0,540
2024-08-12,28.5,-102.5,450
2024-08-12,28.5,-97.5,270
2024-08-12,28.5,-97.0,810
2024-08-12,28.5,-96.5,360
2024-08-12,28.5,-96.0,90
2024-08-12,28.5,-95.5,90
2024-08-12,28.5,-94.0,180
2024-08-12,28.5,-93.5,1170
2024-08-12,28.5,-93.0,450
2024-08-12,28.5,-92.5,90
2024-08-12,28.5,-92.0,1350
2024-08-12,28.5,-91.5,270
2024-08-12,28.5,-91.0,540
2024-08-12,28.5,-90.5,1080
2024-08-12,28.5,-90.0,1800
2024-08-12,28.5,-89.5,2160
2024-08-12,28.5,-89.0,360
2024-08-12,28.5,-88.0,90
2024-08-12,28.5,-87.0,90
2024-08-12,28.5,-86.5,900
2024-08-12,28.5,-86.0,90
2024-08-12,28.5,-85.5,90
2024-08-12,28.5,-83.0,270
2024-08-12,28.5,-82.5,1260
2024-08-12,28.5,-82.0,1620
2024-08-12,28.5,-81.5,360
2024-08-12,28.5,-81.0,1530
2024-08-12,28.5,-80.5,180
2024-08-12,28.5,-74.5,90
2024-08-12,28.5,-69.5,90
2024-08-12,28.5,-67.0,90
2024-08-12,28.5,-66.5,360
2024-08-12,28.5,-66.0,540
2024-08-12,28.5,-65.5,270
2024-08-12,29.0,-112.5,630
2024-08-12,29.0,-112.0,270
2024-08-12,29.0,-111.5,1620
2024-08-12,29.0,-111.0,4770
2024-08-12,29.0,-110.5,3690
2024-08-12,29.0,-110.0,4410
2024-08-12,29.0,-109.5,6210
2024-08-12,29.0,-109.0,6390
2024-08-12,29.0,-108.5,4320
2024-08-12,29.0,-108.0,990
2024-08-12,29.0,-107.5,450
2024-08-12,29.0,-107.0,450
2024-08-12,29.0,-106.5,90
2024-08-12,29.0,-106.0,450
2024-08-12,29.0,-105.5,270
2024-08-12,29.0,-104.5,180
2024-08-12,29.0,-104.0,90
2024-08-12,29.0,-103.5,180
2024-08-12,29.0,-103.0,720
2024-08-12,29.0,-102.5,900
2024-08-12,29.0,-97.5,90
2024-08-12,29.0,-97.0,810
2024-08-12,29.0,-96.5,1170
2024-08-12,29.0,-96.0,360
2024-08-12,29.0,-95.5,1440
2024-08-12,29.0,-95.0,270
2024-08-12,29.0,-94.5,720
2024-08-12,29.0,-94.0,630
2024-08-12,29.0,-93.5,1170
2024-08-12,29.0,-93.0,360
2024-08-12,29.0,-92.5,1260
2024-08-12,29.0,-92.0,1440
2024-08-12,29.0,-91.5,1350
2024-08-12,29.0,-91.0,2250
2024-08-12,29.0,-90.5,810
2024-08-12,29.0,-90.0,2250
2024-08-12,29.0,-89.5,3330
2024-08-12,29.0,-89.0,900
2024-08-12,29.0,-88.5,900
2024-08-12,29.0,-87.5,270
2024-08-12,29.0,-83.5,180
2024-08-12,29.0,-83.0,270
2024-08-12,29.0,-82.5,180
2024-08-12,29.0,-82.0,1080
2024-08-12,29.0,-81.5,1440
2024-08-12,29.0,-81.0,90
2024-08-12,29.0,-79.5,90
2024-08-12,29.0,-78.5,90
2024-08-12,29.0,-77.5,90
2024-08-12,29.0,-67.5,270
2024-08-12,29.0,-67.0,180
2024-08-12,29.0,-66.5,720
2024-08-12,29.0,-66.0,1260
2024-08-12,29.5,-113.5,90
2024-08-12,29.5,-113.0,270
2024-08-12,29.5,-112.5,630
2024-08-12,29.5,-112.0,3510
2024-08-12,29.5,-111.5,3960
2024-08-12,29.5,-111.0,4950
2024-08-12,29.5,-110.5,3240
2024-08-12,29.5,-110.0,2790
2024-08-12,29.5,-109.5,3240
2024-08-12,29.5,-109.0,5040
2024-08-12,29.5,-108.5,2160
2024-08-12,29.5,-108.0,540
2024-08-12,29.5,-107.5,720
2024-08-12,29.5,-107.0,900
2024-08-12,29.5,-106.5,810
2024-08-12,29.5,-106.0,990
2024-08-12,29.5,-105.5,180
2024-08-12,29.5,-105.0,270
2024-08-12,29.5,-104.5,90
2024-08-12,29.5,-104.0,630
2024-08-12,29.5,-103.5,810
2024-08-12,29.5,-103.0,450
2024-08-12,29.5,-96.0,1170
2024-08-12,29.5,-95.5,1350
2024-08-12,29.5,-95.0,360
2024-08-12,29.5,-94.5,900
2024-08-12,29.5,-94.0,90
2024-08-12,29.5,-93.5,540
2024-08-12,29.5,-93.0,2610
2024-08-12,29.5,-92.5,1800
2024-08-12,29.5,-92.0,2160
2024-08-12,29.5,-91.5,4320
2024-08-12,29.5,-91.0,5940
2024-08-12,29.5,-90.5,2340
2024-08-12,29.5,-90.0,720
2024-08-12,29.5,-89.5,1350
2024-08-12,29.5,-89.0,720
2024-08-12,29.5,-88.5,90
2024-08-12,29.5,-87.5,90
2024-08-12,29.5,-85.0,90
2024-08-12,29.5,-83.5,180
2024-08-12,29.5,-83.0,270
2024-08-12,29.5,-82.5,450
2024-08-12,29.5,-82.0,90
2024-08-12,29.5,-81.5,90
2024-08-12,29.5,-79.5,90
2024-08-12,29.5,-79.0,180
2024-08-12,29.5,-78.5,450
2024-08-12,29.5,-78.0,180
2024-08-12,29.5,-77.5,90
2024-08-12,29.5,-74.0,90
2024-08-12,29.5,-68.0,180
2024-08-12,29.5,-67.5,360
2024-08-12,29.5,-67.0,900
2024-08-12,29.5,-66.5,1350
2024-08-12,29.5,-66.0,90
2024-08-12,30.0,-113.0,270
2024-08-12,30.0,-112.5,1800
2024-08-12,30.0,-112.0,3150
2024-08-12,30.0,-111.5,2970
2024-08-12,30.0,-111.0,5040
2024-08-12,30.0,-110.5,5400
2024-08-12,30.0,-110.0,3060
2024-08-12,30.0,-109.5,4950
2024-08-12,30.0,-109.0,3780
2024-08-12,30.0,-108.5,990
2024-08-12,30.0,-108.0,720
2024-08-12,30.0,-107.5,90
2024-08-12,30.0,-107.0,270
2024-08-12,30.0,-106.5,360
2024-08-12,30.0,-106.0,180
2024-08-12,30.0,-105.5,990
2024-08-12,30.0,-105.0,810
2024-08-12,30.0,-104.5,360
2024-08-12,30.0,-104.0,810
2024-08-12,30.0,-103.5,720
2024-08-12,30.0,-103.0,540
2024-08-12,30.0,-96.0,900
2024-08-12,30.0,-95.0,810
2024-08-12,30.0,-94.5,360
2024-08-12,30.0,-94.0,360
2024-08-12,30.0,-93.5,180
2024-08-12,30.0,-93.0,360
2024-08-12,30.0,-92.5,4140
2024-08-12,30.0,-92.0,2070
2024-08-12,30.0,-91.5,7020
2024-08-12,30.0,-91.0,7020
2024-08-12,30.0,-90.5,2160
2024-08-12,30.0,-90.0,3600
2024-08-12,30.0,-89.5,1890
2024-08-12,30.0,-89.0,540
2024-08-12,30.0,-88.5,720
2024-08-12,30.0,-88.0,2790
2024-08-12,30.0,-87.5,180
2024-08-12,30.0,-84.5,90
2024-08-12,30.0,-83.5,90
2024-08-12,30.0,-83.0,90
2024-08-12,30.0,-82.5,270
2024-08-12,30.0,-82.0,450
2024-08-12,30.0,-81.5,450
2024-08-12,30.0,-81.0,90
2024-08-12,30.0,-80.0,90
2024-08-12,30.0,-79.5,270
2024-08-12,30.0,-79.0,90
2024-08-12,30.0,-78.5,180
2024-08-12,30.0,-75.5,90
2024-08-12,30.0,-72.0,180
2024-08-12,30.0,-70.0,90
2024-08-12,30.0,-69.5,90
2024-08-12,30.0,-67.0,1620
2024-08-12,30.0,-66.5,900
2024-08-12,30.5,-114.5,90
2024-08-12,30.5,-112.0,1170
2024-08-12,30.5,-111.5,1890
2024-08-12,30.5,-111.0,5580
2024-08-12,30.5,-110.5,4410
2024-08-12,30.5,-110.0,4500
2024-08-12,30.5,-109.5,2160
2024-08-12,30.5,-109.0,1620
2024-08-12,30.5,-108.5,540
2024-08-12,30.5,-108.0,900
2024-08-12,30.5,-107.5,270
2024-08-12,30.5,-107.0,180
2024-08-12,30.5,-106.5,360
2024-08-12,30.5,-106.0,1260
2024-08-12,30.5,-105.5,360
2024-08-12,30.5,-105.0,270
2024-08-12,30.5,-104.5,540
2024-08-12,30.5,-104.0,1620
2024-08-12,30.5,-103.5,540
2024-08-12,30.5,-103.0,630
2024-08-12,30.5,-102.5,720
2024-08-12,30.5,-94.0,180
2024-08-12,30.5,-93.5,720
2024-08-12,30.5,-93.0,90
2024-08-12,30.5,-92.5,540
2024-08-12,30.5,-92.0,990
2024-08-12,30.5,-91.5,3060
2024-08-12,30.5,-91.0,9270
2024-08-12,30.5,-90.5,8820
2024-08-12,30.5,-90.0,10530
2024-08-12,30.5,-89.5,7020
2024-08-12,30.5,-89.0,4410
2024-08-12,30.5,-88.5,5670
2024-08-12,30.5,-88.0,900
2024-08-12,30.5,-87.5,2070
2024-08-12,30.5,-87.0,540
2024-08-12,30.5,-86.5,270
2024-08-12,30.5,-86.0,360
2024-08-12,30.5,-85.5,270
2024-08-12,30.5,-85.0,540
2024-08-12,30.5,-83.0,180
2024-08-12,30.5,-82.5,180
2024-08-12,30.5,-82.0,3060
2024-08-12,30.5,-81.5,1260
2024-08-12,30.5,-81.0,540
2024-08-12,30.5,-79.5,90
2024-08-12,30.5,-77.5,540
2024-08-12,30.5,-77.0,630
2024-08-12,30.5,-76.5,270
2024-08-12,30.5,-76.0,270
2024-08-12,30.5,-75.5,450
2024-08-12,30.5,-71.0,90
2024-08-12,30.5,-67.0,180
2024-08-12,30.5,-66.5,360
2024-08-12,31.0,-116.0,180
2024-08-12,31.0,-115.5,90
2024-08-12,31.0,-112.5,270
2024-08-12,31.0,-112.0,1800
2024-08-12,31.0,-111.5,3420
2024-08-12,31.0,-111.0,2880
2024-08-12,31.0,-110.5,2340
2024-08-12,31.0,-110.0,2970
2024-08-12,31.0,-109.5,2520
2024-08-12,31.0,-109.0,1080
2024-08-12,31.0,-108.5,540
2024-08-12,31.0,-108.0,540
2024-08-12,31.0,-107.5,360
2024-08-12,31.0,-107.0,540
2024-08-12,31.0,-106.5,360
2024-08-12,31.0,-106.0,810
2024-08-12,31.0,-105.5,540
2024-08-12,31.0,-105.0,270
2024-08-12,31.0,-104.5,810
2024-08-12,31.0,-104.0,450
2024-08-12,31.0,-103.0,900
2024-08-12,31.0,-102.5,90
2024-08-12,31.0,-93.5,90
2024-08-12,31.0,-92.5,720
2024-08-12,31.0,-92.0,1890
2024-08-12,31.0,-91.5,2520
2024-08-12,31.0,-91.0,6120
2024-08-12,31.0,-90.5,6570
2024-08-12,31.0,-90.0,2700
2024-08-12,31.0,-89.5,5490
2024-08-12,31.0,-89.0,2070
2024-08-12,31.0,-88.5,3150
2024-08-12,31.0,-88.0,3510
2024-08-12,31.0,-87.5,1260
2024-08-12,31.0,-87.0,630
2024-08-12,31.0,-86.5,630
2024-08-12,31.0,-85.5,630
2024-08-12,31.0,-85.0,630
2024-08-12,31.0,-84.0,90
2024-08-12,31.0,-82.0,1080
2024-08-12,31.0,-81.5,270
2024-08-12,31.0,-80.5,90
2024-08-12,31.0,-78.0,180
2024-08-12,31.0,-77.5,2070
2024-08-12,31.0,-77.0,450
2024-08-12,31.0,-76.5,720
2024-08-12,31.0,-73.0,90
2024-08-12,31.0,-72.0,90
2024-08-12,31.0,-71.0,90
2024-08-12,31.0,-70.5,180
2024-08-12,31.0,-69.5,270
2024-08-12,31.0,-69.0,360
2024-08-12,31.0,-68.5,180
2024-08-12,31.0,-68.0,180
2024-08-12,31.0,-67.5,90
2024-08-12,31.0,-67.0,180
2024-08-12,31.0,-66.5,90
2024-08-12,31.5,-116.0,900
2024-08-12,31.5,-112.5,540
2024-08-12,31.5,-112.0,5040
2024-08-12,31.5,-111.5,1530
2024-08-12,31.5,-111.0,1440
2024-08-12,31.5,-110.5,1170
2024-08-12,31.5,-110.0,2070
2024-08-12,31.5,-109.5,810
2024-08-12,31.5,-109.0,360
2024-08-12,31.5,-108.5,270
2024-08-12,31.5,-108.0,270
2024-08-12,31.5,-107.5,270
2024-08-12,31.5,-107.0,450
2024-08-12,31.5,-106.5,270
2024-08-12,31.5,-106.0,540
2024-08-12,31.5,-105.5,270
2024-08-12,31.5,-104.5,90
2024-08-12,31.5,-104.0,360
2024-08-12,31.5,-103.5,1080
2024-08-12,31.5,-92.5,1530
2024-08-12,31.5,-92.0,1890
2024-08-12,31.5,-91.5,2970
2024-08-12,31.5,-91.0,3150
2024-08-12,31.5,-90.5,6570
2024-08-12,31.5,-90.0,3330
2024-08-12,31.5,-89.5,4230
2024-08-12,31.5,-89.0,4950
2024-08-12,31.5,-88.5,2250
2024-08-12,31.5,-88.0,990
2024-08-12,31.5,-87.5,1350
2024-08-12,31.5,-87.0,1170
2024-08-12,31.5,-86.5,180
2024-08-12,31.5,-86.0,180
2024-08-12,31.5,-85.5,540
2024-08-12,31.5,-85.0,810
2024-08-12,31.5,-84.5,270
2024-08-12,31.5,-84.0,360
2024-08-12,31.5,-83.5,90
2024-08-12,31.5,-81.0,90
2024-08-12,31.5,-78.5,270
2024-08-12,31.5,-78.0,180
2024-08-12,31.5,-77.5,270
2024-08-12,31.5,-77.0,270
2024-08-12,31.5,-76.5,180
2024-08-12,31.5,-74.0,180
2024-08-12,31.5,-72.5,90
2024-08-12,31.5,-72.0,90
2024-08-12,31.5,-69.5,180
2024-08-12,31.5,-69.0,720
2024-08-12,31.5,-68.5,90
2024-08-12,31.5,-68.0,270
2024-08-12,31.5,-67.5,270
2024-08-12,31.5,-66.5,90
2024-08-12,31.5,-66.0,90
2024-08-12,32.0,-116.0,180
2024-08-12,32.0,-115.5,630
2024-08-12,32.0,-113.0,180
2024-08-12,32.0,-112.5,810
2024-08-12,32.0,-112.0,1710
2024-08-12,32.0,-111.5,810
2024-08-12,32.0,-111.0,630
2024-08-12,32.0,-110.5,810
2024-08-12,32.0,-110.0,1710
2024-08-12,32.0,-109.5,810
2024-08-12,32.0,-109.0,360
2024-08-12,32.0,-108.5,90
2024-08-12,32.0,-108.0,450
2024-08-12,32.0,-107.5,180
2024-08-12,32.0,-107.0,90
2024-08-12,32.0,-106.5,90
2024-08-12,32.0,-106.0,720
2024-08-12,32.0,-105.0,360
2024-08-12,32.0,-104.5,360
2024-08-12,32.0,-104.0,180
2024-08-12,32.0,-103.5,90
2024-08-12,32.0,-103.0,2880
2024-08-12,32.0,-102.5,1170
2024-08-12,32.0,-102.0,90
2024-08-12,32.0,-92.5,180
2024-08-12,32.0,-92.0,360
2024-08-12,32.0,-91.5,3960
2024-08-12,32.0,-91.0,900
2024-08-12,32.0,-90.5,2880
2024-08-12,32.0,-90.0,1620
2024-08-12,32.0,-89.5,270
2024-08-12,32.0,-89.0,1710
2024-08-12,32.0,-88.5,1170
2024-08-12,32.0,-88.0,4050
2024-08-12,32.0,-87.5,1980
2024-08-12,32.0,-87.0,2250
2024-08-12,32.0,-86.5,540
2024-08-12,32.0,-86.0,1620
2024-08-12,32.0,-85.5,810
2024-08-12,32.0,-85.0,810
2024-08-12,32.0,-84.5,2610
2024-08-12,32.0,-84.0,1350
2024-08-12,32.0,-83.5,1980
2024-08-12,32.0,-83.0,900
2024-08-12,32.0,-82.5,90
2024-08-12,32.0,-80.5,360
2024-08-12,32.0,-80.0,90
2024-08-12,32.0,-79.5,90
2024-08-12,32.0,-78.0,90
2024-08-12,32.0,-77.5,270
2024-08-12,32.0,-76.5,450
2024-08-12,32.0,-75.5,720
2024-08-12,32.0,-75.0,540
2024-08-12,32.0,-74.5,540
2024-08-12,32.0,-74.0,360
2024-08-12,32.0,-73.5,90
2024-08-12,32.0,-73.0,90
2024-08-12,32.0,-72.5,90
2024-08-12,32.0,-70.0,90
2024-08-12,32.0,-68.0,90
2024-08-12,32.0,-67.5,90
2024-08-12,32.0,-66.5,90
2024-08-12,32.0,-65.5,360
2024-08-12,32.5,-116.5,270
2024-08-12,32.5,-116.0,450
2024-08-12,32.5,-113.0,90
2024-08-12,32.5,-112.5,720
2024-08-12,32.5,-112.0,270
2024-08-12,32.5,-111.5,450
2024-08-12,32.5,-111.0,1170
2024-08-12,32.5,-110.5,2070
2024-08-12,32.5,-110.0,1890
2024-08-12,32.5,-109.5,540
2024-08-12,32.5,-109.0,630
2024-08-12,32.5,-108.5,630
2024-08-12,32.5,-108.0,450
2024-08-12,32.5,-107.5,900
2024-08-12,32.5,-107.0,450
2024-08-12,32.5,-106.5,180
2024-08-12,32.5,-106.0,450
2024-08-12,32.5,-105.0,90
2024-08-12,32.5,-104.5,630
2024-08-12,32.5,-104.0,90
2024-08-12,32.5,-103.5,90
2024-08-12,32.5,-103.0,720
2024-08-12,32.5,-102.5,2520
2024-08-12,32.5,-102.0,540
2024-08-12,32.5,-101.0,450
2024-08-12,32.5,-100.5,90
2024-08-12,32.5,-94.0,90
2024-08-12,32.5,-93.5,90
2024-08-12,32.5,-92.5,90
2024-08-12,32.5,-92.0,90
2024-08-12,32.5,-91.5,1080
2024-08-12,32.5,-91.0,1260
2024-08-12,32.5,-90.5,2340
2024-08-12,32.5,-90.0,5940
2024-08-12,32.5,-89.5,3150
2024-08-12,32.5,-89.0,2160
2024-08-12,32.5,-88.5,1890
2024-08-12,32.5,-88.0,2880
2024-08-12,32.5,-87.5,3420
2024-08-12,32.5,-87.0,2520
2024-08-12,32.5,-86.5,1260
2024-08-12,32.5,-86.0,1350
2024-08-12,32.5,-85.5,1710
2024-08-12,32.5,-85.0,1170
2024-08-12,32.5,-84.5,360
2024-08-12,32.5,-84.0,2610
2024-08-12,32.5,-83.5,1350
2024-08-12,32.5,-83.0,2520
2024-08-12,32.5,-82.5,90
2024-08-12,32.5,-81.0,1080
2024-08-12,32.5,-80.5,270
2024-08-12,32.5,-80.0,720
2024-08-12,32.5,-79.5,90
2024-08-12,32.5,-78.5,90
2024-08-12,32.5,-78.0,180
2024-08-12,32.5,-77.5,180
2024-08-12,32.5,-76.5,900
2024-08-12,32.5,-76.0,450
2024-08-12,32.5,-75.5,450
2024-08-12,32.5,-75.0,1710
2024-08-12,32.5,-74.5,900
2024-08-12,32.5,-74.0,630
2024-08-12,32.5,-73.5,720
2024-08-12,32.5,-73.0,630
2024-08-12,32.5,-72.5,90
2024-08-12,32.5,-72.0,90
2024-08-12,32.5,-71.5,270
2024-08-12,32.5,-70.0,90
2024-08-12,32.5,-67.0,90
2024-08-12,32.5,-65.5,90
2024-08-12,33.0,-116.5,90
2024-08-12,33.0,-113.0,90
2024-08-12,33.0,-112.5,360
2024-08-12,33.0,-112.0,450
2024-08-12,33.0,-111.5,90
2024-08-12,33.0,-111.0,360
2024-08-12,33.0,-110.5,1530
2024-08-12,33.0,-110.0,1350
2024-08-12,33.0,-109.5,1350
2024-08-12,33.0,-109.0,1620
2024-08-12,33.0,-108.5,1980
2024-08-12,33.0,-108.0,720
2024-08-12,33.0,-107.5,900
2024-08-12,33.0,-107.0,540
2024-08-12,33.0,-106.5,90
2024-08-12,33.0,-106.0,810
2024-08-12,33.0,-105.5,450
2024-08-12,33.0,-105.0,450
2024-08-12,33.0,-104.5,720
2024-08-12,33.0,-104.0,180
2024-08-12,33.0,-103.5,90
2024-08-12,33.0,-103.0,360
2024-08-12,33.0,-102.5,540
2024-08-12,33.0,-102.0,360
2024-08-12,33.0,-101.5,270
2024-08-12,33.0,-101.0,900
2024-08-12,33.0,-100.5,1350
2024-08-12,33.0,-94.0,180
2024-08-12,33.0,-92.5,270
2024-08-12,33.0,-92.0,1080
2024-08-12,33.0,-91.5,450
2024-08-12,33.0,-91.0,2070
2024-08-12,33.0,-90.5,720
2024-08-12,33.0,-90.0,1350
2024-08-12,33.0,-89.5,990
2024-08-12,33.0,-89.0,990
2024-08-12,33.0,-88.5,1170
2024-08-12,33.0,-88.0,3240
2024-08-12,33.0,-87.5,3510
2024-08-12,33.0,-87.0,2430
2024-08-12,33.0,-86.5,3690
2024-08-12,33.0,-86.0,2070
2024-08-12,33.0,-85.5,2160
2024-08-12,33.0,-85.0,1710
2024-08-12,33.0,-84.5,2700
2024-08-12,33.0,-84.0,990
2024-08-12,33.0,-83.5,540
2024-08-12,33.0,-83.0,90
2024-08-12,33.0,-81.0,1350
2024-08-12,33.0,-80.0,1080
2024-08-12,33.0,-79.5,540
2024-08-12,33.0,-77.5,90
2024-08-12,33.0,-77.0,180
2024-08-12,33.0,-76.5,90
2024-08-12,33.0,-76.0,360
2024-08-12,33.0,-75.5,180
2024-08-12,33.0,-75.0,360
2024-08-12,33.0,-74.5,360
2024-08-12,33.0,-74.0,360
2024-08-12,33.0,-73.5,270
2024-08-12,33.0,-73.0,90
2024-08-12,33.0,-72.5,90
2024-08-12,33.0,-72.0,90
2024-08-12,33.0,-71.5,180
2024-08-12,33.0,-71.0,270
2024-08-12,33.0,-70.5,180
2024-08-12,33.0,-70.0,270
2024-08-12,33.0,-69.5,360
2024-08-12,33.0,-66.5,90
2024-08-12,33.5,-113.0,90
2024-08-12,33.5,-112.5,180
2024-08-12,33.5,-112.0,630
2024-08-12,33.5,-111.5,540
2024-08-12,33.5,-111.0,90
2024-08-12,33.5,-110.5,360
2024-08-12,33.5,-110.0,1170
2024-08-12,33.5,-109.5,2700
2024-08-12,33.5,-109.0,1350
2024-08-12,33.5,-108.5,720
2024-08-12,33.5,-108.0,1080
2024-08-12,33.5,-107.5,630
2024-08-12,33.5,-107.0,270
2024-08-12,33.5,-106.5,1350
2024-08-12,33.5,-106.0,1530
2024-08-12,33.5,-105.5,1170
2024-08-12,33.5,-105.0,720
2024-08-12,33.5,-104.5,1080
2024-08-12,33.5,-104.0,450
2024-08-12,33.5,-103.5,810
2024-08-12,33.5,-103.0,1170
2024-08-12,33.5,-102.5,360
2024-08-12,33.5,-102.0,900
2024-08-12,33.5,-101.5,1260
2024-08-12,33.5,-101.0,450
2024-08-12,33.5,-100.5,900
2024-08-12,33.5,-99.5,180
2024-08-12,33.5,-99.0,180
2024-08-12,33.5,-93.0,1710
2024-08-12,33.5,-92.5,3240
2024-08-12,33.5,-92.0,2880
2024-08-12,33.5,-91.5,2160
2024-08-12,33.5,-91.0,1350
2024-08-12,33.5,-90.0,180
2024-08-12,33.5,-89.0,360
2024-08-12,33.5,-88.5,900
2024-08-12,33.5,-88.0,90
2024-08-12,33.5,-87.5,1530
2024-08-12,33.5,-87.0,540
2024-08-12,33.5,-86.5,1440
2024-08-12,33.5,-86.0,3150
2024-08-12,33.5,-85.5,2520
2024-08-12,33.5,-85.0,2250
2024-08-12,33.5,-84.5,1440
2024-08-12,33.5,-84.0,1890
2024-08-12,33.5,-83.5,810
2024-08-12,33.5,-82.0,360
2024-08-12,33.5,-81.5,630
2024-08-12,33.5,-81.0,990
2024-08-12,33.5,-80.5,450
2024-08-12,33.5,-80.0,360
2024-08-12,33.5,-79.5,1530
2024-08-12,33.5,-79.0,630
2024-08-12,33.5,-78.5,360
2024-08-12,33.5,-78.0,630
2024-08-12,33.5,-77.5,360
2024-08-12,33.5,-77.0,810
2024-08-12,33.5,-75.0,810
2024-08-12,33.5,-74.5,810
2024-08-12,33.5,-74.0,180
2024-08-12,33.5,-73.0,360
2024-08-12,33.5,-72.5,630
2024-08-12,33.5,-72.0,450
2024-08-12,33.5,-71.5,810
2024-08-12,33.5,-71.0,1080
2024-08-12,33.5,-70.5,360
2024-08-12,33.5,-70.0,450
2024-08-12,33.5,-69.5,180
2024-08-12,33.5,-69.0,180
2024-08-12,33.5,-68.5,90
2024-08-12,33.5,-68.0,90
2024-08-12,33.5,-67.5,90
2024-08-12,33.5,-67.0,90
2024-08-12,33.5,-65.5,180
2024-08-12,34.0,-116.0,90
2024-08-12,34.0,-113.0,90
2024-08-12,34.0,-112.5,270
2024-08-12,34.0,-112.0,180
2024-08-12,34.0,-111.5,1170
2024-08-12,34.0,-111.0,900
2024-08-12,34.0,-110.5,1620
2024-08-12,34.0,-110.0,2970
2024-08-12,34.0,-109.5,1440
2024-08-12,34.0,-109.0,810
2024-08-12,34.0,-108.5,1080
2024-08-12,34.0,-108.0,540
2024-08-12,34.0,-107.5,990
2024-08-12,34.0,-107.0,270
2024-08-12,34.0,-106.5,1170
2024-08-12,34.0,-106.0,1800
2024-08-12,34.0,-105.5,1620
2024-08-12,34.0,-105.0,630
2024-08-12,34.0,-104.5,360
2024-08-12,34.0,-104.0,90
2024-08-12,34.0,-103.5,360
2024-08-12,34.0,-103.0,1440
2024-08-12,34.0,-102.5,1350
2024-08-12,34.0,-102.0,1620
2024-08-12,34.0,-101.5,1620
2024-08-12,34.0,-101.0,1980
2024-08-12,34.0,-100.5,90
2024-08-12,34.0,-99.0,1080
2024-08-12,34.0,-98.0,90
2024-08-12,34.0,-97.0,630
2024-08-12,34.0,-94.5,540
2024-08-12,34.0,-94.0,1350
2024-08-12,34.0,-93.5,1350
2024-08-12,34.0,-93.0,5220
2024-08-12,34.0,-92.5,3780
2024-08-12,34.0,-92.0,2160
2024-08-12,34.0,-91.5,1530
2024-08-12,34.0,-91.0,720
2024-08-12,34.0,-87.0,1170
2024-08-12,34.0,-86.5,4680
2024-08-12,34.0,-86.0,3330
2024-08-12,34.0,-85.5,540
2024-08-12,34.0,-85.0,1710
2024-08-12,34.0,-84.5,630
2024-08-12,34.0,-84.0,630
2024-08-12,34.0,-83.5,2610
2024-08-12,34.0,-83.0,270
2024-08-12,34.0,-82.5,1080
2024-08-12,34.0,-82.0,2610
2024-08-12,34.0,-81.5,450
2024-08-12,34.0,-81.0,720
2024-08-12,34.0,-80.5,450
2024-08-12,34.0,-79.5,270
2024-08-12,34.0,-78.5,180
2024-08-12,34.0,-78.0,630
2024-08-12,34.0,-77.5,270
2024-08-12,34.0,-77.0,180
2024-08-12,34.0,-76.0,180
2024-08-12,34.0,-75.5,90
2024-08-12,34.0,-75.0,720
2024-08-12,34.0,-74.5,2610
2024-08-12,34.0,-74.0,900
2024-08-12,34.0,-73.5,1440
2024-08-12,34.0,-73.0,450
2024-08-12,34.0,-72.5,180
2024-08-12,34.0,-72.0,180
2024-08-12,34.0,-71.5,180
2024-08-12,34.0,-71.0,360
2024-08-12,34.0,-70.5,180
2024-08-12,34.0,-70.0,270
2024-08-12,34.0,-69.5,270
2024-08-12,34.0,-69.0,180
2024-08-12,34.0,-68.5,180
2024-08-12,34.0,-68.0,180
2024-08-12,34.0,-67.0,180
2024-08-12,34.0,-65.5,90
2024-08-12,34.5,-116.5,180
2024-08-12,34.5,-115.5,90
2024-08-12,34.5,-113.5,180
2024-08-12,34.5,-113.0,90
2024-08-12,34.5,-112.5,1260
2024-08-12,34.5,-112.0,810
2024-08-12,34.5,-111.5,1260
2024-08-12,34.5,-111.0,1440
2024-08-12,34.5,-110.5,1440
2024-08-12,34.5,-110.0,540
2024-08-12,34.5,-109.5,270
2024-08-12,34.5,-109.0,180
2024-08-12,34.5,-108.5,540
2024-08-12,34.5,-108.0,1530
2024-08-12,34.5,-107.5,540
2024-08-12,34.5,-107.0,90
2024-08-12,34.5,-106.5,810
2024-08-12,34.5,-106.0,180
2024-08-12,34.5,-105.5,1800
2024-08-12,34.5,-105.0,720
2024-08-12,34.5,-104.5,180
2024-08-12,34.5,-104.0,360
2024-08-12,34.5,-103.5,360
2024-08-12,34.5,-103.0,360
2024-08-12,34.5,-102.5,2610
2024-08-12,34.5,-102.0,3780
2024-08-12,34.5,-101.5,1260
2024-08-12,34.5,-101.0,270
2024-08-12,34.5,-100.5,1170
2024-08-12,34.5,-100.0,2880
2024-08-12,34.5,-99.5,3330
2024-08-12,34.5,-99.0,540
2024-08-12,34.5,-98.5,3510
2024-08-12,34.5,-98.0,540
2024-08-12,34.5,-97.0,900
2024-08-12,34.5,-96.5,270
2024-08-12,34.5,-96.0,630
2024-08-12,34.5,-95.5,630
2024-08-12,34.5,-95.0,1350
2024-08-12,34.5,-94.5,1710
2024-08-12,34.5,-94.0,720
2024-08-12,34.5,-93.5,450
2024-08-12,34.5,-93.0,540
2024-08-12,34.5,-92.5,270
2024-08-12,34.5,-92.0,1620
2024-08-12,34.5,-91.5,360
2024-08-12,34.5,-90.5,270
2024-08-12,34.5,-89.0,90
2024-08-12,34.5,-88.0,180
2024-08-12,34.5,-87.5,270
2024-08-12,34.5,-87.0,1440
2024-08-12,34.5,-86.5,4590
2024-08-12,34.5,-86.0,3060
2024-08-12,34.5,-85.5,4230
2024-08-12,34.5,-85.0,2700
2024-08-12,34.5,-84.5,1260
2024-08-12,34.5,-84.0,270
2024-08-12,34.5,-83.5,270
2024-08-12,34.5,-82.5,450
2024-08-12,34.5,-82.0,3960
2024-08-12,34.5,-81.5,1800
2024-08-12,34.5,-81.0,900
2024-08-12,34.5,-80.5,180
2024-08-12,34.5,-80.0,90
2024-08-12,34.5,-79.5,90
2024-08-12,34.5,-79.0,810
2024-08-12,34.5,-78.5,360
2024-08-12,34.5,-77.5,90
2024-08-12,34.5,-77.0,360
2024-08-12,34.5,-76.5,2070
2024-08-12,34.5,-76.0,1260
2024-08-12,34.5,-75.5,1170
2024-08-12,34.5,-75.0,2880
2024-08-12,34.5,-74.5,1080
2024-08-12,34.5,-74.0,990
2024-08-12,34.5,-73.5,1530
2024-08-12,34.5,-73.0,540
2024-08-12,34.5,-72.5,540
2024-08-12,34.5,-72.0,180
2024-08-12,34.5,-71.5,180
2024-08-12,34.5,-71.0,450
2024-08-12,34.5,-70.5,450
2024-08-12,34.5,-69.5,270
2024-08-12,34.5,-69.0,90
2024-08-12,34.5,-68.0,180
2024-08-12,34.5,-67.5,180
2024-08-12,34.5,-67.0,180
2024-08-12,34.5,-66.5,90
2024-08-12,34.5,-66.0,270
2024-08-12,35.0,-113.5,1170
2024-08-12,35.0,-113.0,450
2024-08-12,35.0,-112.5,540
2024-08-12,35.0,-112.0,540
2024-08-12,35.0,-111.5,1260
2024-08-12,35.0,-111.0,990
2024-08-12,35.0,-110.5,810
2024-08-12,35.0,-110.0,1080
2024-08-12,35.0,-109.5,1080
2024-08-12,35.0,-109.0,630
2024-08-12,35.0,-108.5,810
2024-08-12,35.0,-108.0,270
2024-08-12,35.0,-107.5,720
2024-08-12,35.0,-107.0,90
2024-08-12,35.0,-106.5,90
2024-08-12,35.0,-106.0,90
2024-08-12,35.0,-105.5,900
2024-08-12,35.0,-105.0,2250
2024-08-12,35.0,-104.5,270
2024-08-12,35.0,-104.0,360
2024-08-12,35.0,-103.5,180
2024-08-12,35.0,-103.0,270
2024-08-12,35.0,-102.0,1260
2024-08-12,35.0,-101.5,1440
2024-08-12,35.0,-101.0,90
2024-08-12,35.0,-100.5,90
2024-08-12,35.0,-100.0,270
2024-08-12,35.0,-99.5,1350
2024-08-12,35.0,-99.0,1350
2024-08-12,35.0,-98.5,2520
2024-08-12,35.0,-98.0,2430
2024-08-12,35.0,-97.5,180
2024-08-12,35.0,-97.0,270
2024-08-12,35.0,-96.5,2430
2024-08-12,35.0,-96.0,3510
2024-08-12,35.0,-95.5,1530
2024-08-12,35.0,-95.0,8820
2024-08-12,35.0,-94.5,1350
2024-08-12,35.0,-94.0,2520
2024-08-12,35.0,-93.5,720
2024-08-12,35.0,-93.0,1980
2024-08-12,35.0,-92.5,1260
2024-08-12,35.0,-92.0,540
2024-08-12,35.0,-91.5,270
2024-08-12,35.0,-91.0,630
2024-08-12,35.0,-90.5,1800
2024-08-12,35.0,-90.0,180
2024-08-12,35.0,-89.5,180
2024-08-12,35.0,-89.0,90
2024-08-12,35.0,-88.5,90
2024-08-12,35.0,-88.0,90
2024-08-12,35.0,-87.5,180
2024-08-12,35.0,-87.0,360
2024-08-12,35.0,-86.5,2160
2024-08-12,35.0,-86.0,3510
2024-08-12,35.0,-85.5,1260
2024-08-12,35.0,-85.0,3870
2024-08-12,35.0,-84.5,1530
2024-08-12,35.0,-84.0,1530
2024-08-12,35.0,-83.5,180
2024-08-12,35.0,-83.0,90
2024-08-12,35.0,-82.5,3240
2024-08-12,35.0,-82.0,1890
2024-08-12,35.0,-81.5,90
2024-08-12,35.0,-80.5,1980
2024-08-12,35.0,-80.0,90
2024-08-12,35.0,-79.5,990
2024-08-12,35.0,-79.0,180
2024-08-12,35.0,-77.5,90
2024-08-12,35.0,-76.5,270
2024-08-12,35.0,-76.0,360
2024-08-12,35.0,-75.5,180
2024-08-12,35.0,-75.0,360
2024-08-12,35.0,-74.5,360
2024-08-12,35.0,-74.0,540
2024-08-12,35.0,-73.5,1170
2024-08-12,35.0,-73.0,720
2024-08-12,35.0,-72.5,360
2024-08-12,35.0,-72.0,270
2024-08-12,35.0,-71.5,540
2024-08-12,35.0,-71.0,180
2024-08-12,35.0,-70.5,450
2024-08-12,35.0,-70.0,90
2024-08-12,35.0,-69.5,360
2024-08-12,35.0,-69.0,360
2024-08-12,35.0,-68.5,270
2024-08-12,35.0,-68.0,180
2024-08-12,35.0,-67.0,270
2024-08-12,35.0,-66.0,90
2024-08-12,35.5,-115.5,90
2024-08-12,35.5,-114.0,90
2024-08-12,35.5,-113.5,630
2024-08-12,35.5,-113.0,180
2024-08-12,35.5,-112.5,360
2024-08-12,35.5,-112.0,1440
2024-08-12,35.5,-111.5,1170
2024-08-12,35.5,-111.0,540
2024-08-12,35.5,-110.5,630
2024-08-12,35.5,-110.0,720
2024-08-12,35.5,-109.5,1080
2024-08-12,35.5,-109.0,90
2024-08-12,35.5,-108.5,450
2024-08-12,35.5,-108.0,180
2024-08-12,35.5,-107.5,90
2024-08-12,35.5,-107.0,90
2024-08-12,35.5,-106.5,360
2024-08-12,35.5,-106.0,450
2024-08-12,35.5,-105.5,990
2024-08-12,35.5,-105.0,1710
2024-08-12,35.5,-104.5,1440
2024-08-12,35.5,-104.0,270
2024-08-12,35.5,-103.5,90
2024-08-12,35.5,-102.0,90
2024-08-12,35.5,-101.5,450
2024-08-12,35.5,-101.0,450
2024-08-12,35.5,-100.5,720
2024-08-12,35.5,-100.0,720
2024-08-12,35.5,-99.5,630
2024-08-12,35.5,-99.0,360
2024-08-12,35.5,-98.5,1170
2024-08-12,35.5,-98.0,720
2024-08-12,35.5,-97.5,3690
2024-08-12,35.5,-97.0,2610
2024-08-12,35.5,-96.5,8640
2024-08-12,35.5,-96.0,3960
2024-08-12,35.5,-95.5,6030
2024-08-12,35.5,-95.0,13500
2024-08-12,35.5,-94.5,8100
2024-08-12,35.5,-94.0,4950
2024-08-12,35.5,-93.5,1350
2024-08-12,35.5,-93.0,540
2024-08-12,35.5,-92.5,360
2024-08-12,35.5,-92.0,1530
2024-08-12,35.5,-91.5,2610
2024-08-12,35.5,-91.0,1350
2024-08-12,35.5,-90.5,900
2024-08-12,35.5,-90.0,990
2024-08-12,35.5,-89.5,900
2024-08-12,35.5,-89.0,360
2024-08-12,35.5,-88.5,450
2024-08-12,35.5,-88.0,810
2024-08-12,35.5,-87.5,900
2024-08-12,35.5,-87.0,1170
2024-08-12,35.5,-86.5,810
2024-08-12,35.5,-86.0,540
2024-08-12,35.5,-85.5,720
2024-08-12,35.5,-85.0,810
2024-08-12,35.5,-84.5,2250
2024-08-12,35.5,-84.0,1260
2024-08-12,35.5,-83.0,810
2024-08-12,35.5,-82.5,720
2024-08-12,35.5,-82.0,900
2024-08-12,35.5,-81.5,2970
2024-08-12,35.5,-80.5,1530
2024-08-12,35.5,-80.0,270
2024-08-12,35.5,-79.0,990
2024-08-12,35.5,-78.5,630
2024-08-12,35.5,-77.5,90
2024-08-12,35.5,-76.0,90
2024-08-12,35.5,-75.5,360
2024-08-12,35.5,-75.0,270
2024-08-12,35.5,-74.5,360
2024-08-12,35.5,-74.0,270
2024-08-12,35.5,-73.5,1890
2024-08-12,35.5,-73.0,900
2024-08-12,35.5,-72.5,900
2024-08-12,35.5,-72.0,360
2024-08-12,35.5,-71.5,270
2024-08-12,35.5,-71.0,540
2024-08-12,35.5,-70.5,360
2024-08-12,35.5,-70.0,450
2024-08-12,35.5,-69.0,360
2024-08-12,35.5,-68.5,270
2024-08-12,35.5,-68.0,450
2024-08-12,35.5,-67.5,90
2024-08-12,35.5,-66.0,180
2024-08-12,35.5,-65.5,90
2024-08-12,36.0,-115.5,180
2024-08-12,36.0,-115.0,90
2024-08-12,36.0,-114.0,990
2024-08-12,36.0,-113.5,540
2024-08-12,36.0,-113.0,450
2024-08-12,36.0,-112.5,900
2024-08-12,36.0,-112.0,1800
2024-08-12,36.0,-111.5,1710
2024-08-12,36.0,-111.0,1440
2024-08-12,36.0,-110.5,1440
2024-08-12,36.0,-110.0,900
2024-08-12,36.0,-109.5,1080
2024-08-12,36.0,-109.0,810
2024-08-12,36.0,-108.5,180
2024-08-12,36.0,-108.0,540
2024-08-12,36.0,-107.5,270
2024-08-12,36.0,-107.0,1170
2024-08-12,36.0,-106.5,540
2024-08-12,36.0,-106.0,540
2024-08-12,36.0,-105.5,1440
2024-08-12,36.0,-105.0,1440
2024-08-12,36.0,-104.5,1800
2024-08-12,36.0,-104.0,1170
2024-08-12,36.0,-103.5,990
2024-08-12,36.0,-103.0,450
2024-08-12,36.0,-102.5,270
2024-08-12,36.0,-100.5,90
2024-08-12,36.0,-100.0,360
2024-08-12,36.0,-99.5,990
2024-08-12,36.0,-99.0,450
2024-08-12,36.0,-98.5,180
2024-08-12,36.0,-98.0,630
2024-08-12,36.0,-97.5,4680
2024-08-12,36.0,-97.0,11790
2024-08-12,36.0,-96.5,8190
2024-08-12,36.0,-96.0,7830
2024-08-12,36.0,-95.5,7380
2024-08-12,36.0,-95.0,10170
2024-08-12,36.0,-94.5,9630
2024-08-12,36.0,-94.0,3690
2024-08-12,36.0,-93.5,2790
2024-08-12,36.0,-93.0,1800
2024-08-12,36.0,-92.5,3600
2024-08-12,36.0,-92.0,1530
2024-08-12,36.0,-91.5,1350
2024-08-12,36.0,-91.0,2070
2024-08-12,36.0,-90.5,6390
2024-08-12,36.0,-90.0,4050
2024-08-12,36.0,-89.5,540
2024-08-12,36.0,-88.5,360
2024-08-12,36.0,-88.0,630
2024-08-12,36.0,-87.5,2070
2024-08-12,36.0,-87.0,720
2024-08-12,36.0,-86.5,720
2024-08-12,36.0,-86.0,180
2024-08-12,36.0,-85.5,270
2024-08-12,36.0,-85.0,3150
2024-08-12,36.0,-84.5,1260
2024-08-12,36.0,-84.0,450
2024-08-12,36.0,-83.5,360
2024-08-12,36.0,-83.0,630
2024-08-12,36.0,-82.5,1440
2024-08-12,36.0,-82.0,810
2024-08-12,36.0,-81.5,810
2024-08-12,36.0,-81.0,1080
2024-08-12,36.0,-80.5,1080
2024-08-12,36.0,-79.0,270
2024-08-12,36.0,-78.5,630
2024-08-12,36.0,-77.5,90
2024-08-12,36.0,-73.5,90
2024-08-12,36.0,-72.5,180
2024-08-12,36.0,-71.5,180
2024-08-12,36.0,-71.0,270
2024-08-12,36.0,-70.5,180
2024-08-12,36.0,-70.0,90
2024-08-12,36.0,-69.0,270
2024-08-12,36.0,-68.5,180
2024-08-12,36.0,-68.0,270
2024-08-12,36.0,-67.5,270
2024-08-12,36.0,-67.0,180
2024-08-12,36.0,-66.5,90
2024-08-12,36.5,-116.0,180
2024-08-12,36.5,-114.0,360
2024-08-12,36.5,-113.5,900
2024-08-12,36.5,-113.0,1440
2024-08-12,36.5,-112.5,1440
2024-08-12,36.5,-112.0,1980
2024-08-12,36.5,-111.5,900
2024-08-12,36.5,-111.0,1170
2024-08-12,36.5,-110.5,1350
2024-08-12,36.5,-110.0,900
2024-08-12,36.5,-109.5,540
2024-08-12,36.5,-109.0,720
2024-08-12,36.5,-108.5,90
2024-08-12,36.5,-108.0,90
2024-08-12,36.5,-107.5,360
2024-08-12,36.5,-107.0,90
2024-08-12,36.5,-106.5,360
2024-08-12,36.5,-106.0,270
2024-08-12,36.5,-105.5,810
2024-08-12,36.5,-105.0,900
2024-08-12,36.5,-104.5,900
2024-08-12,36.5,-104.0,900
2024-08-12,36.5,-103.5,1530
2024-08-12,36.5,-103.0,2070
2024-08-12,36.5,-102.5,1890
2024-08-12,36.5,-101.0,90
2024-08-12,36.5,-100.0,90
2024-08-12,36.5,-99.5,90
2024-08-12,36.5,-99.0,90
2024-08-12,36.5,-98.5,1350
2024-08-12,36.5,-98.0,7650
2024-08-12,36.5,-97.5,9810
2024-08-12,36.5,-97.0,5220
2024-08-12,36.5,-96.5,2880
2024-08-12,36.5,-96.0,2250
2024-08-12,36.5,-95.5,8190
2024-08-12,36.5,-95.0,3060
2024-08-12,36.5,-94.5,5040
2024-08-12,36.5,-94.0,4050
2024-08-12,36.5,-93.5,2430
2024-08-12,36.5,-93.0,1620
2024-08-12,36.5,-92.5,3870
2024-08-12,36.5,-92.0,3240
2024-08-12,36.5,-91.5,3330
2024-08-12,36.5,-91.0,7110
2024-08-12,36.5,-90.5,4230
2024-08-12,36.5,-90.0,1170
2024-08-12,36.5,-89.5,270
2024-08-12,36.5,-89.0,630
2024-08-12,36.5,-88.5,180
2024-08-12,36.5,-88.0,270
2024-08-12,36.5,-87.5,3060
2024-08-12,36.5,-87.0,2610
2024-08-12,36.5,-86.5,3330
2024-08-12,36.5,-86.0,900
2024-08-12,36.5,-85.5,1800
2024-08-12,36.5,-85.0,1080
2024-08-12,36.5,-84.5,3150
2024-08-12,36.5,-84.0,3240
2024-08-12,36.5,-83.5,2610
2024-08-12,36.5,-83.0,810
2024-08-12,36.5,-82.5,1170
2024-08-12,36.5,-82.0,180
2024-08-12,36.5,-81.5,180
2024-08-12,36.5,-81.0,630
2024-08-12,36.5,-80.5,630
2024-08-12,36.5,-80.0,360
2024-08-12,36.5,-79.0,90
2024-08-12,36.5,-78.5,630
2024-08-12,36.5,-78.0,990
2024-08-12,36.5,-77.5,1260
2024-08-12,36.5,-76.5,180
2024-08-12,36.5,-73.0,630
2024-08-12,36.5,-72.5,630
2024-08-12,36.5,-72.0,360
2024-08-12,36.5,-71.5,270
2024-08-12,36.5,-71.0,270
2024-08-12,36.5,-70.0,270
2024-08-12,36.5,-69.0,180
2024-08-12,36.5,-68.5,90
2024-08-12,36.5,-67.5,90
2024-08-12,36.5,-67.0,90
2024-08-12,36.5,-66.0,180
2024-08-12,37.0,-115.5,270
2024-08-12,37.0,-115.0,180
2024-08-12,37.0,-114.0,360
2024-08-12,37.0,-113.5,1170
2024-08-12,37.0,-113.0,1260
2024-08-12,37.0,-112.5,1530
2024-08-12,37.0,-112.0,1440
2024-08-12,37.0,-111.5,810
2024-08-12,37.0,-111.0,630
2024-08-12,37.0,-110.5,810
2024-08-12,37.0,-110.0,630
2024-08-12,37.0,-109.5,1530
2024-08-12,37.0,-109.0,180
2024-08-12,37.0,-108.5,630
2024-08-12,37.0,-108.0,360
2024-08-12,37.0,-107.5,90
2024-08-12,37.0,-107.0,90
2024-08-12,37.0,-106.5,90
2024-08-12,37.0,-106.0,270
2024-08-12,37.0,-105.5,270
2024-08-12,37.0,-105.0,1170
2024-08-12,37.0,-104.5,630
2024-08-12,37.0,-104.0,1260
2024-08-12,37.0,-103.5,1350
2024-08-12,37.0,-103.0,1080
2024-08-12,37.0,-102.5,1440
2024-08-12,37.0,-102.0,630
2024-08-12,37.0,-101.5,90
2024-08-12,37.0,-100.5,540
2024-08-12,37.0,-100.0,990
2024-08-12,37.0,-99.5,1530
2024-08-12,37.0,-99.0,990
2024-08-12,37.0,-98.5,1440
2024-08-12,37.0,-98.0,720
2024-08-12,37.0,-97.5,1980
2024-08-12,37.0,-97.0,1890
2024-08-12,37.0,-96.5,2160
2024-08-12,37.0,-96.0,5670
2024-08-12,37.0,-95.5,9450
2024-08-12,37.0,-95.0,2520
2024-08-12,37.0,-94.5,360
2024-08-12,37.0,-94.0,1260
2024-08-12,37.0,-93.5,6390
2024-08-12,37.0,-93.0,11250
2024-08-12,37.0,-92.5,11340
2024-08-12,37.0,-92.0,2880
2024-08-12,37.0,-91.5,2430
2024-08-12,37.0,-91.0,990
2024-08-12,37.0,-90.5,90
2024-08-12,37.0,-90.0,360
2024-08-12,37.0,-89.5,3960
2024-08-12,37.0,-89.0,2520
2024-08-12,37.0,-88.5,450
2024-08-12,37.0,-88.0,1170
2024-08-12,37.0,-87.5,810
2024-08-12,37.0,-87.0,180
2024-08-12,37.0,-86.5,1350
2024-08-12,37.0,-86.0,1080
2024-08-12,37.0,-85.5,270
2024-08-12,37.0,-85.0,1800
2024-08-12,37.0,-84.5,2700
2024-08-12,37.0,-84.0,3420
2024-08-12,37.0,-83.5,630
2024-08-12,37.0,-83.0,810
2024-08-12,37.0,-82.5,360
2024-08-12,37.0,-82.0,270
2024-08-12,37.0,-80.5,180
2024-08-12,37.0,-79.0,270
2024-08-12,37.0,-78.5,180
2024-08-12,37.0,-78.0,2430
2024-08-12,37.0,-77.5,1620
2024-08-12,37.0,-76.5,450
2024-08-12,37.0,-70.5,90
2024-08-12,37.0,-69.5,90
2024-08-12,37.0,-69.0,90
2024-08-12,37.0,-68.5,90
2024-08-12,37.0,-66.5,180
2024-08-12,37.0,-66.0,180
2024-08-12,37.5,-115.0,990
2024-08-12,37.5,-114.5,180
2024-08-12,37.5,-114.0,270
2024-08-12,37.5,-113.5,720
2024-08-12,37.5,-113.0,1080
2024-08-12,37.5,-112.5,1620
2024-08-12,37.5,-112.0,810
2024-08-12,37.5,-111.5,900
2024-08-12,37.5,-111.0,630
2024-08-12,37.5,-110.5,900
2024-08-12,37.5,-110.0,900
2024-08-12,37.5,-109.5,1530
2024-08-12,37.5,-109.0,450
2024-08-12,37.5,-108.5,450
2024-08-12,37.5,-108.0,990
2024-08-12,37.5,-107.5,540
2024-08-12,37.5,-107.0,180
2024-08-12,37.5,-106.5,720
2024-08-12,37.5,-106.0,540
2024-08-12,37.5,-105.5,270
2024-08-12,37.5,-105.0,90
2024-08-12,37.5,-104.5,540
2024-08-12,37.5,-104.0,540
2024-08-12,37.5,-103.5,3690
2024-08-12,37.5,-103.0,1260
2024-08-12,37.5,-102.5,720
2024-08-12,37.5,-102.0,630
2024-08-12,37.5,-101.5,1170
2024-08-12,37.5,-101.0,1980
2024-08-12,37.5,-100.5,3060
2024-08-12,37.5,-100.0,1800
2024-08-12,37.5,-99.5,3150
2024-08-12,37.5,-99.0,1170
2024-08-12,37.5,-98.5,3870
2024-08-12,37.5,-98.0,8010
2024-08-12,37.5,-97.5,3060
2024-08-12,37.5,-97.0,5220
2024-08-12,37.5,-96.5,6480
2024-08-12,37.5,-96.0,7110
2024-08-12,37.5,-95.5,1890
2024-08-12,37.5,-95.0,1260
2024-08-12,37.5,-94.5,2430
2024-08-12,37.5,-94.0,540
2024-08-12,37.5,-93.5,1440
2024-08-12,37.5,-93.0,3870
2024-08-12,37.5,-92.5,3960
2024-08-12,37.5,-92.0,3510
2024-08-12,37.5,-91.0,90
2024-08-12,37.5,-90.5,180
2024-08-12,37.5,-90.0,8550
2024-08-12,37.5,-89.5,3240
2024-08-12,37.5,-89.0,450
2024-08-12,37.5,-86.0,630
2024-08-12,37.5,-85.5,3510
2024-08-12,37.5,-85.0,1980
2024-08-12,37.5,-84.5,3780
2024-08-12,37.5,-84.0,4140
2024-08-12,37.5,-83.5,1710
2024-08-12,37.5,-83.0,540
2024-08-12,37.5,-82.5,4050
2024-08-12,37.5,-82.0,1710
2024-08-12,37.5,-78.5,90
2024-08-12,37.5,-78.0,270
2024-08-12,37.5,-77.5,2070
2024-08-12,37.5,-77.0,540
2024-08-12,37.5,-76.5,2070
2024-08-12,37.5,-76.0,450
2024-08-12,37.5,-72.5,180
2024-08-12,37.5,-70.5,90
2024-08-12,37.5,-70.0,90
2024-08-12,37.5,-69.5,360
2024-08-12,37.5,-69.0,90
2024-08-12,37.5,-67.0,90
2024-08-12,37.5,-65.5,90
2024-08-12,38.0,-115.0,90
2024-08-12,38.0,-114.5,1530
2024-08-12,38.0,-114.0,1170
2024-08-12,38.0,-113.5,1710
2024-08-12,38.0,-113.0,1530
2024-08-12,38.0,-112.5,1350
2024-08-12,38.0,-112.0,2250
2024-08-12,38.0,-111.5,900
2024-08-12,38.0,-111.0,630
2024-08-12,38.0,-110.5,1080
2024-08-12,38.0,-110.0,810
2024-08-12,38.0,-109.5,1350
2024-08-12,38.0,-109.0,720
2024-08-12,38.0,-108.5,720
2024-08-12,38.0,-108.0,540
2024-08-12,38.0,-107.5,360
2024-08-12,38.0,-107.0,360
2024-08-12,38.0,-106.5,540
2024-08-12,38.0,-106.0,180
2024-08-12,38.0,-105.0,450
2024-08-12,38.0,-104.5,180
2024-08-12,38.0,-104.0,450
2024-08-12,38.0,-103.5,1710
2024-08-12,38.0,-103.0,2340
2024-08-12,38.0,-102.5,1980
2024-08-12,38.0,-102.0,1350
2024-08-12,38.0,-101.5,90
2024-08-12,38.0,-101.0,630
2024-08-12,38.0,-100.5,1530
2024-08-12,38.0,-100.0,1440
2024-08-12,38.0,-99.5,3420
2024-08-12,38.0,-99.0,2790
2024-08-12,38.0,-98.5,2880
2024-08-12,38.0,-98.0,8190
2024-08-12,38.0,-97.5,7290
2024-08-12,38.0,-97.0,3420
2024-08-12,38.0,-96.5,4050
2024-08-12,38.0,-96.0,2070
2024-08-12,38.0,-95.5,1800
2024-08-12,38.0,-95.0,1080
2024-08-12,38.0,-94.5,1260
2024-08-12,38.0,-94.0,90
2024-08-12,38.0,-93.5,90
2024-08-12,38.0,-93.0,630
2024-08-12,38.0,-92.5,990
2024-08-12,38.0,-92.0,3330
2024-08-12,38.0,-91.5,1890
2024-08-12,38.0,-91.0,3240
2024-08-12,38.0,-90.5,2790
2024-08-12,38.0,-90.0,5220
2024-08-12,38.0,-89.5,990
2024-08-12,38.0,-89.0,1890
2024-08-12,38.0,-87.5,450
2024-08-12,38.0,-87.0,900
2024-08-12,38.0,-86.5,180
2024-08-12,38.0,-86.0,720
2024-08-12,38.0,-85.5,450
2024-08-12,38.0,-85.0,3330
2024-08-12,38.0,-84.5,2430
2024-08-12,38.0,-84.0,2880
2024-08-12,38.0,-83.5,5490
2024-08-12,38.0,-83.0,810
2024-08-12,38.0,-82.5,1530
2024-08-12,38.0,-82.0,180
2024-08-12,38.0,-79.0,90
2024-08-12,38.0,-78.5,720
2024-08-12,38.0,-78.0,540
2024-08-12,38.0,-77.5,4050
2024-08-12,38.0,-77.0,1710
2024-08-12,38.0,-76.5,2070
2024-08-12,38.0,-76.0,1080
2024-08-12,38.0,-75.5,180
2024-08-12,38.0,-69.5,90
2024-08-12,38.0,-68.0,90
2024-08-12,38.0,-67.5,360
2024-08-12,38.0,-67.0,180
2024-08-12,38.5,-115.5,180
2024-08-12,38.5,-115.0,270
2024-08-12,38.5,-114.5,720
2024-08-12,38.5,-114.0,1890
2024-08-12,38.5,-113.5,2700
2024-08-12,38.5,-113.0,1620
2024-08-12,38.5,-112.5,1350
2024-08-12,38.5,-112.0,1350
2024-08-12,38.5,-111.5,540
2024-08-12,38.5,-111.0,360
2024-08-12,38.5,-110.5,90
2024-08-12,38.5,-110.0,630
2024-08-12,38.5,-109.5,360
2024-08-12,38.5,-109.0,990
2024-08-12,38.5,-108.5,810
2024-08-12,38.5,-108.0,180
2024-08-12,38.5,-107.5,270
2024-08-12,38.5,-107.0,180
2024-08-12,38.5,-106.5,90
2024-08-12,38.5,-106.0,90
2024-08-12,38.5,-105.5,270
2024-08-12,38.5,-105.0,900
2024-08-12,38.5,-104.5,450
2024-08-12,38.5,-104.0,2250
2024-08-12,38.5,-103.5,1350
2024-08-12,38.5,-103.0,540
2024-08-12,38.5,-102.5,450
2024-08-12,38.5,-102.0,900
2024-08-12,38.5,-101.5,1170
2024-08-12,38.5,-101.0,900
2024-08-12,38.5,-100.5,900
2024-08-12,38.5,-100.0,1620
2024-08-12,38.5,-99.5,2430
2024-08-12,38.5,-99.0,4590
2024-08-12,38.5,-98.5,3780
2024-08-12,38.5,-98.0,3960
2024-08-12,38.5,-97.5,2610
2024-08-12,38.5,-97.0,3690
2024-08-12,38.5,-96.5,3330
2024-08-12,38.5,-96.0,540
2024-08-12,38.5,-95.5,990
2024-08-12,38.5,-95.0,630
2024-08-12,38.5,-94.5,450
2024-08-12,38.5,-94.0,450
2024-08-12,38.5,-93.5,90
2024-08-12,38.5,-93.0,90
2024-08-12,38.5,-92.5,720
2024-08-12,38.5,-92.0,540
2024-08-12,38.5,-91.5,1260
2024-08-12,38.5,-91.0,1440
2024-08-12,38.5,-90.5,1350
2024-08-12,38.5,-90.0,360
2024-08-12,38.5,-89.5,270
2024-08-12,38.5,-89.0,360
2024-08-12,38.5,-88.0,90
2024-08-12,38.5,-87.5,270
2024-08-12,38.5,-87.0,360
2024-08-12,38.5,-86.5,450
2024-08-12,38.5,-86.0,1350
2024-08-12,38.5,-85.5,540
2024-08-12,38.5,-85.0,270
2024-08-12,38.5,-84.5,1440
2024-08-12,38.5,-84.0,3420
2024-08-12,38.5,-83.5,2070
2024-08-12,38.5,-81.5,90
2024-08-12,38.5,-79.0,270
2024-08-12,38.5,-78.5,630
2024-08-12,38.5,-78.0,720
2024-08-12,38.5,-77.0,90
2024-08-12,38.5,-76.5,630
2024-08-12,38.5,-76.0,1350
2024-08-12,38.5,-75.5,180
2024-08-12,38.5,-69.0,270
2024-08-12,38.5,-68.0,90
2024-08-12,38.5,-67.0,810
2024-08-12,38.5,-66.5,270
2024-08-12,38.5,-66.0,90
2024-08-12,38.5,-65.5,90
2024-08-12,39.0,-116.5,180
2024-08-12,39.0,-116.0,90
2024-08-12,39.0,-115.5,90
2024-08-12,39.0,-114.5,540
2024-08-12,39.0,-114.0,990
2024-08-12,39.0,-113.5,2070
2024-08-12,39.0,-113.0,1710
2024-08-12,39.0,-112.5,2700
2024-08-12,39.0,-112.0,1350
2024-08-12,39.0,-111.5,720
2024-08-12,39.0,-111.0,720
2024-08-12,39.0,-110.5,90
2024-08-12,39.0,-110.0,180
2024-08-12,39.0,-109.5,90
2024-08-12,39.0,-109.0,180
2024-08-12,39.0,-108.5,90
2024-08-12,39.0,-108.0,180
2024-08-12,39.0,-107.5,90
2024-08-12,39.0,-107.0,90
2024-08-12,39.0,-106.5,180
2024-08-12,39.0,-106.0,360
2024-08-12,39.0,-105.5,540
2024-08-12,39.0,-105.0,540
2024-08-12,39.0,-104.5,720
2024-08-12,39.0,-104.0,2340
2024-08-12,39.0,-103.5,810
2024-08-12,39.0,-103.0,180
2024-08-12,39.0,-102.5,630
2024-08-12,39.0,-102.0,1710
2024-08-12,39.0,-101.5,720
2024-08-12,39.0,-101.0,900
2024-08-12,39.0,-100.5,90
2024-08-12,39.0,-100.0,270
2024-08-12,39.0,-99.5,360
2024-08-12,39.0,-99.0,90
2024-08-12,39.0,-98.5,180
2024-08-12,39.0,-98.0,1980
2024-08-12,39.0,-97.5,810
2024-08-12,39.0,-97.0,1620
2024-08-12,39.0,-96.5,3150
2024-08-12,39.0,-96.0,2790
2024-08-12,39.0,-95.5,2700
2024-08-12,39.0,-95.0,4050
2024-08-12,39.0,-94.5,990
2024-08-12,39.0,-94.0,1530
2024-08-12,39.0,-93.5,1260
2024-08-12,39.0,-93.0,720
2024-08-12,39.0,-92.5,1170
2024-08-12,39.0,-92.0,180
2024-08-12,39.0,-91.5,180
2024-08-12,39.0,-91.0,360
2024-08-12,39.0,-90.5,630
2024-08-12,39.0,-90.0,1440
2024-08-12,39.0,-89.5,1170
2024-08-12,39.0,-89.0,1890
2024-08-12,39.0,-88.5,450
2024-08-12,39.0,-88.0,1710
2024-08-12,39.0,-87.5,270
2024-08-12,39.0,-87.0,1710
2024-08-12,39.0,-86.5,1440
2024-08-12,39.0,-86.0,1350
2024-08-12,39.0,-85.5,810
2024-08-12,39.0,-85.0,270
2024-08-12,39.0,-84.5,180
2024-08-12,39.0,-84.0,1620
2024-08-12,39.0,-83.5,1980
2024-08-12,39.0,-83.0,1260
2024-08-12,39.0,-78.5,810
2024-08-12,39.0,-78.0,540
2024-08-12,39.0,-77.5,1260
2024-08-12,39.0,-77.0,3870
2024-08-12,39.0,-76.5,900
2024-08-12,39.0,-76.0,540
2024-08-12,39.0,-75.5,540
2024-08-12,39.0,-66.5,180
2024-08-12,39.0,-66.0,180
2024-08-12,39.0,-65.5,180
2024-08-12,39.5,-123.5,90
2024-08-12,39.5,-116.0,270
2024-08-12,39.5,-115.5,90
2024-08-12,39.5,-115.0,810
2024-08-12,39.5,-114.5,990
2024-08-12,39.5,-114.0,450
2024-08-12,39.5,-113.5,1260
2024-08-12,39.5,-113.0,1440
2024-08-12,39.5,-112.5,630
2024-08-12,39.5,-112.0,720
2024-08-12,39.5,-111.5,990
2024-08-12,39.5,-111.0,360
2024-08-12,39.5,-110.5,180
2024-08-12,39.5,-110.0,360
2024-08-12,39.5,-109.5,810
2024-08-12,39.5,-109.0,90
2024-08-12,39.5,-108.5,270
2024-08-12,39.5,-107.5,90
2024-08-12,39.5,-107.0,270
2024-08-12,39.5,-106.5,90
2024-08-12,39.5,-106.0,270
2024-08-12,39.5,-105.5,630
2024-08-12,39.5,-105.0,270
2024-08-12,39.5,-104.5,1260
2024-08-12,39.5,-104.0,900
2024-08-12,39.5,-103.5,2430
2024-08-12,39.5,-103.0,1710
2024-08-12,39.5,-102.5,900
2024-08-12,39.5,-102.0,1800
2024-08-12,39.5,-101.5,1800
2024-08-12,39.5,-101.0,1530
2024-08-12,39.5,-100.5,720
2024-08-12,39.5,-100.0,450
2024-08-12,39.5,-99.0,90
2024-08-12,39.5,-98.5,90
2024-08-12,39.5,-98.0,540
2024-08-12,39.5,-97.5,1350
2024-08-12,39.5,-97.0,3060
2024-08-12,39.5,-96.5,5490
2024-08-12,39.5,-96.0,5580
2024-08-12,39.5,-95.5,1530
2024-08-12,39.5,-95.0,3240
2024-08-12,39.5,-94.5,3330
2024-08-12,39.5,-94.0,1980
2024-08-12,39.5,-93.5,3690
2024-08-12,39.5,-93.0,1350
2024-08-12,39.5,-92.5,1710
2024-08-12,39.5,-92.0,630
2024-08-12,39.5,-91.5,270
2024-08-12,39.5,-91.0,180
2024-08-12,39.5,-90.5,450
2024-08-12,39.5,-90.0,360
2024-08-12,39.5,-89.5,360
2024-08-12,39.5,-89.0,450
2024-08-12,39.5,-88.5,90
2024-08-12,39.5,-88.0,90
2024-08-12,39.5,-87.5,90
2024-08-12,39.5,-86.5,90
2024-08-12,39.5,-86.0,180
2024-08-12,39.5,-85.5,90
2024-08-12,39.5,-84.0,90
2024-08-12,39.5,-83.5,90
2024-08-12,39.5,-83.0,270
2024-08-12,39.5,-82.5,900
2024-08-12,39.5,-81.5,180
2024-08-12,39.5,-80.0,90
2024-08-12,39.5,-79.5,90
2024-08-12,39.5,-78.0,180
2024-08-12,39.5,-77.0,1440
2024-08-12,39.5,-76.5,90
2024-08-12,39.5,-76.0,90
2024-08-12,39.5,-75.5,630
2024-08-12,39.5,-75.0,90
2024-08-12,39.5,-69.0,180
2024-08-12,39.5,-67.0,90
2024-08-12,39.5,-66.0,90
2024-08-12,39.5,-65.5,360
2024-08-12,40.0,-123.0,270
2024-08-12,40.0,-122.5,180
2024-08-12,40.0,-116.0,180
2024-08-12,40.0,-115.5,90
2024-08-12,40.0,-115.0,360
2024-08-12,40.0,-114.5,540
2024-08-12,40.0,-114.0,1800
2024-08-12,40.0,-113.5,540
2024-08-12,40.0,-113.0,1890
2024-08-12,40.0,-112.5,1620
2024-08-12,40.0,-112.0,1710
2024-08-12,40.0,-111.5,1260
2024-08-12,40.0,-111.0,720
2024-08-12,40.0,-110.5,630
2024-08-12,40.0,-110.0,450
2024-08-12,40.0,-109.5,450
2024-08-12,40.0,-109.0,90
2024-08-12,40.0,-108.5,540
2024-08-12,40.0,-108.0,900
2024-08-12,40.0,-107.5,450
2024-08-12,40.0,-107.0,630
2024-08-12,40.0,-106.5,720
2024-08-12,40.0,-106.0,630
2024-08-12,40.0,-105.5,450
2024-08-12,40.0,-105.0,990
2024-08-12,40.0,-104.5,810
2024-08-12,40.0,-104.0,2700
2024-08-12,40.0,-103.5,3330
2024-08-12,40.0,-103.0,1260
2024-08-12,40.0,-102.5,1170
2024-08-12,40.0,-102.0,1890
2024-08-12,40.0,-101.5,1260
2024-08-12,40.0,-101.0,990
2024-08-12,40.0,-100.5,1800
2024-08-12,40.0,-100.0,720
2024-08-12,40.0,-99.5,630
2024-08-12,40.0,-99.0,990
2024-08-12,40.0,-98.5,810
2024-08-12,40.0,-98.0,1260
2024-08-12,40.0,-97.5,180
2024-08-12,40.0,-97.0,1980
2024-08-12,40.0,-96.5,1800
2024-08-12,40.0,-96.0,3600
2024-08-12,40.0,-95.5,5400
2024-08-12,40.0,-95.0,7830
2024-08-12,40.0,-94.5,6120
2024-08-12,40.0,-94.0,2340
2024-08-12,40.0,-93.5,270
2024-08-12,40.0,-92.0,1260
2024-08-12,40.0,-91.5,810
2024-08-12,40.0,-91.0,630
2024-08-12,40.0,-90.5,1800
2024-08-12,40.0,-90.0,1170
2024-08-12,40.0,-89.5,2160
2024-08-12,40.0,-89.0,2700
2024-08-12,40.0,-88.5,2700
2024-08-12,40.0,-88.0,3330
2024-08-12,40.0,-87.5,810
2024-08-12,40.0,-87.0,720
2024-08-12,40.0,-86.5,1440
2024-08-12,40.0,-86.0,450
2024-08-12,40.0,-84.0,90
2024-08-12,40.0,-83.0,360
2024-08-12,40.0,-82.5,360
2024-08-12,40.0,-82.0,4140
2024-08-12,40.0,-81.5,2700
2024-08-12,40.0,-81.0,3420
2024-08-12,40.0,-80.5,810
2024-08-12,40.0,-80.0,450
2024-08-12,40.0,-78.0,360
2024-08-12,40.0,-77.5,450
2024-08-12,40.0,-77.0,450
2024-08-12,40.0,-76.5,1530
2024-08-12,40.0,-75.5,270
2024-08-12,40.0,-75.0,360
2024-08-12,40.0,-66.0,90
2024-08-12,40.0,-65.5,90
2024-08-12,40.5,-124.0,90
2024-08-12,40.5,-123.5,90
2024-08-12,40.5,-123.0,450
2024-08-12,40.5,-122.5,630
2024-08-12,40.5,-116.0,180
2024-08-12,40.5,-115.5,360
2024-08-12,40.5,-115.0,270
2024-08-12,40.5,-114.5,180
2024-08-12,40.5,-114.0,360
2024-08-12,40.5,-113.5,900
2024-08-12,40.5,-113.0,810
2024-08-12,40.5,-112.5,1350
2024-08-12,40.5,-112.0,1530
2024-08-12,40.5,-111.5,1440
2024-08-12,40.5,-111.0,540
2024-08-12,40.5,-110.5,540
2024-08-12,40.5,-110.0,90
2024-08-12,40.5,-109.5,180
2024-08-12,40.5,-109.0,180
2024-08-12,40.5,-108.5,90
2024-08-12,40.5,-108.0,90
2024-08-12,40.5,-107.0,180
2024-08-12,40.5,-106.5,450
2024-08-12,40.5,-106.0,180
2024-08-12,40.5,-105.5,1080
2024-08-12,40.5,-105.0,900
2024-08-12,40.5,-104.5,990
2024-08-12,40.5,-104.0,1260
2024-08-12,40.5,-103.5,1800
2024-08-12,40.5,-103.0,900
2024-08-12,40.5,-102.5,1350
2024-08-12,40.5,-102.0,90
2024-08-12,40.5,-101.5,180
2024-08-12,40.5,-101.0,270
2024-08-12,40.5,-100.5,810
2024-08-12,40.5,-100.0,1170
2024-08-12,40.5,-99.5,1080
2024-08-12,40.5,-99.0,360
2024-08-12,40.5,-98.5,1620
2024-08-12,40.5,-98.0,270
2024-08-12,40.5,-97.5,1080
2024-08-12,40.5,-97.0,450
2024-08-12,40.5,-96.5,2160
2024-08-12,40.5,-96.0,1980
2024-08-12,40.5,-95.5,5490
2024-08-12,40.5,-95.0,1530
2024-08-12,40.5,-94.5,990
2024-08-12,40.5,-94.0,270
2024-08-12,40.5,-93.5,270
2024-08-12,40.5,-93.0,1980
2024-08-12,40.5,-92.5,2340
2024-08-12,40.5,-92.0,3060
2024-08-12,40.5,-91.5,1620
2024-08-12,40.5,-91.0,1260
2024-08-12,40.5,-90.5,1710
2024-08-12,40.5,-90.0,1710
2024-08-12,40.5,-89.5,2610
2024-08-12,40.5,-89.0,1080
2024-08-12,40.5,-88.5,450
2024-08-12,40.5,-88.0,720
2024-08-12,40.5,-87.5,90
2024-08-12,40.5,-87.0,720
2024-08-12,40.5,-86.5,180
2024-08-12,40.5,-86.0,720
2024-08-12,40.5,-85.5,180
2024-08-12,40.5,-83.0,180
2024-08-12,40.5,-82.5,810
2024-08-12,40.5,-82.0,2340
2024-08-12,40.5,-81.5,1350
2024-08-12,40.5,-81.0,540
2024-08-12,40.5,-80.5,360
2024-08-12,40.5,-80.0,180
2024-08-12,40.5,-79.5,180
2024-08-12,40.5,-79.0,90
2024-08-12,40.5,-78.5,2070
2024-08-12,40.5,-78.0,1710
2024-08-12,40.5,-77.5,900
2024-08-12,40.5,-76.5,180
2024-08-12,40.5,-76.0,630
2024-08-12,40.5,-75.5,3060
2024-08-12,40.5,-75.0,1350
2024-08-12,40.5,-74.5,1980
2024-08-12,40.5,-74.0,720
2024-08-12,40.5,-66.0,90
2024-08-12,41.0,-125.5,180
2024-08-12,41.0,-124.0,180
2024-08-12,41.0,-123.0,450
2024-08-12,41.0,-122.5,90
2024-08-12,41.0,-115.5,360
2024-08-12,41.0,-115.0,810
2024-08-12,41.0,-114.5,630
2024-08-12,41.0,-114.0,630
2024-08-12,41.0,-113.5,720
2024-08-12,41.0,-113.0,450
2024-08-12,41.0,-112.5,900
2024-08-12,41.0,-112.0,630
2024-08-12,41.0,-111.5,1170
2024-08-12,41.0,-111.0,720
2024-08-12,41.0,-110.5,1440
2024-08-12,41.0,-110.0,1260
2024-08-12,41.0,-109.5,720
2024-08-12,41.0,-109.0,360
2024-08-12,41.0,-108.5,270
2024-08-12,41.0,-108.0,180
2024-08-12,41.0,-107.5,810
2024-08-12,41.0,-107.0,450
2024-08-12,41.0,-106.5,450
2024-08-12,41.0,-106.0,630
2024-08-12,41.0,-105.5,900
2024-08-12,41.0,-105.0,1080
2024-08-12,41.0,-104.5,1440
2024-08-12,41.0,-104.0,720
2024-08-12,41.0,-103.5,990
2024-08-12,41.0,-103.0,2430
2024-08-12,41.0,-102.5,1530
2024-08-12,41.0,-102.0,810
2024-08-12,41.0,-101.5,180
2024-08-12,41.0,-101.0,360
2024-08-12,41.0,-100.5,900
2024-08-12,41.0,-100.0,360
2024-08-12,41.0,-99.5,540
2024-08-12,41.0,-99.0,1080
2024-08-12,41.0,-98.5,2070
2024-08-12,41.0,-98.0,3780
2024-08-12,41.0,-97.5,2520
2024-08-12,41.0,-97.0,2700
2024-08-12,41.0,-96.5,4230
2024-08-12,41.0,-96.0,720
2024-08-12,41.0,-95.5,1620
2024-08-12,41.0,-95.0,2070
2024-08-12,41.0,-94.5,4320
2024-08-12,41.0,-94.0,3060
2024-08-12,41.0,-93.5,90
2024-08-12,41.0,-92.5,2340
2024-08-12,41.0,-92.0,1170
2024-08-12,41.0,-91.5,1530
2024-08-12,41.0,-91.0,450
2024-08-12,41.0,-90.5,1530
2024-08-12,41.0,-90.0,270
2024-08-12,41.0,-89.5,2070
2024-08-12,41.0,-89.0,270
2024-08-12,41.0,-88.5,1440
2024-08-12,41.0,-88.0,630
2024-08-12,41.0,-87.5,360
2024-08-12,41.0,-87.0,900
2024-08-12,41.0,-86.0,360
2024-08-12,41.0,-85.5,180
2024-08-12,41.0,-85.0,90
2024-08-12,41.0,-84.5,180
2024-08-12,41.0,-82.5,360
2024-08-12,41.0,-82.0,1710
2024-08-12,41.0,-81.5,1800
2024-08-12,41.0,-81.0,360
2024-08-12,41.0,-80.5,1440
2024-08-12,41.0,-80.0,540
2024-08-12,41.0,-79.5,180
2024-08-12,41.0,-79.0,180
2024-08-12,41.0,-78.5,2070
2024-08-12,41.0,-78.0,450
2024-08-12,41.0,-76.0,270
2024-08-12,41.0,-75.5,810
2024-08-12,41.0,-75.0,1980
2024-08-12,41.0,-74.5,900
2024-08-12,41.0,-74.0,90
2024-08-12,41.0,-72.5,90
2024-08-12,41.5,-123.5,90
2024-08-12,41.5,-122.0,270
2024-08-12,41.5,-121.5,180
2024-08-12,41.5,-116.0,90
2024-08-12,41.5,-115.0,180
2024-08-12,41.5,-114.5,360
2024-08-12,41.5,-114.0,270
2024-08-12,41.5,-113.5,270
2024-08-12,41.5,-113.0,90
2024-08-12,41.5,-112.5,180
2024-08-12,41.5,-112.0,360
2024-08-12,41.5,-111.5,1170
2024-08-12,41.5,-111.0,810
2024-08-12,41.5,-110.5,1440
2024-08-12,41.5,-110.0,630
2024-08-12,41.5,-109.5,180
2024-08-12,41.5,-109.0,90
2024-08-12,41.5,-108.5,270
2024-08-12,41.5,-108.0,270
2024-08-12,41.5,-107.5,360
2024-08-12,41.5,-107.0,180
2024-08-12,41.5,-106.5,90
2024-08-12,41.5,-106.0,90
2024-08-12,41.5,-105.5,180
2024-08-12,41.5,-105.0,90
2024-08-12,41.5,-104.5,630
2024-08-12,41.5,-104.0,270
2024-08-12,41.5,-103.5,270
2024-08-12,41.5,-103.0,540
2024-08-12,41.5,-102.5,360
2024-08-12,41.5,-102.0,270
2024-08-12,41.5,-101.0,630
2024-08-12,41.5,-100.5,900
2024-08-12,41.5,-100.0,450
2024-08-12,41.5,-99.5,180
2024-08-12,41.5,-99.0,810
2024-08-12,41.5,-98.5,1620
2024-08-12,41.5,-98.0,360
2024-08-12,41.5,-97.5,360
2024-08-12,41.5,-97.0,270
2024-08-12,41.5,-96.0,450
2024-08-12,41.5,-95.5,1440
2024-08-12,41.5,-95.0,630
2024-08-12,41.5,-94.5,90
2024-08-12,41.5,-94.0,720
2024-08-12,41.5,-93.5,1890
2024-08-12,41.5,-93.0,1260
2024-08-12,41.5,-92.5,900
2024-08-12,41.5,-92.0,540
2024-08-12,41.5,-91.0,1170
2024-08-12,41.5,-90.5,450
2024-08-12,41.5,-90.0,360
2024-08-12,41.5,-89.5,270
2024-08-12,41.5,-89.0,720
2024-08-12,41.5,-88.5,1620
2024-08-12,41.5,-88.0,2070
2024-08-12,41.5,-87.5,990
2024-08-12,41.5,-86.5,360
2024-08-12,41.5,-86.0,270
2024-08-12,41.5,-85.5,270
2024-08-12,41.5,-82.5,90
2024-08-12,41.5,-81.5,810
2024-08-12,41.5,-81.0,1260
2024-08-12,41.5,-80.5,2070
2024-08-12,41.5,-80.0,2700
2024-08-12,41.5,-79.5,1980
2024-08-12,41.5,-79.0,90
2024-08-12,41.5,-78.5,1350
2024-08-12,41.5,-78.0,90
2024-08-12,41.5,-77.5,180
2024-08-12,41.5,-76.0,630
2024-08-12,41.5,-75.5,1800
2024-08-12,41.5,-74.5,450
2024-08-12,41.5,-73.0,180
2024-08-12,41.5,-72.5,540
2024-08-12,41.5,-72.0,180
2024-08-12,41.5,-71.5,1440
2024-08-12,41.5,-71.0,1890
2024-08-12,41.5,-70.5,90
2024-08-12,41.5,-70.0,180
2024-08-12,41.5,-69.5,270
2024-08-12,42.0,-123.5,450
2024-08-12,42.0,-123.0,360
2024-08-12,42.0,-122.5,180
2024-08-12,42.0,-122.0,270
2024-08-12,42.0,-121.5,180
2024-08-12,42.0,-115.0,90
2024-08-12,42.0,-113.5,1080
2024-08-12,42.0,-113.0,630
2024-08-12,42.0,-112.5,1170
2024-08-12,42.0,-112.0,1080
2024-08-12,42.0,-111.5,270
2024-08-12,42.0,-111.0,270
2024-08-12,42.0,-110.5,360
2024-08-12,42.0,-110.0,270
2024-08-12,42.0,-109.5,270
2024-08-12,42.0,-109.0,180
2024-08-12,42.0,-108.5,270
2024-08-12,42.0,-108.0,720
2024-08-12,42.0,-107.5,90
2024-08-12,42.0,-107.0,90
2024-08-12,42.0,-106.5,360
2024-08-12,42.0,-106.0,90
2024-08-12,42.0,-105.5,90
2024-08-12,42.0,-104.5,90
2024-08-12,42.0,-103.5,90
2024-08-12,42.0,-103.0,180
2024-08-12,42.0,-102.5,810
2024-08-12,42.0,-102.0,720
2024-08-12,42.0,-101.5,270
2024-08-12,42.0,-101.0,720
2024-08-12,42.0,-100.5,270
2024-08-12,42.0,-100.0,270
2024-08-12,42.0,-99.5,1530
2024-08-12,42.0,-99.0,1350
2024-08-12,42.0,-98.5,540
2024-08-12,42.0,-98.0,1800
2024-08-12,42.0,-97.5,1260
2024-08-12,42.0,-97.0,720
2024-08-12,42.0,-96.5,180
2024-08-12,42.0,-96.0,450
2024-08-12,42.0,-95.5,630
2024-08-12,42.0,-95.0,900
2024-08-12,42.0,-94.5,270
2024-08-12,42.0,-93.0,90
2024-08-12,42.0,-92.5,90
2024-08-12,42.0,-92.0,180
2024-08-12,42.0,-90.5,270
2024-08-12,42.0,-90.0,90
2024-08-12,42.0,-89.5,450
2024-08-12,42.0,-88.5,450
2024-08-12,42.0,-87.5,270
2024-08-12,42.0,-87.0,630
2024-08-12,42.0,-86.5,1260
2024-08-12,42.0,-86.0,450
2024-08-12,42.0,-85.0,180
2024-08-12,42.0,-84.0,90
2024-08-12,42.0,-83.5,90
2024-08-12,42.0,-83.0,90
2024-08-12,42.0,-82.0,90
2024-08-12,42.0,-81.5,180
2024-08-12,42.0,-81.0,360
2024-08-12,42.0,-80.5,450
2024-08-12,42.0,-80.0,270
2024-08-12,42.0,-79.5,720
2024-08-12,42.0,-79.0,2430
2024-08-12,42.0,-78.5,2610
2024-08-12,42.0,-78.0,1350
2024-08-12,42.0,-76.0,90
2024-08-12,42.0,-75.5,180
2024-08-12,42.0,-75.0,180
2024-08-12,42.0,-73.5,270
2024-08-12,42.0,-73.0,360
2024-08-12,42.0,-72.5,90
2024-08-12,42.0,-72.0,1170
2024-08-12,42.0,-71.5,990
2024-08-12,42.0,-71.0,540
2024-08-12,42.0,-70.5,180
2024-08-12,42.0,-70.0,720
2024-08-12,42.5,-124.5,90
2024-08-12,42.5,-124.0,90
2024-08-12,42.5,-123.0,180
2024-08-12,42.5,-122.5,90
2024-08-12,42.5,-122.0,180
2024-08-12,42.5,-121.5,540
2024-08-12,42.5,-121.0,90
2024-08-12,42.5,-120.0,90
2024-08-12,42.5,-119.0,90
2024-08-12,42.5,-118.5,90
2024-08-12,42.5,-118.0,180
2024-08-12,42.5,-114.5,180
2024-08-12,42.5,-114.0,450
2024-08-12,42.5,-113.5,270
2024-08-12,42.5,-113.0,630
2024-08-12,42.5,-112.5,1080
2024-08-12,42.5,-112.0,1350
2024-08-12,42.5,-111.5,360
2024-08-12,42.5,-111.0,180
2024-08-12,42.5,-110.5,90
2024-08-12,42.5,-110.0,90
2024-08-12,42.5,-109.5,90
2024-08-12,42.5,-108.5,270
2024-08-12,42.5,-108.0,270
2024-08-12,42.5,-107.5,180
2024-08-12,42.5,-107.0,270
2024-08-12,42.5,-103.5,1800
2024-08-12,42.5,-103.0,540
2024-08-12,42.5,-102.5,360
2024-08-12,42.5,-101.5,180
2024-08-12,42.5,-101.0,180
2024-08-12,42.5,-100.5,630
2024-08-12,42.5,-100.0,540
2024-08-12,42.5,-99.5,1710
2024-08-12,42.5,-99.0,360
2024-08-12,42.5,-98.5,2430
2024-08-12,42.5,-98.0,990
2024-08-12,42.5,-97.5,540
2024-08-12,42.5,-97.0,450
2024-08-12,42.5,-96.5,90
2024-08-12,42.5,-96.0,180
2024-08-12,42.5,-94.5,90
2024-08-12,42.5,-94.0,90
2024-08-12,42.5,-90.0,90
2024-08-12,42.5,-89.0,180
2024-08-12,42.5,-88.5,180
2024-08-12,42.5,-88.0,90
2024-08-12,42.5,-87.5,270
2024-08-12,42.5,-87.0,1260
2024-08-12,42.5,-86.5,180
2024-08-12,42.5,-85.0,540
2024-08-12,42.5,-84.5,180
2024-08-12,42.5,-84.0,90
2024-08-12,42.5,-83.0,810
2024-08-12,42.5,-82.5,270
2024-08-12,42.5,-80.5,270
2024-08-12,42.5,-80.0,180
2024-08-12,42.5,-79.5,450
2024-08-12,42.5,-79.0,2880
2024-08-12,42.5,-78.5,180
2024-08-12,42.5,-78.0,810
2024-08-12,42.5,-77.5,90
2024-08-12,42.5,-76.0,90
2024-08-12,42.5,-75.5,1080
2024-08-12,42.5,-75.0,360
2024-08-12,42.5,-74.5,360
2024-08-12,42.5,-74.0,540
2024-08-12,42.5,-73.0,180
2024-08-12,42.5,-72.5,90
2024-08-12,42.5,-72.0,540
2024-08-12,42.5,-71.5,1620
2024-08-12,42.5,-70.0,90
2024-08-12,43.0,-123.0,450
2024-08-12,43.0,-122.5,270
2024-08-12,43.0,-122.0,90
2024-08-12,43.0,-121.5,270
2024-08-12,43.0,-121.0,90
2024-08-12,43.0,-119.0,90
2024-08-12,43.0,-118.0,90
2024-08-12,43.0,-117.5,90
2024-08-12,43.0,-115.5,90
2024-08-12,43.0,-114.5,90
2024-08-12,43.0,-114.0,90
2024-08-12,43.0,-113.5,540
2024-08-12,43.0,-113.0,720
2024-08-12,43.0,-112.5,90
2024-08-12,43.0,-112.0,450
2024-08-12,43.0,-111.5,270
2024-08-12,43.0,-111.0,540
2024-08-12,43.0,-110.5,720
2024-08-12,43.0,-110.0,90
2024-08-12,43.0,-109.5,180
2024-08-12,43.0,-108.0,180
2024-08-12,43.0,-104.5,90
2024-08-12,43.0,-103.5,1620
2024-08-12,43.0,-103.0,720
2024-08-12,43.0,-102.5,90
2024-08-12,43.0,-102.0,180
2024-08-12,43.0,-101.5,810
2024-08-12,43.0,-101.0,270
2024-08-12,43.0,-100.5,720
2024-08-12,43.0,-100.0,1980
2024-08-12,43.0,-99.5,3690
2024-08-12,43.0,-99.0,2160
2024-08-12,43.0,-98.5,720
2024-08-12,43.0,-98.0,180
2024-08-12,43.0,-97.5,270
2024-08-12,43.0,-96.5,900
2024-08-12,43.0,-96.0,180
2024-08-12,43.0,-95.5,90
2024-08-12,43.0,-95.0,90
2024-08-12,43.0,-94.0,360
2024-08-12,43.0,-91.0,540
2024-08-12,43.0,-88.5,720
2024-08-12,43.0,-88.0,990
2024-08-12,43.0,-87.5,630
2024-08-12,43.0,-87.0,450
2024-08-12,43.0,-86.5,90
2024-08-12,43.0,-86.0,540
2024-08-12,43.0,-85.5,270
2024-08-12,43.0,-85.0,180
2024-08-12,43.0,-84.0,90
2024-08-12,43.0,-83.5,180
2024-08-12,43.0,-83.0,90
2024-08-12,43.0,-82.5,270
2024-08-12,43.0,-81.5,90
2024-08-12,43.0,-81.0,270
2024-08-12,43.0,-80.0,360
2024-08-12,43.0,-79.5,180
2024-08-12,43.0,-78.5,90
2024-08-12,43.0,-78.0,450
2024-08-12,43.0,-77.5,270
2024-08-12,43.0,-77.0,180
2024-08-12,43.0,-76.5,270
2024-08-12,43.0,-76.0,810
2024-08-12,43.0,-75.5,180
2024-08-12,43.0,-75.0,2070
2024-08-12,43.0,-74.5,1350
2024-08-12,43.0,-74.0,1890
2024-08-12,43.0,-72.5,270
2024-08-12,43.0,-72.0,900
2024-08-12,43.0,-71.5,1350
2024-08-12,43.0,-70.0,180
2024-08-12,43.5,-123.5,90
2024-08-12,43.5,-122.5,90
2024-08-12,43.5,-121.0,90
2024-08-12,43.5,-120.0,90
2024-08-12,43.5,-119.5,90
2024-08-12,43.5,-119.0,180
2024-08-12,43.5,-118.5,90
2024-08-12,43.5,-118.0,90
2024-08-12,43.5,-117.5,180
2024-08-12,43.5,-115.0,90
2024-08-12,43.5,-114.5,270
2024-08-12,43.5,-114.0,180
2024-08-12,43.5,-113.5,810
2024-08-12,43.5,-113.0,720
2024-08-12,43.5,-112.5,900
2024-08-12,43.5,-112.0,450
2024-08-12,43.5,-111.5,270
2024-08-12,43.5,-111.0,360
2024-08-12,43.5,-110.5,180
2024-08-12,43.5,-109.5,270
2024-08-12,43.5,-109.0,90
2024-08-12,43.5,-108.0,90
2024-08-12,43.5,-107.5,90
2024-08-12,43.5,-107.0,90
2024-08-12,43.5,-106.5,180
2024-08-12,43.5,-106.0,90
2024-08-12,43.5,-104.0,450
2024-08-12,43.5,-103.5,1080
2024-08-12,43.5,-103.0,720
2024-08-12,43.5,-102.5,90
2024-08-12,43.5,-101.5,90
2024-08-12,43.5,-101.0,2160
2024-08-12,43.5,-100.5,2610
2024-08-12,43.5,-100.0,3330
2024-08-12,43.5,-99.5,4410
2024-08-12,43.5,-99.0,1080
2024-08-12,43.5,-98.5,1350
2024-08-12,43.5,-98.0,180
2024-08-12,43.5,-97.5,450
2024-08-12,43.5,-97.0,810
2024-08-12,43.5,-96.5,360
2024-08-12,43.5,-94.0,90
2024-08-12,43.5,-93.5,90
2024-08-12,43.5,-93.0,90
2024-08-12,43.5,-92.5,90
2024-08-12,43.5,-92.0,90
2024-08-12,43.5,-91.5,1350
2024-08-12,43.5,-91.0,1170
2024-08-12,43.5,-90.0,180
2024-08-12,43.5,-89.5,810
2024-08-12,43.5,-89.0,810
2024-08-12,43.5,-88.5,1530
2024-08-12,43.5,-88.0,3060
2024-08-12,43.5,-87.5,540
2024-08-12,43.5,-87.0,180
2024-08-12,43.5,-85.5,180
2024-08-12,43.5,-84.0,180
2024-08-12,43.5,-83.0,270
2024-08-12,43.5,-82.5,180
2024-08-12,43.5,-82.0,90
2024-08-12,43.5,-81.0,180
2024-08-12,43.5,-80.5,360
2024-08-12,43.5,-80.0,1890
2024-08-12,43.5,-79.5,810
2024-08-12,43.5,-79.0,360
2024-08-12,43.5,-78.5,360
2024-08-12,43.5,-78.0,630
2024-08-12,43.5,-77.5,90
2024-08-12,43.5,-77.0,90
2024-08-12,43.5,-76.5,180
2024-08-12,43.5,-76.0,180
2024-08-12,43.5,-75.5,90
2024-08-12,43.5,-75.0,180
2024-08-12,43.5,-74.5,90
2024-08-12,43.5,-74.0,720
2024-08-12,43.5,-73.5,270
2024-08-12,43.5,-72.5,90
2024-08-12,43.5,-72.0,270
2024-08-12,43.5,-71.5,180
2024-08-12,43.5,-71.0,90
2024-08-12,43.5,-70.5,360
2024-08-12,43.5,-66.0,180
2024-08-12,43.5,-65.5,90
2024-08-12,44.0,-124.0,90
2024-08-12,44.0,-122.5,360
2024-08-12,44.0,-122.0,270
2024-08-12,44.0,-121.5,180
2024-08-12,44.0,-119.5,90
2024-08-12,44.0,-118.5,450
2024-08-12,44.0,-118.0,90
2024-08-12,44.0,-117.5,90
2024-08-12,44.0,-117.0,90
2024-08-12,44.0,-116.5,90
2024-08-12,44.0,-115.5,450
2024-08-12,44.0,-115.0,270
2024-08-12,44.0,-114.5,90
2024-08-12,44.0,-114.0,180
2024-08-12,44.0,-113.5,540
2024-08-12,44.0,-113.0,900
2024-08-12,44.0,-112.0,180
2024-08-12,44.0,-111.5,270
2024-08-12,44.0,-110.5,270
2024-08-12,44.0,-110.0,90
2024-08-12,44.0,-109.5,180
2024-08-12,44.0,-109.0,270
2024-08-12,44.0,-107.5,180
2024-08-12,44.0,-107.0,270
2024-08-12,44.0,-105.5,180
2024-08-12,44.0,-105.0,810
2024-08-12,44.0,-104.5,1170
2024-08-12,44.0,-104.0,990
2024-08-12,44.0,-103.5,360
2024-08-12,44.0,-103.0,270
2024-08-12,44.0,-102.0,180
2024-08-12,44.0,-101.5,2700
2024-08-12,44.0,-101.0,2700
2024-08-12,44.0,-100.5,1800
2024-08-12,44.0,-100.0,900
2024-08-12,44.0,-99.5,990
2024-08-12,44.0,-99.0,1080
2024-08-12,44.0,-98.5,630
2024-08-12,44.0,-98.0,1170
2024-08-12,44.0,-97.5,720
2024-08-12,44.0,-97.0,270
2024-08-12,44.0,-90.5,90
2024-08-12,44.0,-90.0,810
2024-08-12,44.0,-89.5,360
2024-08-12,44.0,-89.0,900
2024-08-12,44.0,-88.5,2070
2024-08-12,44.0,-88.0,450
2024-08-12,44.0,-86.5,90
2024-08-12,44.0,-85.5,180
2024-08-12,44.0,-84.5,360
2024-08-12,44.0,-84.0,90
2024-08-12,44.0,-83.5,90
2024-08-12,44.0,-82.0,90
2024-08-12,44.0,-80.5,180
2024-08-12,44.0,-80.0,90
2024-08-12,44.0,-79.5,270
2024-08-12,44.0,-79.0,270
2024-08-12,44.0,-78.0,180
2024-08-12,44.0,-77.5,90
2024-08-12,44.0,-76.0,270
2024-08-12,44.0,-74.5,90
2024-08-12,44.0,-74.0,90
2024-08-12,44.0,-73.5,90
2024-08-12,44.0,-72.5,90
2024-08-12,44.0,-72.0,180
2024-08-12,44.0,-71.5,90
2024-08-12,44.0,-71.0,540
2024-08-12,44.0,-70.5,1350
2024-08-12,44.0,-70.0,1260
2024-08-12,44.0,-69.5,90
2024-08-12,44.0,-66.0,90
2024-08-12,44.0,-65.5,180
2024-08-12,44.5,-124.0,180
2024-08-12,44.5,-123.0,90
2024-08-12,44.5,-122.5,90
2024-08-12,44.5,-122.0,450
2024-08-12,44.5,-121.5,90
2024-08-12,44.5,-119.0,270
2024-08-12,44.5,-118.5,360
2024-08-12,44.5,-118.0,90
2024-08-12,44.5,-117.0,90
2024-08-12,44.5,-115.5,360
2024-08-12,44.5,-115.0,270
2024-08-12,44.5,-114.5,180
2024-08-12,44.5,-114.0,90
2024-08-12,44.5,-113.5,450
2024-08-12,44.5,-113.0,540
2024-08-12,44.5,-112.5,450
2024-08-12,44.5,-112.0,450
2024-08-12,44.5,-111.5,270
2024-08-12,44.5,-111.0,450
2024-08-12,44.5,-110.5,180
2024-08-12,44.5,-110.0,90
2024-08-12,44.5,-109.5,180
2024-08-12,44.5,-109.0,180
2024-08-12,44.5,-107.5,90
2024-08-12,44.5,-106.5,90
2024-08-12,44.5,-105.5,90
2024-08-12,44.5,-105.0,540
2024-08-12,44.5,-104.5,450
2024-08-12,44.5,-104.0,270
2024-08-12,44.5,-103.5,270
2024-08-12,44.5,-103.0,180
2024-08-12,44.5,-102.5,1080
2024-08-12,44.5,-102.0,180
2024-08-12,44.5,-101.5,720
2024-08-12,44.5,-101.0,630
2024-08-12,44.5,-100.5,540
2024-08-12,44.5,-100.0,1440
2024-08-12,44.5,-99.5,1260
2024-08-12,44.5,-99.0,540
2024-08-12,44.5,-98.5,180
2024-08-12,44.5,-98.0,1260
2024-08-12,44.5,-97.5,90
2024-08-12,44.5,-92.5,90
2024-08-12,44.5,-91.0,90
2024-08-12,44.5,-90.5,810
2024-08-12,44.5,-90.0,90
2024-08-12,44.5,-89.5,180
2024-08-12,44.5,-89.0,90
2024-08-12,44.5,-88.5,180
2024-08-12,44.5,-86.0,90
2024-08-12,44.5,-83.0,90
2024-08-12,44.5,-82.0,270
2024-08-12,44.5,-81.0,270
2024-08-12,44.5,-79.5,360
2024-08-12,44.5,-79.0,90
2024-08-12,44.5,-77.5,90
2024-08-12,44.5,-76.5,90
2024-08-12,44.5,-76.0,90
2024-08-12,44.5,-75.5,180
2024-08-12,44.5,-73.5,450
2024-08-12,44.5,-71.5,450
2024-08-12,44.5,-70.5,540
2024-08-12,44.5,-70.0,810
2024-08-12,44.5,-69.5,90
2024-08-12,44.5,-68.5,90
2024-08-12,44.5,-65.5,450
2024-08-12,45.0,-124.0,90
2024-08-12,45.0,-122.5,90
2024-08-12,45.0,-122.0,180
2024-08-12,45.0,-121.5,900
2024-08-12,45.0,-121.0,90
2024-08-12,45.0,-119.0,90
2024-08-12,45.0,-117.5,540
2024-08-12,45.0,-117.0,180
2024-08-12,45.0,-116.5,180
2024-08-12,45.0,-116.0,180
2024-08-12,45.0,-115.5,180
2024-08-12,45.0,-115.0,180
2024-08-12,45.0,-114.5,360
2024-08-12,45.0,-114.0,180
2024-08-12,45.0,-113.5,540
2024-08-12,45.0,-113.0,90
2024-08-12,45.0,-112.5,360
2024-08-12,45.0,-112.0,720
2024-08-12,45.0,-111.5,270
2024-08-12,45.0,-111.0,450
2024-08-12,45.0,-110.5,630
2024-08-12,45.0,-110.0,360
2024-08-12,45.0,-109.5,90
2024-08-12,45.0,-109.0,90
2024-08-12,45.0,-108.5,270
2024-08-12,45.0,-108.0,180
2024-08-12,45.0,-107.5,180
2024-08-12,45.0,-107.0,720
2024-08-12,45.0,-106.5,1170
2024-08-12,45.0,-106.0,180
2024-08-12,45.0,-105.5,360
2024-08-12,45.0,-105.0,90
2024-08-12,45.0,-104.5,720
2024-08-12,45.0,-104.0,810
2024-08-12,45.0,-103.5,540
2024-08-12,45.0,-103.0,270
2024-08-12,45.0,-102.5,450
2024-08-12,45.0,-102.0,630
2024-08-12,45.0,-101.5,180
2024-08-12,45.0,-101.0,630
2024-08-12,45.0,-100.5,180
2024-08-12,45.0,-100.0,90
2024-08-12,45.0,-99.5,720
2024-08-12,45.0,-99.0,180
2024-08-12,45.0,-98.5,180
2024-08-12,45.0,-98.0,90
2024-08-12,45.0,-90.5,540
2024-08-12,45.0,-89.5,90
2024-08-12,45.0,-88.5,90
2024-08-12,45.0,-88.0,360
2024-08-12,45.0,-85.5,630
2024-08-12,45.0,-85.0,90
2024-08-12,45.0,-82.5,90
2024-08-12,45.0,-82.0,90
2024-08-12,45.0,-81.0,90
2024-08-12,45.0,-80.5,180
2024-08-12,45.0,-80.0,360
2024-08-12,45.0,-79.5,360
2024-08-12,45.0,-79.0,540
2024-08-12,45.0,-78.5,90
2024-08-12,45.0,-78.0,90
2024-08-12,45.0,-77.0,90
2024-08-12,45.0,-76.5,270
2024-08-12,45.0,-75.0,360
2024-08-12,45.0,-73.5,270
2024-08-12,45.0,-71.0,180
2024-08-12,45.0,-70.5,900
2024-08-12,45.0,-70.0,450
2024-08-12,45.0,-69.5,90
2024-08-12,45.0,-66.0,90
2024-08-12,45.0,-65.5,270
2024-08-12,45.5,-122.5,360
2024-08-12,45.5,-121.5,270
2024-08-12,45.5,-121.0,90
2024-08-12,45.5,-120.5,90
2024-08-12,45.5,-119.0,90
2024-08-12,45.5,-118.0,90
2024-08-12,45.5,-117.5,270
2024-08-12,45.5,-117.0,270
2024-08-12,45.5,-116.5,180
2024-08-12,45.5,-115.5,90
2024-08-12,45.5,-115.0,180
2024-08-12,45.5,-114.5,270
2024-08-12,45.5,-114.0,270
2024-08-12,45.5,-113.5,360
2024-08-12,45.5,-113.0,90
2024-08-12,45.5,-111.5,450
2024-08-12,45.5,-111.0,270
2024-08-12,45.5,-110.5,360
2024-08-12,45.5,-110.0,360
2024-08-12,45.5,-109.5,90
2024-08-12,45.5,-109.0,90
2024-08-12,45.5,-108.5,90
2024-08-12,45.5,-108.0,180
2024-08-12,45.5,-107.5,1260
2024-08-12,45.5,-107.0,450
2024-08-12,45.5,-106.5,1710
2024-08-12,45.5,-106.0,2250
2024-08-12,45.5,-105.5,1620
2024-08-12,45.5,-105.0,180
2024-08-12,45.5,-104.5,720
2024-08-12,45.5,-103.5,90
2024-08-12,45.5,-103.0,180
2024-08-12,45.5,-102.0,90
2024-08-12,45.5,-101.5,90
2024-08-12,45.5,-101.0,90
2024-08-12,45.5,-100.5,450
2024-08-12,45.5,-100.0,180
2024-08-12,45.5,-99.5,180
2024-08-12,45.5,-99.0,180
2024-08-12,45.5,-98.5,90
2024-08-12,45.5,-97.5,90
2024-08-12,45.5,-94.0,180
2024-08-12,45.5,-93.5,180
2024-08-12,45.5,-92.5,90
2024-08-12,45.5,-91.0,90
2024-08-12,45.5,-90.5,180
2024-08-12,45.5,-90.0,90
2024-08-12,45.5,-89.5,450
2024-08-12,45.5,-89.0,270
2024-08-12,45.5,-88.5,450
2024-08-12,45.5,-88.0,1260
2024-08-12,45.5,-87.5,450
2024-08-12,45.5,-80.0,270
2024-08-12,45.5,-79.5,450
2024-08-12,45.5,-78.5,180
2024-08-12,45.5,-75.0,90
2024-08-12,45.5,-74.0,270
2024-08-12,45.5,-73.5,630
2024-08-12,45.5,-72.0,90
2024-08-12,45.5,-71.0,1440
2024-08-12,45.5,-70.5,1440
2024-08-12,45.5,-70.0,180
2024-08-12,45.5,-66.0,630
2024-08-12,45.5,-65.5,630
2024-08-12,46.0,-123.0,180
2024-08-12,46.0,-122.5,180
2024-08-12,46.0,-122.0,90
2024-08-12,46.0,-121.5,450
2024-08-12,46.0,-121.0,270
2024-08-12,46.0,-120.5,270
2024-08-12,46.0,-120.0,360
2024-08-12,46.0,-119.0,180
2024-08-12,46.0,-118.0,450
2024-08-12,46.0,-117.5,450
2024-08-12,46.0,-117.0,90
2024-08-12,46.0,-116.5,90
2024-08-12,46.0,-115.0,90
2024-08-12,46.0,-114.5,270
2024-08-12,46.0,-114.0,630
2024-08-12,46.0,-113.5,540
2024-08-12,46.0,-113.0,90
2024-08-12,46.0,-112.5,180
2024-08-12,46.0,-112.0,180
2024-08-12,46.0,-111.5,180
2024-08-12,46.0,-111.0,180
2024-08-12,46.0,-110.0,270
2024-08-12,46.0,-109.5,180
2024-08-12,46.0,-109.0,180
2024-08-12,46.0,-108.5,90
2024-08-12,46.0,-108.0,90
2024-08-12,46.0,-107.5,360
2024-08-12,46.0,-107.0,270
2024-08-12,46.0,-106.5,900
2024-08-12,46.0,-106.0,360
2024-08-12,46.0,-105.5,450
2024-08-12,46.0,-105.0,900
2024-08-12,46.0,-104.5,810
2024-08-12,46.0,-104.0,180
2024-08-12,46.0,-103.5,90
2024-08-12,46.0,-102.5,90
2024-08-12,46.0,-102.0,90
2024-08-12,46.0,-101.5,90
2024-08-12,46.0,-101.0,90
2024-08-12,46.0,-100.5,180
2024-08-12,46.0,-99.0,270
2024-08-12,46.0,-98.5,360
2024-08-12,46.0,-97.5,90
2024-08-12,46.0,-91.5,180
2024-08-12,46.0,-91.0,180
2024-08-12,46.0,-90.5,900
2024-08-12,46.0,-90.0,990
2024-08-12,46.0,-89.5,360
2024-08-12,46.0,-89.0,450
2024-08-12,46.0,-88.5,90
2024-08-12,46.0,-88.0,450
2024-08-12,46.0,-87.5,270
2024-08-12,46.0,-86.5,90
2024-08-12,46.0,-85.0,90
2024-08-12,46.0,-84.0,90
2024-08-12,46.0,-80.5,90
2024-08-12,46.0,-80.0,90
2024-08-12,46.0,-79.5,90
2024-08-12,46.0,-79.0,90
2024-08-12,46.0,-77.0,90
2024-08-12,46.0,-76.5,270
2024-08-12,46.0,-75.5,90
2024-08-12,46.0,-72.5,90
2024-08-12,46.0,-71.0,270
2024-08-12,46.0,-70.5,450
2024-08-12,46.0,-70.0,450
2024-08-12,46.0,-66.5,90
2024-08-12,46.0,-66.0,180
2024-08-12,46.0,-65.5,360
2024-08-12,46.5,-123.5,90
2024-08-12,46.5,-123.0,270
2024-08-12,46.5,-122.5,90
2024-08-12,46.5,-122.0,90
2024-08-12,46.5,-121.5,360
2024-08-12,46.5,-121.0,180
2024-08-12,46.5,-120.5,540
2024-08-12,46.5,-117.5,90
2024-08-12,46.5,-117.0,90
2024-08-12,46.5,-116.5,180
2024-08-12,46.5,-115.0,90
2024-08-12,46.5,-114.0,360
2024-08-12,46.5,-113.5,180
2024-08-12,46.5,-113.0,180
2024-08-12,46.5,-112.5,90
2024-08-12,46.5,-112.0,270
2024-08-12,46.5,-111.5,360
2024-08-12,46.5,-111.0,180
2024-08-12,46.5,-110.5,180
2024-08-12,46.5,-110.0,180
2024-08-12,46.5,-109.0,270
2024-08-12,46.5,-108.0,1080
2024-08-12,46.5,-107.5,1350
2024-08-12,46.5,-107.0,1260
2024-08-12,46.5,-106.5,2340
2024-08-12,46.5,-106.0,990
2024-08-12,46.5,-105.5,270
2024-08-12,46.5,-105.0,180
2024-08-12,46.5,-104.5,180
2024-08-12,46.5,-104.0,900
2024-08-12,46.5,-103.5,1170
2024-08-12,46.5,-103.0,270
2024-08-12,46.5,-102.5,180
2024-08-12,46.5,-102.0,360
2024-08-12,46.5,-101.5,360
2024-08-12,46.5,-101.0,450
2024-08-12,46.5,-100.5,270
2024-08-12,46.5,-100.0,540
2024-08-12,46.5,-99.5,270
2024-08-12,46.5,-99.0,90
2024-08-12,46.5,-98.5,90
2024-08-12,46.5,-97.5,90
2024-08-12,46.5,-90.5,90
2024-08-12,46.5,-90.0,180
2024-08-12,46.5,-89.5,630
2024-08-12,46.5,-89.0,1170
2024-08-12,46.5,-88.5,540
2024-08-12,46.5,-88.0,540
2024-08-12,46.5,-87.5,270
2024-08-12,46.5,-83.5,270
2024-08-12,46.5,-80.0,180
2024-08-12,46.5,-78.0,90
2024-08-12,46.5,-76.5,180
2024-08-12,46.5,-76.0,90
2024-08-12,46.5,-75.5,180
2024-08-12,46.5,-67.5,90
2024-08-12,46.5,-67.0,90
2024-08-12,46.5,-66.5,270
2024-08-12,46.5,-66.0,180
2024-08-12,46.5,-65.5,540
2024-08-12,47.0,-124.0,90
2024-08-12,47.0,-123.5,90
2024-08-12,47.0,-122.5,90
2024-08-12,47.0,-122.0,90
2024-08-12,47.0,-121.0,270
2024-08-12,47.0,-120.5,180
2024-08-12,47.0,-119.0,180
2024-08-12,47.0,-116.5,450
2024-08-12,47.0,-116.0,360
2024-08-12,47.0,-115.5,180
2024-08-12,47.0,-115.0,180
2024-08-12,47.0,-114.0,90
2024-08-12,47.0,-113.5,270
2024-08-12,47.0,-113.0,540
2024-08-12,47.0,-111.5,360
2024-08-12,47.0,-111.0,720
2024-08-12,47.0,-110.5,270
2024-08-12,47.0,-110.0,270
2024-08-12,47.0,-109.5,360
2024-08-12,47.0,-109.0,450
2024-08-12,47.0,-108.5,180
2024-08-12,47.0,-108.0,180
2024-08-12,47.0,-107.5,540
2024-08-12,47.0,-107.0,900
2024-08-12,47.0,-106.5,1260
2024-08-12,47.0,-106.0,450
2024-08-12,47.0,-105.5,90
2024-08-12,47.0,-105.0,90
2024-08-12,47.0,-104.0,90
2024-08-12,47.0,-103.5,270
2024-08-12,47.0,-103.0,720
2024-08-12,47.0,-100.5,90
2024-08-12,47.0,-100.0,270
2024-08-12,47.0,-83.5,90
2024-08-12,47.0,-82.5,90
2024-08-12,47.0,-78.5,90
2024-08-12,47.0,-78.0,180
2024-08-12,47.0,-77.5,90
2024-08-12,47.0,-76.0,90
2024-08-12,47.0,-72.0,180
2024-08-12,47.0,-69.5,180
2024-08-12,47.0,-68.0,90
2024-08-12,47.0,-67.5,540
2024-08-12,47.0,-67.0,180
2024-08-12,47.0,-66.5,720
2024-08-12,47.0,-66.0,810
2024-08-12,47.0,-65.5,360
2024-08-12,47.5,-124.5,90
2024-08-12,47.5,-123.5,90
2024-08-12,47.5,-122.5,270
2024-08-12,47.5,-122.0,90
2024-08-12,47.5,-121.5,270
2024-08-12,47.5,-121.0,90
2024-08-12,47.5,-118.5,90
2024-08-12,47.5,-118.0,90
2024-08-12,47.5,-116.5,90
2024-08-12,47.5,-116.0,270
2024-08-12,47.5,-115.0,90
2024-08-12,47.5,-114.0,270
2024-08-12,47.5,-113.5,270
2024-08-12,47.5,-113.0,720
2024-08-12,47.5,-112.5,90
2024-08-12,47.5,-112.0,90
2024-08-12,47.5,-111.5,270
2024-08-12,47.5,-110.5,360
2024-08-12,47.5,-110.0,1350
2024-08-12,47.5,-109.5,1260
2024-08-12,47.5,-109.0,720
2024-08-12,47.5,-108.5,720
2024-08-12,47.5,-108.0,270
2024-08-12,47.5,-107.5,810
2024-08-12,47.5,-107.0,270
2024-08-12,47.5,-106.5,90
2024-08-12,47.5,-103.5,450
2024-08-12,47.5,-103.0,90
2024-08-12,47.5,-101.5,90
2024-08-12,47.5,-101.0,90
2024-08-12,47.5,-82.5,180
2024-08-12,47.5,-82.0,540
2024-08-12,47.5,-81.5,90
2024-08-12,47.5,-80.0,90
2024-08-12,47.5,-79.5,180
2024-08-12,47.5,-79.0,90
2024-08-12,47.5,-78.5,270
2024-08-12,47.5,-69.0,90
2024-08-12,47.5,-68.0,90
2024-08-12,47.5,-67.5,630
2024-08-12,47.5,-67.0,900
2024-08-12,47.5,-66.5,180
2024-08-12,47.5,-66.0,810
2024-08-12,47.5,-65.5,90
2024-08-12,48.0,-124.0,180
2024-08-12,48.0,-123.5,90
2024-08-12,48.0,-123.0,180
2024-08-12,48.0,-121.5,90
2024-08-12,48.0,-121.0,270
2024-08-12,48.0,-120.5,450
2024-08-12,48.0,-120.0,90
2024-08-12,48.0,-118.0,90
2024-08-12,48.0,-115.5,180
2024-08-12,48.0,-115.0,180
2024-08-12,48.0,-114.0,270
2024-08-12,48.0,-113.5,270
2024-08-12,48.0,-113.0,360
2024-08-12,48.0,-112.5,90
2024-08-12,48.0,-112.0,90
2024-08-12,48.0,-111.5,270
2024-08-12,48.0,-111.0,450
2024-08-12,48.0,-110.5,360
2024-08-12,48.0,-110.0,810
2024-08-12,48.0,-109.5,90
2024-08-12,48.0,-109.0,360
2024-08-12,48.0,-108.5,720
2024-08-12,48.0,-108.0,360
2024-08-12,48.0,-105.5,180
2024-08-12,48.0,-103.5,270
2024-08-12,48.0,-103.0,180
2024-08-12,48.0,-102.5,90
2024-08-12,48.0,-101.5,180
2024-08-12,48.0,-101.0,450
2024-08-12,48.0,-100.5,270
2024-08-12,48.0,-94.0,90
2024-08-12,48.0,-85.5,90
2024-08-12,48.0,-85.0,90
2024-08-12,48.0,-84.5,90
2024-08-12,48.0,-84.0,90
2024-08-12,48.0,-83.0,90
2024-08-12,48.0,-82.5,180
2024-08-12,48.0,-82.0,270
2024-08-12,48.0,-81.5,180
2024-08-12,48.0,-67.5,180
2024-08-12,48.0,-66.5,180
2024-08-12,48.0,-66.0,360
2024-08-12,48.0,-65.5,360
2024-08-12,48.5,-123.5,90
2024-08-12,48.5,-122.0,180
2024-08-12,48.5,-121.0,360
2024-08-12,48.5,-120.5,270
2024-08-12,48.5,-119.5,90
2024-08-12,48.5,-119.0,90
2024-08-12,48.5,-118.5,90
2024-08-12,48.5,-118.0,180
2024-08-12,48.5,-117.0,180
2024-08-12,48.5,-116.5,90
2024-08-12,48.5,-114.5,540
2024-08-12,48.5,-114.0,270
2024-08-12,48.5,-113.5,90
2024-08-12,48.5,-113.0,90
2024-08-12,48.5,-112.5,270
2024-08-12,48.5,-112.0,270
2024-08-12,48.5,-111.5,90
2024-08-12,48.5,-111.0,810
2024-08-12,48.5,-110.5,450
2024-08-12,48.5,-110.0,720
2024-08-12,48.5,-109.5,360
2024-08-12,48.5,-109.0,540
2024-08-12,48.5,-108.5,450
2024-08-12,48.5,-108.0,990
2024-08-12,48.5,-107.5,450
2024-08-12,48.5,-107.0,360
2024-08-12,48.5,-106.5,270
2024-08-12,48.5,-106.0,90
2024-08-12,48.5,-105.0,90
2024-08-12,48.5,-104.0,90
2024-08-12,48.5,-102.5,270
2024-08-12,48.5,-102.0,90
2024-08-12,48.5,-101.5,270
2024-08-12,48.5,-100.5,180
2024-08-12,48.5,-84.5,1530
2024-08-12,48.5,-84.0,990
2024-08-12,48.5,-83.5,270
2024-08-12,48.5,-83.0,450
2024-08-12,48.5,-82.5,450
2024-08-12,48.5,-82.0,360
2024-08-12,48.5,-81.5,90
2024-08-12,48.5,-80.5,180
2024-08-12,48.5,-79.5,360
2024-08-12,48.5,-79.0,90
2024-08-12,48.5,-71.0,180
2024-08-12,49.0,-121.5,90
2024-08-12,49.0,-121.0,90
2024-08-12,49.0,-120.5,180
2024-08-12,49.0,-120.0,90
2024-08-12,49.0,-119.5,90
2024-08-12,49.0,-119.0,90
2024-08-12,49.0,-118.5,90
2024-08-12,49.0,-118.0,450
2024-08-12,49.0,-117.5,180
2024-08-12,49.0,-117.0,270
2024-08-12,49.0,-116.0,180
2024-08-12,49.0,-115.5,180
2024-08-12,49.0,-115.0,90
2024-08-12,49.0,-114.5,270
2024-08-12,49.0,-114.0,270
2024-08-12,49.0,-112.5,90
2024-08-12,49.0,-112.0,180
2024-08-12,49.0,-111.5,90
2024-08-12,49.0,-110.5,180
2024-08-12,49.0,-110.0,540
2024-08-12,49.0,-109.5,810
2024-08-12,49.0,-109.0,360
2024-08-12,49.0,-108.5,360
2024-08-12,49.0,-108.0,360
2024-08-12,49.0,-107.5,360
2024-08-12,49.0,-107.0,720
2024-08-12,49.0,-106.5,270
2024-08-12,49.0,-104.0,90
2024-08-12,49.0,-102.5,180
2024-08-12,49.0,-87.5,90
2024-08-12,49.0,-87.0,90
2024-08-12,49.0,-86.5,90
2024-08-12,49.0,-85.0,990
2024-08-12,49.0,-84.5,900
2024-08-12,49.0,-84.0,270
2024-08-12,49.0,-83.5,180
2024-08-12,49.0,-83.0,270
2024-08-12,49.0,-82.5,180
2024-08-12,49.0,-82.0,90
2024-08-12,49.0,-81.5,450
2024-08-12,49.0,-81.0,270
2024-08-12,49.0,-80.0,90
2024-08-12,49.0,-79.5,180
2024-08-12,49.0,-74.0,90
2024-08-12,49.5,-119.0,90
2024-08-12,49.5,-117.0,90
2024-08-12,49.5,-116.5,180
2024-08-12,49.5,-116.0,90
2024-08-12,49.5,-114.5,90
2024-08-12,49.5,-114.0,450
2024-08-12,49.5,-113.5,90
2024-08-12,49.5,-112.5,270
2024-08-12,49.5,-112.0,270
2024-08-12,49.5,-111.5,270
2024-08-12,49.5,-109.5,180
2024-08-12,49.5,-109.0,720
2024-08-12,49.5,-108.5,180
2024-08-12,49.5,-108.0,90
2024-08-12,49.5,-107.5,180
2024-08-12,49.5,-107.0,270
2024-08-12,49.5,-105.5,180
2024-08-12,49.5,-104.5,180
2024-08-12,49.5,-103.5,90
2024-08-12,49.5,-103.0,360
2024-08-12,49.5,-102.0,360
2024-08-12,49.5,-100.5,90
2024-08-12,49.5,-85.5,450
2024-08-12,49.5,-85.0,180
2024-08-12,49.5,-84.5,180
2024-08-12,49.5,-84.0,270
2024-08-12,49.5,-83.5,1350
2024-08-12,49.5,-83.0,1080
2024-08-12,49.5,-82.5,90
2024-08-12,49.5,-82.0,540
2024-08-12,49.5,-81.5,90
2024-08-12,49.5,-81.0,270
2024-08-12,49.5,-80.5,90
2024-08-12,49.5,-80.0,180
2024-08-12,49.5,-72.5,90
2024-08-12,49.5,-70.0,90
2024-08-12,49.5,-69.5,90
2024-08-12,50.0,-121.0,90
2024-08-12,50.0,-120.5,180
2024-08-12,50.0,-118.5,90
2024-08-12,50.0,-117.5,180
2024-08-12,50.0,-116.5,90
2024-08-12,50.0,-116.0,90
2024-08-12,50.0,-115.5,90
2024-08-12,50.0,-115.0,90
2024-08-12,50.0,-114.0,180
2024-08-12,50.0,-113.5,90
2024-08-12,50.0,-113.0,90
2024-08-12,50.0,-112.0,90
2024-08-12,50.0,-111.0,90
2024-08-12,50.0,-110.5,90
2024-08-12,50.0,-110.0,990
2024-08-12,50.0,-109.5,180
2024-08-12,50.0,-106.0,270
2024-08-12,50.0,-105.5,450
2024-08-12,50.0,-105.0,90
2024-08-12,50.0,-104.5,1260
2024-08-12,50.0,-104.0,450
2024-08-12,50.0,-103.5,270
2024-08-12,50.0,-103.0,90
2024-08-12,50.0,-102.5,90
2024-08-12,50.0,-102.0,450
2024-08-12,50.0,-101.5,90
2024-08-12,50.0,-89.5,90
2024-08-12,50.0,-89.0,180
2024-08-12,50.0,-88.0,180
2024-08-12,50.0,-87.5,270
2024-08-12,50.0,-87.0,360
2024-08-12,50.0,-85.5,540
2024-08-12,50.0,-84.5,360
2024-08-12,50.0,-83.5,90
2024-08-12,50.0,-83.0,90
2024-08-12,50.0,-82.5,90
2024-08-12,50.0,-82.0,270
2024-08-12,50.0,-81.5,180
2024-08-12,50.0,-69.5,90
2024-08-12,50.0,-68.5,90
2024-08-12,50.5,-119.5,90
2024-08-12,50.5,-119.0,90
2024-08-12,50.5,-117.5,180
2024-08-12,50.5,-117.0,180
2024-08-12,50.5,-115.5,90
2024-08-12,50.5,-115.0,270
2024-08-12,50.5,-114.0,90
2024-08-12,50.5,-113.0,90
2024-08-12,50.5,-112.5,90
2024-08-12,50.5,-111.0,90
2024-08-12,50.5,-106.5,180
2024-08-12,50.5,-106.0,180
2024-08-12,50.5,-105.5,360
2024-08-12,50.5,-105.0,900
2024-08-12,50.5,-104.5,1260
2024-08-12,50.5,-104.0,720
2024-08-12,50.5,-103.5,180
2024-08-12,50.5,-103.0,90
2024-08-12,50.5,-102.5,90
2024-08-12,50.5,-102.0,270
2024-08-12,50.5,-101.5,90
2024-08-12,50.5,-101.0,90
2024-08-12,50.5,-100.5,90
2024-08-12,50.5,-90.0,180
2024-08-12,50.5,-89.5,90
2024-08-12,50.5,-89.0,450
2024-08-12,50.5,-88.5,90
2024-08-12,50.5,-86.0,180
2024-08-12,50.5,-85.5,180
2024-08-12,50.5,-85.0,360
2024-08-12,50.5,-84.5,90
2024-08-12,50.5,-84.0,360
2024-08-12,50.5,-83.5,90
2024-08-12,50.5,-69.5,90
2024-08-12,50.5,-69.0,180
2024-08-12,50.5,-66.5,180
2024-08-12,50.5,-66.0,90
2024-08-12,51.0,-121.0,90
2024-08-12,51.0,-119.5,270
2024-08-12,51.0,-119.0,90
2024-08-12,51.0,-117.5,90
2024-08-12,51.0,-116.5,90
2024-08-12,51.0,-116.0,90
2024-08-12,51.0,-115.5,180
2024-08-12,51.0,-115.0,180
2024-08-12,51.0,-112.5,180
2024-08-12,51.0,-112.0,450
2024-08-12,51.0,-111.5,270
2024-08-12,51.0,-110.5,180
2024-08-12,51.0,-107.5,90
2024-08-12,51.0,-107.0,180
2024-08-12,51.0,-106.5,270
2024-08-12,51.0,-106.0,360
2024-08-12,51.0,-105.0,540
2024-08-12,51.0,-104.5,180
2024-08-12,51.0,-104.0,630
2024-08-12,51.0,-103.5,450
2024-08-12,51.0,-103.0,180
2024-08-12,51.0,-101.0,270
2024-08-12,51.0,-100.5,180
2024-08-12,51.0,-88.5,180
2024-08-12,51.0,-87.5,90
2024-08-12,51.0,-85.0,90
2024-08-12,51.0,-77.5,90
2024-08-12,51.0,-76.0,90
2024-08-12,51.0,-69.5,90
2024-08-12,51.0,-67.0,90
2024-08-12,51.0,-66.5,450
2024-08-12,51.0,-66.0,540
2024-08-12,51.0,-65.5,90
2024-08-12,51.5,-119.0,90
2024-08-12,51.5,-115.5,180
2024-08-12,51.5,-115.0,90
2024-08-12,51.5,-112.5,180
2024-08-12,51.5,-111.5,90
2024-08-12,51.5,-110.5,90
2024-08-12,51.5,-108.5,90
2024-08-12,51.5,-107.0,90
2024-08-12,51.5,-106.5,180
2024-08-12,51.5,-106.0,630
2024-08-12,51.5,-105.5,540
2024-08-12,51.5,-105.0,180
2024-08-12,51.5,-104.5,270
2024-08-12,51.5,-104.0,360
2024-08-12,51.5,-102.0,90
2024-08-12,51.5,-101.0,90
2024-08-12,51.5,-100.5,90
2024-08-12,51.5,-91.5,90
2024-08-12,51.5,-90.0,270
2024-08-12,51.5,-89.5,90
2024-08-12,51.5,-89.0,360
2024-08-12,51.5,-77.5,90
2024-08-12,51.5,-77.0,180
2024-08-12,51.5,-76.5,90
2024-08-12,51.5,-76.0,90
2024-08-12,51.5,-75.5,90
2024-08-12,51.5,-68.5,90
2024-08-12,51.5,-68.0,90
2024-08-12,51.5,-66.5,360
2024-08-12,51.5,-66.0,180
2024-08-12,51.5,-65.5,450
2024-08-12,52.0,-119.5,90
2024-08-12,52.0,-118.5,180
2024-08-12,52.0,-116.5,180
2024-08-12,52.0,-116.0,630
2024-08-12,52.0,-115.5,180
2024-08-12,52.0,-115.0,90
2024-08-12,52.0,-113.5,90
2024-08-12,52.0,-113.0,90
2024-08-12,52.0,-112.5,90
2024-08-12,52.0,-112.0,90
2024-08-12,52.0,-111.0,90
2024-08-12,52.0,-109.0,180
2024-08-12,52.0,-107.5,270
2024-08-12,52.0,-107.0,180
2024-08-12,52.0,-106.5,270
2024-08-12,52.0,-106.0,450
2024-08-12,52.0,-104.0,90
2024-08-12,52.0,-100.5,90
2024-08-12,52.0,-100.0,180
2024-08-12,52.0,-98.5,90
2024-08-12,52.0,-94.0,180
2024-08-12,52.0,-90.5,90
2024-08-12,52.0,-78.0,90
2024-08-12,52.0,-77.5,90
2024-08-12,52.0,-75.0,90
2024-08-12,52.0,-73.5,180
2024-08-12,52.0,-72.5,90
2024-08-12,52.0,-71.5,90
2024-08-12,52.0,-67.0,90
2024-08-12,52.0,-66.5,270
2024-08-12,52.0,-66.0,90
2024-08-12,52.5,-118.5,90
2024-08-12,52.5,-118.0,90
2024-08-12,52.5,-116.5,270
2024-08-12,52.5,-116.0,270
2024-08-12,52.5,-115.0,90
2024-08-12,52.5,-114.5,90
2024-08-12,52.5,-113.0,90
2024-08-12,52.5,-112.5,90
2024-08-12,52.5,-112.0,90
2024-08-12,52.5,-111.5,180
2024-08-12,52.5,-107.0,90
2024-08-12,52.5,-106.5,270
2024-08-12,52.5,-106.0,630
2024-08-12,52.5,-105.5,450
2024-08-12,52.5,-104.0,270
2024-08-12,52.5,-103.5,270
2024-08-12,52.5,-82.5,90
2024-08-12,52.5,-73.5,90
2024-08-12,52.5,-72.5,90
2024-08-12,52.5,-67.0,90
2024-08-12,52.5,-66.5,180
2024-08-12,53.0,-117.5,180
2024-08-12,53.0,-116.5,180
2024-08-12,53.0,-116.0,360
2024-08-12,53.0,-115.5,90
2024-08-12,53.0,-114.0,90
2024-08-12,53.0,-113.5,90
2024-08-12,53.0,-108.5,90
2024-08-12,53.0,-108.0,90
2024-08-12,53.0,-106.5,270
2024-08-12,53.0,-106.0,540
2024-08-12,53.0,-105.5,270
2024-08-12,53.0,-105.0,180
2024-08-12,53.0,-104.5,90
2024-08-12,53.0,-104.0,270
2024-08-12,53.0,-103.5,90
2024-08-12,53.0,-103.0,270
2024-08-12,53.0,-88.5,90
2024-08-12,53.0,-82.0,90
2024-08-12,53.0,-77.0,180
2024-08-12,53.0,-76.5,810
2024-08-12,53.0,-76.0,450
2024-08-12,53.0,-75.5,360
2024-08-12,53.0,-75.0,90
2024-08-12,53.0,-74.5,180
2024-08-12,53.0,-73.5,90
2024-08-12,53.0,-73.0,90
2024-08-12,53.0,-69.5,90
2024-08-12,53.0,-65.5,90
2024-08-12,53.5,-117.5,90
2024-08-12,53.5,-117.0,90
2024-08-12,53.5,-116.5,90
2024-08-12,53.5,-116.0,90
2024-08-12,53.5,-115.5,90
2024-08-12,53.5,-115.0,90
2024-08-12,53.5,-114.5,90
2024-08-12,53.5,-114.0,90
2024-08-12,53.5,-110.5,180
2024-08-12,53.5,-110.0,360
2024-08-12,53.5,-109.5,90
2024-08-12,53.5,-106.0,90
2024-08-12,53.5,-105.5,180
2024-08-12,53.5,-105.0,180
2024-08-12,53.5,-104.0,180
2024-08-12,53.5,-103.5,270
2024-08-12,53.5,-101.0,90
2024-08-12,53.5,-82.5,90
2024-08-12,53.5,-82.0,90
2024-08-12,53.5,-78.0,180
2024-08-12,53.5,-77.5,450
2024-08-12,53.5,-77.0,180
2024-08-12,53.5,-76.5,180
2024-08-12,53.5,-76.0,270
2024-08-12,53.5,-75.5,90
2024-08-12,53.5,-75.0,450
2024-08-12,53.5,-73.5,90
2024-08-12,54.0,-116.5,90
2024-08-12,54.0,-116.0,270
2024-08-12,54.0,-115.5,270
2024-08-12,54.0,-115.0,90
2024-08-12,54.0,-114.5,90
2024-08-12,54.0,-107.0,180
2024-08-12,54.0,-106.5,270
2024-08-12,54.0,-106.0,90
2024-08-12,54.0,-105.5,90
2024-08-12,54.0,-105.0,180
2024-08-12,54.0,-104.0,90
2024-08-12,54.0,-96.0,90
2024-08-12,54.0,-77.0,90
2024-08-12,54.0,-76.5,90
2024-08-12,54.0,-76.0,180
2024-08-12,54.0,-74.0,90
2024-08-12,54.0,-73.0,90
2024-08-12,54.0,-72.5,90
2024-08-12,54.0,-72.0,90
2024-08-12,54.0,-65.5,90
2024-08-12,54.5,-116.0,90
2024-08-12,54.5,-109.0,90
2024-08-12,54.5,-108.5,180
2024-08-12,54.5,-108.0,180
2024-08-12,54.5,-107.5,180
2024-08-12,54.5,-106.5,90
2024-08-12,54.5,-105.0,90
2024-08-12,54.5,-104.0,90
2024-08-12,54.5,-99.0,90
2024-08-12,54.5,-98.5,90
2024-08-12,54.5,-98.0,90
2024-08-12,54.5,-97.5,180
2024-08-12,54.5,-96.0,90
2024-08-12,54.5,-92.5,90
2024-08-12,54.5,-92.0,180
2024-08-12,54.5,-91.5,180
2024-08-12,54.5,-90.0,90
2024-08-12,54.5,-88.5,90
2024-08-12,54.5,-78.5,90
2024-08-12,54.5,-77.5,90
2024-08-12,54.5,-77.0,90
2024-08-12,54.5,-76.0,180
2024-08-12,54.5,-75.5,180
2024-08-12,54.5,-75.0,90
2024-08-12,54.5,-73.0,90
2024-08-19,20.0,-116.5,90
2024-08-19,20.0,-110.5,270
2024-08-19,20.0,-110.0,90
2024-08-19,20.0,-109.5,180
2024-08-19,20.0,-109.0,360
2024-08-19,20.0,-108.5,360
2024-08-19,20.0,-108.0,450
2024-08-19,20.0,-107.5,990
2024-08-19,20.0,-107.0,2160
2024-08-19,20.0,-106.5,3780
2024-08-19,20.0,-106.0,1710
2024-08-19,20.0,-105.5,4500
2024-08-19,20.0,-105.0,3240
2024-08-19,20.0,-104.5,1530
2024-08-19,20.0,-104.0,2970
2024-08-19,20.0,-103.5,2070
2024-08-19,20.0,-103.0,1530
2024-08-19,20.0,-102.5,1530
2024-08-19,20.0,-102.0,990
2024-08-19,20.0,-101.5,1260
2024-08-19,20.0,-101.0,810
2024-08-19,20.0,-100.5,90
2024-08-19,20.0,-100.0,450
2024-08-19,20.0,-99.5,180
2024-08-19,20.0,-98.5,990
2024-08-19,20.0,-98.0,5850
2024-08-19,20.0,-97.5,3060
2024-08-19,20.0,-96.5,180
2024-08-19,20.0,-95.0,90
2024-08-19,20.0,-94.0,90
2024-08-19,20.0,-92.5,90
2024-08-19,20.0,-91.5,90
2024-08-19,20.0,-91.0,540
2024-08-19,20.0,-90.5,5040
2024-08-19,20.0,-90.0,630
2024-08-19,20.0,-89.5,1080
2024-08-19,20.0,-89.0,3240
2024-08-19,20.0,-88.5,1800
2024-08-19,20.0,-88.0,3060
2024-08-19,20.0,-87.5,1800
2024-08-19,20.0,-87.0,360
2024-08-19,20.0,-86.5,810
2024-08-19,20.0,-86.0,1080
2024-08-19,20.0,-85.5,1980
2024-08-19,20.0,-85.0,1080
2024-08-19,20.0,-84.5,900
2024-08-19,20.0,-84.0,1170
2024-08-19,20.0,-83.5,810
2024-08-19,20.0,-83.0,2160
2024-08-19,20.0,-82.5,990
2024-08-19,20.0,-82.0,540
2024-08-19,20.0,-81.5,2340
2024-08-19,20.0,-81.0,900
2024-08-19,20.0,-80.5,450
2024-08-19,20.0,-80.0,1170
2024-08-19,20.0,-79.5,1350
2024-08-19,20.0,-79.0,90
2024-08-19,20.0,-78.5,1530
2024-08-19,20.0,-78.0,6390
2024-08-19,20.0,-77.5,18270
2024-08-19,20.0,-77.0,11070
2024-08-19,20.0,-76.5,10260
2024-08-19,20.0,-76.0,9450
2024-08-19,20.0,-75.5,5580
2024-08-19,20.0,-75.0,8550
2024-08-19,20.0,-74.5,2070
2024-08-19,20.0,-74.0,180
2024-08-19,20.0,-73.5,720
2024-08-19,20.0,-73.0,180
2024-08-19,20.0,-72.5,180
2024-08-19,20.0,-72.0,90
2024-08-19,20.0,-71.5,90
2024-08-19,20.0,-71.0,90
2024-08-19,20.0,-70.5,270
2024-08-19,20.0,-70.0,630
2024-08-19,20.0,-67.5,270
2024-08-19,20.0,-67.0,180
2024-08-19,20.5,-109.5,180
2024-08-19,20.5,-108.5,450
2024-08-19,20.5,-108.0,1080
2024-08-19,20.5,-107.5,720
2024-08-19,20.5,-107.0,900
2024-08-19,20.5,-106.5,900
2024-08-19,20.5,-106.0,3060
2024-08-19,20.5,-105.5,3420
2024-08-19,20.5,-105.0,2700
2024-08-19,20.5,-104.5,2610
2024-08-19,20.5,-104.0,5130
2024-08-19,20.5,-103.5,3330
2024-08-19,20.5,-103.0,3690
2024-08-19,20.5,-102.5,1350
2024-08-19,20.5,-102.0,1170
2024-08-19,20.5,-101.5,1170
2024-08-19,20.5,-101.0,630
2024-08-19,20.5,-100.5,90
2024-08-19,20.5,-100.0,180
2024-08-19,20.5,-99.5,90
2024-08-19,20.5,-99.0,810
2024-08-19,20.5,-98.5,4950
2024-08-19,20.5,-98.0,2970
2024-08-19,20.5,-97.5,90
2024-08-19,20.5,-97.0,180
2024-08-19,20.5,-96.5,1440
2024-08-19,20.5,-96.0,90
2024-08-19,20.5,-95.5,90
2024-08-19,20.5,-93.5,90
2024-08-19,20.5,-92.0,90
2024-08-19,20.5,-90.5,2970
2024-08-19,20.5,-90.0,4140
2024-08-19,20.5,-89.5,2880
2024-08-19,20.5,-89.0,2880
2024-08-19,20.5,-88.5,5940
2024-08-19,20.5,-88.0,5130
2024-08-19,20.5,-87.5,6300
2024-08-19,20.5,-87.0,360
2024-08-19,20.5,-86.5,1530
2024-08-19,20.5,-86.0,990
2024-08-19,20.5,-85.5,180
2024-08-19,20.5,-85.0,810
2024-08-19,20.5,-84.5,270
2024-08-19,20.5,-84.0,450
2024-08-19,20.5,-83.5,90
2024-08-19,20.5,-83.0,270
2024-08-19,20.5,-82.5,1440
2024-08-19,20.5,-82.0,630
2024-08-19,20.5,-81.5,2610
2024-08-19,20.5,-81.0,1710
2024-08-19,20.5,-80.5,1620
2024-08-19,20.5,-80.0,2340
2024-08-19,20.5,-79.5,1260
2024-08-19,20.5,-79.0,1800
2024-08-19,20.5,-78.5,3240
2024-08-19,20.5,-78.0,7830
2024-08-19,20.5,-77.5,13140
2024-08-19,20.5,-77.0,8910
2024-08-19,20.5,-76.5,6660
2024-08-19,20.5,-76.0,3150
2024-08-19,20.5,-75.5,1710
2024-08-19,20.5,-75.0,4320
2024-08-19,20.5,-72.0,90
2024-08-19,20.5,-70.5,450
2024-08-19,20.5,-70.0,90
2024-08-19,20.5,-69.5,450
2024-08-19,20.5,-69.0,270
2024-08-19,20.5,-68.0,180
2024-08-19,20.5,-67.0,90
2024-08-19,21.0,-111.0,90
2024-08-19,21.0,-109.5,180
2024-08-19,21.0,-109.0,270
2024-08-19,21.0,-108.5,450
2024-08-19,21.0,-108.0,180
2024-08-19,21.0,-107.5,450
2024-08-19,21.0,-107.0,1710
2024-08-19,21.0,-106.5,2520
2024-08-19,21.0,-106.0,8820
2024-08-19,21.0,-105.5,6480
2024-08-19,21.0,-105.0,3510
2024-08-19,21.0,-104.5,3150
2024-08-19,21.0,-104.0,1440
2024-08-19,21.0,-103.5,2430
2024-08-19,21.0,-103.0,2160
2024-08-19,21.0,-102.5,2160
2024-08-19,21.0,-102.0,540
2024-08-19,21.0,-101.0,90
2024-08-19,21.0,-100.0,180
2024-08-19,21.0,-99.5,810
2024-08-19,21.0,-99.0,1530
2024-08-19,21.0,-98.5,2700
2024-08-19,21.0,-98.0,1350
2024-08-19,21.0,-97.5,360
2024-08-19,21.0,-96.5,90
2024-08-19,21.0,-96.0,90
2024-08-19,21.0,-95.0,90
2024-08-19,21.0,-94.5,90
2024-08-19,21.0,-92.5,90
2024-08-19,21.0,-91.5,180
2024-08-19,21.0,-90.5,180
2024-08-19,21.0,-90.0,1440
2024-08-19,21.0,-89.5,720
2024-08-19,21.0,-89.0,2520
2024-08-19,21.0,-88.5,4140
2024-08-19,21.0,-88.0,6030
2024-08-19,21.0,-87.5,4230
2024-08-19,21.0,-87.0,270
2024-08-19,21.0,-86.5,1800
2024-08-19,21.0,-86.0,540
2024-08-19,21.0,-85.5,720
2024-08-19,21.0,-85.0,450
2024-08-19,21.0,-84.5,540
2024-08-19,21.0,-84.0,900
2024-08-19,21.0,-83.5,360
2024-08-19,21.0,-83.0,450
2024-08-19,21.0,-82.0,360
2024-08-19,21.0,-81.5,900
2024-08-19,21.0,-81.0,630
2024-08-19,21.0,-80.5,90
2024-08-19,21.0,-80.0,90
2024-08-19,21.0,-79.5,1890
2024-08-19,21.0,-79.0,3420
2024-08-19,21.0,-78.5,5580
2024-08-19,21.0,-78.0,5850
2024-08-19,21.0,-77.5,7380
2024-08-19,21.0,-77.0,3960
2024-08-19,21.0,-76.5,1530
2024-08-19,21.0,-76.0,1350
2024-08-19,21.0,-75.5,2340
2024-08-19,21.0,-75.0,450
2024-08-19,21.0,-74.5,90
2024-08-19,21.0,-72.5,90
2024-08-19,21.0,-71.5,90
2024-08-19,21.0,-70.5,270
2024-08-19,21.0,-70.0,90
2024-08-19,21.0,-69.5,450
2024-08-19,21.0,-66.0,270
2024-08-19,21.5,-111.5,90
2024-08-19,21.5,-111.0,90
2024-08-19,21.5,-110.5,180
2024-08-19,21.5,-110.0,360
2024-08-19,21.5,-109.5,90
2024-08-19,21.5,-109.0,540
2024-08-19,21.5,-108.5,450
2024-08-19,21.5,-108.0,1260
2024-08-19,21.5,-107.5,1080
2024-08-19,21.5,-107.0,2070
2024-08-19,21.5,-106.5,2340
2024-08-19,21.5,-106.0,7470
2024-08-19,21.5,-105.5,5760
2024-08-19,21.5,-105.0,11880
2024-08-19,21.5,-104.5,2430
2024-08-19,21.5,-104.0,900
2024-08-19,21.5,-103.5,1260
2024-08-19,21.5,-103.0,2250
2024-08-19,21.5,-102.5,1080
2024-08-19,21.5,-102.0,90
2024-08-19,21.5,-99.5,450
2024-08-19,21.5,-99.0,630
2024-08-19,21.5,-98.5,990
2024-08-19,21.5,-98.0,1620
2024-08-19,21.5,-97.5,270
2024-08-19,21.5,-95.5,180
2024-08-19,21.5,-95.0,180
2024-08-19,21.5,-94.0,180
2024-08-19,21.5,-93.5,450
2024-08-19,21.5,-93.0,450
2024-08-19,21.5,-92.5,270
2024-08-19,21.5,-90.5,180
2024-08-19,21.5,-89.0,270
2024-08-19,21.5,-88.0,540
2024-08-19,21.5,-87.5,1800
2024-08-19,21.5,-86.5,360
2024-08-19,21.5,-86.0,630
2024-08-19,21.5,-85.5,990
2024-08-19,21.5,-85.0,1620
2024-08-19,21.5,-84.5,1710
2024-08-19,21.5,-84.0,180
2024-08-19,21.5,-83.5,1530
2024-08-19,21.5,-83.0,3240
2024-08-19,21.5,-82.5,540
2024-08-19,21.5,-82.0,450
2024-08-19,21.5,-81.5,180
2024-08-19,21.5,-81.0,1170
2024-08-19,21.5,-80.5,4140
2024-08-19,21.5,-80.0,3420
2024-08-19,21.5,-79.5,3420
2024-08-19,21.5,-79.0,7650
2024-08-19,21.5,-78.5,5760
2024-08-19,21.5,-78.0,5310
2024-08-19,21.5,-77.5,6300
2024-08-19,21.5,-77.0,4590
2024-08-19,21.5,-76.5,3870
2024-08-19,21.5,-76.0,3780
2024-08-19,21.5,-75.5,720
2024-08-19,21.5,-75.0,90
2024-08-19,21.5,-73.5,90
2024-08-19,21.5,-73.0,180
2024-08-19,21.5,-72.5,180
2024-08-19,21.5,-71.5,90
2024-08-19,21.5,-71.0,90
2024-08-19,21.5,-70.5,90
2024-08-19,21.5,-69.5,90
2024-08-19,21.5,-68.5,90
2024-08-19,21.5,-67.5,90
2024-08-19,21.5,-67.0,90
2024-08-19,21.5,-66.5,90
2024-08-19,21.5,-66.0,90
2024-08-19,22.0,-111.0,90
2024-08-19,22.0,-109.0,90
2024-08-19,22.0,-108.0,180
2024-08-19,22.0,-107.5,360
2024-08-19,22.0,-107.0,900
2024-08-19,22.0,-106.5,3150
2024-08-19,22.0,-106.0,8910
2024-08-19,22.0,-105.5,6210
2024-08-19,22.0,-105.0,4590
2024-08-19,22.0,-104.5,3870
2024-08-19,22.0,-104.0,990
2024-08-19,22.0,-103.5,1080
2024-08-19,22.0,-103.0,1530
2024-08-19,22.0,-102.5,540
2024-08-19,22.0,-101.5,90
2024-08-19,22.0,-101.0,270
2024-08-19,22.0,-100.5,90
2024-08-19,22.0,-100.0,450
2024-08-19,22.0,-99.5,1350
2024-08-19,22.0,-99.0,1350
2024-08-19,22.0,-98.5,990
2024-08-19,22.0,-98.0,450
2024-08-19,22.0,-97.5,270
2024-08-19,22.0,-97.0,90
2024-08-19,22.0,-96.0,270
2024-08-19,22.0,-95.0,90
2024-08-19,22.0,-94.5,90
2024-08-19,22.0,-94.0,90
2024-08-19,22.0,-93.5,180
2024-08-19,22.0,-93.0,810
2024-08-19,22.0,-91.0,90
2024-08-19,22.0,-90.5,180
2024-08-19,22.0,-90.0,180
2024-08-19,22.0,-89.5,360
2024-08-19,22.0,-89.0,90
2024-08-19,22.0,-88.5,270
2024-08-19,22.0,-86.0,90
2024-08-19,22.0,-85.5,90
2024-08-19,22.0,-85.0,810
2024-08-19,22.0,-84.5,11070
2024-08-19,22.0,-84.0,3060
2024-08-19,22.0,-83.5,3600
2024-08-19,22.0,-83.0,4320
2024-08-19,22.0,-82.5,1080
2024-08-19,22.0,-82.0,5850
2024-08-19,22.0,-81.5,3960
2024-08-19,22.0,-81.0,4410
2024-08-19,22.0,-80.5,6480
2024-08-19,22.0,-80.0,5220
2024-08-19,22.0,-79.5,5580
2024-08-19,22.0,-79.0,5310
2024-08-19,22.0,-78.5,8100
2024-08-19,22.0,-78.0,5490
2024-08-19,22.0,-77.5,3510
2024-08-19,22.0,-77.0,5760
2024-08-19,22.0,-76.5,2250
2024-08-19,22.0,-76.0,13770
2024-08-19,22.0,-75.5,3510
2024-08-19,22.0,-75.0,270
2024-08-19,22.0,-74.5,180
2024-08-19,22.0,-74.0,90
2024-08-19,22.0,-72.0,180
2024-08-19,22.0,-71.5,810
2024-08-19,22.0,-70.0,270
2024-08-19,22.0,-68.0,360
2024-08-19,22.0,-67.0,180
2024-08-19,22.0,-66.5,540
2024-08-19,22.0,-65.5,540
2024-08-19,22.5,-110.0,180
2024-08-19,22.5,-108.0,180
2024-08-19,22.5,-107.5,720
2024-08-19,22.5,-107.0,1260
2024-08-19,22.5,-106.5,12780
2024-08-19,22.5,-106.0,7560
2024-08-19,22.5,-105.5,7650
2024-08-19,22.5,-105.0,6030
2024-08-19,22.5,-104.5,3420
2024-08-19,22.5,-104.0,990
2024-08-19,22.5,-103.5,720
2024-08-19,22.5,-100.0,810
2024-08-19,22.5,-99.5,4050
2024-08-19,22.5,-99.0,1440
2024-08-19,22.5,-98.5,180
2024-08-19,22.5,-98.0,90
2024-08-19,22.5,-97.5,180
2024-08-19,22.5,-97.0,180
2024-08-19,22.5,-95.5,90
2024-08-19,22.5,-94.0,90
2024-08-19,22.5,-93.0,180
2024-08-19,22.5,-92.5,180
2024-08-19,22.5,-92.0,270
2024-08-19,22.5,-91.5,270
2024-08-19,22.5,-91.0,540
2024-08-19,22.5,-90.5,900
2024-08-19,22.5,-90.0,450
2024-08-19,22.5,-89.5,630
2024-08-19,22.5,-89.0,90
2024-08-19,22.5,-88.5,180
2024-08-19,22.5,-88.0,540
2024-08-19,22.5,-87.0,180
2024-08-19,22.5,-86.5,90
2024-08-19,22.5,-85.0,1170
2024-08-19,22.5,-84.5,630
2024-08-19,22.5,-84.0,6930
2024-08-19,22.5,-83.5,7380
2024-08-19,22.5,-83.0,6300
2024-08-19,22.5,-82.5,10530
2024-08-19,22.5,-82.0,7020
2024-08-19,22.5,-81.5,7290
2024-08-19,22.5,-81.0,10710
2024-08-19,22.5,-80.5,4230
2024-08-19,22.5,-80.0,5040
2024-08-19,22.5,-79.5,1710
2024-08-19,22.5,-79.0,2250
2024-08-19,22.5,-78.5,3060
2024-08-19,22.5,-78.0,540
2024-08-19,22.5,-77.5,2250
2024-08-19,22.5,-77.0,7380
2024-08-19,22.5,-76.5,3600
2024-08-19,22.5,-76.0,4860
2024-08-19,22.5,-75.5,1620
2024-08-19,22.5,-75.0,270
2024-08-19,22.5,-74.5,360
2024-08-19,22.5,-74.0,270
2024-08-19,22.5,-73.0,180
2024-08-19,22.5,-71.5,270
2024-08-19,22.5,-71.0,90
2024-08-19,22.5,-70.5,360
2024-08-19,22.5,-69.5,90
2024-08-19,22.5,-67.0,180
2024-08-19,22.5,-66.5,630
2024-08-19,22.5,-66.0,90
2024-08-19,23.0,-110.0,630
2024-08-19,23.0,-108.5,90
2024-08-19,23.0,-108.0,90
2024-08-19,23.0,-107.5,2880
2024-08-19,23.0,-107.0,12330
2024-08-19,23.0,-106.5,2250
2024-08-19,23.0,-106.0,1170
2024-08-19,23.0,-105.5,2430
2024-08-19,23.0,-105.0,1530
2024-08-19,23.0,-104.5,1170
2024-08-19,23.0,-101.5,90
2024-08-19,23.0,-101.0,360
2024-08-19,23.0,-100.5,270
2024-08-19,23.0,-100.0,360
2024-08-19,23.0,-99.5,2070
2024-08-19,23.0,-99.0,990
2024-08-19,23.0,-98.5,1260
2024-08-19,23.0,-98.0,90
2024-08-19,23.0,-95.5,270
2024-08-19,23.0,-94.5,900
2024-08-19,23.0,-94.0,540
2024-08-19,23.0,-93.5,450
2024-08-19,23.0,-93.0,270
2024-08-19,23.0,-92.5,270
2024-08-19,23.0,-92.0,360
2024-08-19,23.0,-91.5,270
2024-08-19,23.0,-91.0,450
2024-08-19,23.0,-90.5,630
2024-08-19,23.0,-90.0,90
2024-08-19,23.0,-89.5,180
2024-08-19,23.0,-89.0,180
2024-08-19,23.0,-87.5,270
2024-08-19,23.0,-87.0,90
2024-08-19,23.0,-86.5,540
2024-08-19,23.0,-86.0,360
2024-08-19,23.0,-85.5,360
2024-08-19,23.0,-85.0,360
2024-08-19,23.0,-84.5,270
2024-08-19,23.0,-84.0,270
2024-08-19,23.0,-83.5,180
2024-08-19,23.0,-83.0,1350
2024-08-19,23.0,-82.5,4770
2024-08-19,23.0,-82.0,3240
2024-08-19,23.0,-81.5,2610
2024-08-19,23.0,-81.0,360
2024-08-19,23.0,-80.5,900
2024-08-19,23.0,-80.0,720
2024-08-19,23.0,-79.5,90
2024-08-19,23.0,-79.0,540
2024-08-19,23.0,-78.5,720
2024-08-19,23.0,-78.0,360
2024-08-19,23.0,-77.5,1890
2024-08-19,23.0,-77.0,3060
2024-08-19,23.0,-76.5,5850
2024-08-19,23.0,-76.0,810
2024-08-19,23.0,-75.5,450
2024-08-19,23.0,-75.0,270
2024-08-19,23.0,-74.0,720
2024-08-19,23.0,-73.0,270
2024-08-19,23.0,-72.5,270
2024-08-19,23.0,-71.5,90
2024-08-19,23.0,-71.0,90
2024-08-19,23.0,-69.0,90
2024-08-19,23.0,-68.5,360
2024-08-19,23.0,-68.0,360
2024-08-19,23.0,-67.5,180
2024-08-19,23.0,-67.0,180
2024-08-19,23.5,-110.5,900
2024-08-19,23.5,-110.0,360
2024-08-19,23.5,-108.0,90
2024-08-19,23.5,-107.5,6660
2024-08-19,23.5,-107.0,4590
2024-08-19,23.5,-106.5,1980
2024-08-19,23.5,-106.0,3870
2024-08-19,23.5,-105.5,1710
2024-08-19,23.5,-105.0,90
2024-08-19,23.5,-104.5,270
2024-08-19,23.5,-103.5,180
2024-08-19,23.5,-101.0,180
2024-08-19,23.5,-100.5,450
2024-08-19,23.5,-100.0,90
2024-08-19,23.5,-99.5,900
2024-08-19,23.5,-99.0,90
2024-08-19,23.5,-98.5,450
2024-08-19,23.5,-97.5,90
2024-08-19,23.5,-96.0,90
2024-08-19,23.5,-94.5,90
2024-08-19,23.5,-93.5,540
2024-08-19,23.5,-93.0,360
2024-08-19,23.5,-92.5,360
2024-08-19,23.5,-92.0,180
2024-08-19,23.5,-91.5,1260
2024-08-19,23.5,-91.0,900
2024-08-19,23.5,-90.5,450
2024-08-19,23.5,-90.0,90
2024-08-19,23.5,-89.5,360
2024-08-19,23.5,-89.0,90
2024-08-19,23.5,-88.5,180
2024-08-19,23.5,-88.0,540
2024-08-19,23.5,-87.5,270
2024-08-19,23.5,-86.5,180
2024-08-19,23.5,-86.0,90
2024-08-19,23.5,-85.0,450
2024-08-19,23.5,-84.5,270
2024-08-19,23.5,-84.0,540
2024-08-19,23.5,-83.5,540
2024-08-19,23.5,-83.0,810
2024-08-19,23.5,-82.5,810
2024-08-19,23.5,-82.0,810
2024-08-19,23.5,-81.5,900
2024-08-19,23.5,-81.0,360
2024-08-19,23.5,-80.5,180
2024-08-19,23.5,-80.0,90
2024-08-19,23.5,-79.5,810
2024-08-19,23.5,-79.0,270
2024-08-19,23.5,-78.5,1530
2024-08-19,23.5,-78.0,810
2024-08-19,23.5,-77.5,540
2024-08-19,23.5,-77.0,630
2024-08-19,23.5,-76.5,3150
2024-08-19,23.5,-76.0,900
2024-08-19,23.5,-75.5,360
2024-08-19,23.5,-75.0,360
2024-08-19,23.5,-74.5,90
2024-08-19,23.5,-74.0,90
2024-08-19,23.5,-73.5,270
2024-08-19,23.5,-73.0,360
2024-08-19,23.5,-72.0,180
2024-08-19,23.5,-70.5,90
2024-08-19,23.5,-69.0,180
2024-08-19,23.5,-68.5,90
2024-08-19,23.5,-68.0,180
2024-08-19,23.5,-67.0,720
2024-08-19,23.5,-66.5,270
2024-08-19,24.0,-110.5,90
2024-08-19,24.0,-108.5,360
2024-08-19,24.0,-108.0,5220
2024-08-19,24.0,-107.5,1620
2024-08-19,24.0,-107.0,1350
2024-08-19,24.0,-106.5,7380
2024-08-19,24.0,-106.0,1890
2024-08-19,24.0,-105.0,270
2024-08-19,24.0,-104.5,180
2024-08-19,24.0,-100.0,900
2024-08-19,24.0,-99.5,630
2024-08-19,24.0,-99.0,90
2024-08-19,24.0,-98.5,180
2024-08-19,24.0,-97.5,90
2024-08-19,24.0,-96.5,270
2024-08-19,24.0,-96.0,180
2024-08-19,24.0,-95.5,180
2024-08-19,24.0,-95.0,90
2024-08-19,24.0,-94.0,1080
2024-08-19,24.0,-93.5,90
2024-08-19,24.0,-93.0,90
2024-08-19,24.0,-92.5,360
2024-08-19,24.0,-92.0,180
2024-08-19,24.0,-91.5,810
2024-08-19,24.0,-91.0,360
2024-08-19,24.0,-90.5,360
2024-08-19,24.0,-90.0,360
2024-08-19,24.0,-89.5,360
2024-08-19,24.0,-88.5,90
2024-08-19,24.0,-87.5,90
2024-08-19,24.0,-87.0,180
2024-08-19,24.0,-86.5,180
2024-08-19,24.0,-85.5,900
2024-08-19,24.0,-85.0,360
2024-08-19,24.0,-84.5,90
2024-08-19,24.0,-84.0,630
2024-08-19,24.0,-83.5,450
2024-08-19,24.0,-83.0,2520
2024-08-19,24.0,-82.5,900
2024-08-19,24.0,-82.0,1890
2024-08-19,24.0,-81.5,810
2024-08-19,24.0,-81.0,990
2024-08-19,24.0,-80.5,720
2024-08-19,24.0,-80.0,180
2024-08-19,24.0,-79.0,360
2024-08-19,24.0,-78.5,450
2024-08-19,24.0,-78.0,2610
2024-08-19,24.0,-77.5,900
2024-08-19,24.0,-77.0,180
2024-08-19,24.0,-76.5,1800
2024-08-19,24.0,-76.0,1620
2024-08-19,24.0,-75.5,540
2024-08-19,24.0,-75.0,2160
2024-08-19,24.0,-74.5,2250
2024-08-19,24.0,-74.0,90
2024-08-19,24.0,-73.0,90
2024-08-19,24.0,-72.5,180
2024-08-19,24.0,-72.0,180
2024-08-19,24.0,-71.5,180
2024-08-19,24.5,-108.5,180
2024-08-19,24.5,-108.0,2880
2024-08-19,24.5,-107.5,3870
2024-08-19,24.5,-107.0,7650
2024-08-19,24.5,-106.5,3240
2024-08-19,24.5,-106.0,540
2024-08-19,24.5,-105.5,180
2024-08-19,24.5,-105.0,360
2024-08-19,24.5,-104.5,270
2024-08-19,24.5,-104.0,90
2024-08-19,24.5,-103.5,450
2024-08-19,24.5,-103.0,630
2024-08-19,24.5,-102.5,630
2024-08-19,24.5,-102.0,540
2024-08-19,24.5,-100.0,90
2024-08-19,24.5,-99.0,180
2024-08-19,24.5,-98.5,90
2024-08-19,24.5,-97.0,180
2024-08-19,24.5,-96.5,180
2024-08-19,24.5,-95.5,180
2024-08-19,24.5,-95.0,2430
2024-08-19,24.5,-94.5,1980
2024-08-19,24.5,-94.0,990
2024-08-19,24.5,-93.5,720
2024-08-19,24.5,-93.0,450
2024-08-19,24.5,-92.5,720
2024-08-19,24.5,-92.0,360
2024-08-19,24.5,-91.5,270
2024-08-19,24.5,-91.0,90
2024-08-19,24.5,-90.5,90
2024-08-19,24.5,-89.5,90
2024-08-19,24.5,-89.0,90
2024-08-19,24.5,-88.5,900
2024-08-19,24.5,-88.0,900
2024-08-19,24.5,-87.5,630
2024-08-19,24.5,-87.0,540
2024-08-19,24.5,-86.5,360
2024-08-19,24.5,-86.0,360
2024-08-19,24.5,-85.5,450
2024-08-19,24.5,-85.0,360
2024-08-19,24.5,-84.5,450
2024-08-19,24.5,-83.5,630
2024-08-19,24.5,-83.0,540
2024-08-19,24.5,-82.5,810
2024-08-19,24.5,-82.0,3150
2024-08-19,24.5,-81.5,1530
2024-08-19,24.5,-81.0,3240
2024-08-19,24.5,-80.5,1440
2024-08-19,24.5,-80.0,1170
2024-08-19,24.5,-79.5,540
2024-08-19,24.5,-79.0,270
2024-08-19,24.5,-78.5,3510
2024-08-19,24.5,-78.0,3960
2024-08-19,24.5,-77.5,630
2024-08-19,24.5,-77.0,1170
2024-08-19,24.5,-76.5,1800
2024-08-19,24.5,-76.0,900
2024-08-19,24.5,-75.5,990
2024-08-19,24.5,-75.0,1440
2024-08-19,24.5,-74.5,630
2024-08-19,24.5,-74.0,90
2024-08-19,24.5,-73.0,90
2024-08-19,24.5,-72.5,90
2024-08-19,24.5,-71.5,90
2024-08-19,24.5,-71.0,90
2024-08-19,25.0,-111.5,1620
2024-08-19,25.0,-111.0,2610
2024-08-19,25.0,-110.0,360
2024-08-19,25.0,-109.5,180
2024-08-19,25.0,-109.0,540
2024-08-19,25.0,-108.5,3960
2024-08-19,25.0,-108.0,4230
2024-08-19,25.0,-107.5,6840
2024-08-19,25.0,-107.0,7290
2024-08-19,25.0,-106.5,720
2024-08-19,25.0,-106.0,630
2024-08-19,25.0,-105.5,450
2024-08-19,25.0,-105.0,540
2024-08-19,25.0,-104.0,360
2024-08-19,25.0,-103.5,450
2024-08-19,25.0,-103.0,360
2024-08-19,25.0,-102.0,270
2024-08-19,25.0,-101.5,180
2024-08-19,25.0,-101.0,180
2024-08-19,25.0,-98.0,90
2024-08-19,25.0,-97.0,90
2024-08-19,25.0,-96.0,90
2024-08-19,25.0,-95.5,270
2024-08-19,25.0,-95.0,1710
2024-08-19,25.0,-94.5,1800
2024-08-19,25.0,-94.0,1440
2024-08-19,25.0,-93.5,1980
2024-08-19,25.0,-93.0,630
2024-08-19,25.0,-92.5,270
2024-08-19,25.0,-92.0,720
2024-08-19,25.0,-91.5,540
2024-08-19,25.0,-91.0,1170
2024-08-19,25.0,-90.5,810
2024-08-19,25.0,-90.0,540
2024-08-19,25.0,-89.5,270
2024-08-19,25.0,-89.0,540
2024-08-19,25.0,-88.5,360
2024-08-19,25.0,-88.0,900
2024-08-19,25.0,-87.5,1260
2024-08-19,25.0,-87.0,270
2024-08-19,25.0,-86.5,810
2024-08-19,25.0,-86.0,360
2024-08-19,25.0,-85.5,270
2024-08-19,25.0,-85.0,810
2024-08-19,25.0,-84.5,630
2024-08-19,25.0,-84.0,450
2024-08-19,25.0,-83.5,450
2024-08-19,25.0,-83.0,1800
2024-08-19,25.0,-82.5,450
2024-08-19,25.0,-82.0,720
2024-08-19,25.0,-81.5,3060
2024-08-19,25.0,-81.0,3600
2024-08-19,25.0,-80.5,1350
2024-08-19,25.0,-80.0,990
2024-08-19,25.0,-79.5,360
2024-08-19,25.0,-79.0,90
2024-08-19,25.0,-78.5,1170
2024-08-19,25.0,-78.0,3780
2024-08-19,25.0,-77.5,5310
2024-08-19,25.0,-77.0,990
2024-08-19,25.0,-76.5,1080
2024-08-19,25.0,-76.0,1260
2024-08-19,25.0,-75.5,1530
2024-08-19,25.0,-75.0,3780
2024-08-19,25.0,-74.5,2520
2024-08-19,25.0,-74.0,720
2024-08-19,25.0,-73.5,180
2024-08-19,25.0,-73.0,450
2024-08-19,25.0,-70.5,180
2024-08-19,25.0,-67.0,90
2024-08-19,25.5,-114.5,270
2024-08-19,25.5,-113.5,270
2024-08-19,25.5,-112.0,450
2024-08-19,25.5,-111.5,540
2024-08-19,25.5,-111.0,900
2024-08-19,25.5,-110.5,1170
2024-08-19,25.5,-110.0,270
2024-08-19,25.5,-109.5,450
2024-08-19,25.5,-109.0,2790
2024-08-19,25.5,-108.5,2340
2024-08-19,25.5,-108.0,10080
2024-08-19,25.5,-107.5,5760
2024-08-19,25.5,-107.0,990
2024-08-19,25.5,-106.5,630
2024-08-19,25.5,-106.0,180
2024-08-19,25.5,-105.5,900
2024-08-19,25.5,-105.0,180
2024-08-19,25.5,-104.0,270
2024-08-19,25.5,-103.5,450
2024-08-19,25.5,-99.0,360
2024-08-19,25.5,-98.5,450
2024-08-19,25.5,-95.0,90
2024-08-19,25.5,-94.5,1440
2024-08-19,25.5,-94.0,180
2024-08-19,25.5,-93.5,90
2024-08-19,25.5,-93.0,630
2024-08-19,25.5,-92.5,180
2024-08-19,25.5,-91.0,90
2024-08-19,25.5,-90.5,900
2024-08-19,25.5,-90.0,450
2024-08-19,25.5,-89.5,1260
2024-08-19,25.5,-89.0,1260
2024-08-19,25.5,-88.5,1170
2024-08-19,25.5,-88.0,720
2024-08-19,25.5,-87.5,1170
2024-08-19,25.5,-87.0,810
2024-08-19,25.5,-86.5,720
2024-08-19,25.5,-86.0,540
2024-08-19,25.5,-85.5,1980
2024-08-19,25.5,-85.0,1800
2024-08-19,25.5,-84.5,1530
2024-08-19,25.5,-84.0,810
2024-08-19,25.5,-83.5,1080
2024-08-19,25.5,-83.0,1710
2024-08-19,25.5,-82.5,1710
2024-08-19,25.5,-82.0,1890
2024-08-19,25.5,-81.5,2070
2024-08-19,25.5,-81.0,3510
2024-08-19,25.5,-80.5,8100
2024-08-19,25.5,-80.0,90
2024-08-19,25.5,-79.5,810
2024-08-19,25.5,-79.0,1800
2024-08-19,25.5,-78.5,1980
2024-08-19,25.5,-78.0,1080
2024-08-19,25.5,-77.5,630
2024-08-19,25.5,-77.0,2070
2024-08-19,25.5,-76.5,3330
2024-08-19,25.5,-76.0,2160
2024-08-19,25.5,-75.5,6840
2024-08-19,25.5,-75.0,3780
2024-08-19,25.5,-74.5,630
2024-08-19,25.5,-74.0,180
2024-08-19,25.5,-73.5,450
2024-08-19,25.5,-73.0,1350
2024-08-19,25.5,-72.5,180
2024-08-19,25.5,-71.5,630
2024-08-19,25.5,-65.5,90
2024-08-19,26.0,-115.0,90
2024-08-19,26.0,-114.5,360
2024-08-19,26.0,-114.0,90
2024-08-19,26.0,-113.5,360
2024-08-19,26.0,-113.0,180
2024-08-19,26.0,-112.0,540
2024-08-19,26.0,-111.0,180
2024-08-19,26.0,-110.5,1440
2024-08-19,26.0,-110.0,450
2024-08-19,26.0,-109.5,900
2024-08-19,26.0,-109.0,2070
2024-08-19,26.0,-108.5,6210
2024-08-19,26.0,-108.0,8640
2024-08-19,26.0,-107.5,3960
2024-08-19,26.0,-107.0,990
2024-08-19,26.0,-106.5,90
2024-08-19,26.0,-106.0,720
2024-08-19,26.0,-105.5,360
2024-08-19,26.0,-103.5,90
2024-08-19,26.0,-103.0,270
2024-08-19,26.0,-100.5,90
2024-08-19,26.0,-96.5,90
2024-08-19,26.0,-94.5,630
2024-08-19,26.0,-94.0,90
2024-08-19,26.0,-93.5,180
2024-08-19,26.0,-93.0,360
2024-08-19,26.0,-92.5,360
2024-08-19,26.0,-92.0,630
2024-08-19,26.0,-91.5,90
2024-08-19,26.0,-90.0,900
2024-08-19,26.0,-89.5,90
2024-08-19,26.0,-89.0,450
2024-08-19,26.0,-88.5,630
2024-08-19,26.0,-88.0,630
2024-08-19,26.0,-87.5,180
2024-08-19,26.0,-87.0,1440
2024-08-19,26.0,-86.5,1080
2024-08-19,26.0,-86.0,2160
2024-08-19,26.0,-85.5,2610
2024-08-19,26.0,-85.0,1170
2024-08-19,26.0,-84.5,4140
2024-08-19,26.0,-84.0,1980
2024-08-19,26.0,-83.5,1350
2024-08-19,26.0,-83.0,1350
2024-08-19,26.0,-82.5,1170
2024-08-19,26.0,-82.0,3240
2024-08-19,26.0,-81.5,2520
2024-08-19,26.0,-81.0,4140
2024-08-19,26.0,-80.5,3780
2024-08-19,26.0,-80.0,2610
2024-08-19,26.0,-79.5,2340
2024-08-19,26.0,-79.0,1980
2024-08-19,26.0,-78.5,360
2024-08-19,26.0,-78.0,1170
2024-08-19,26.0,-77.5,2700
2024-08-19,26.0,-77.0,2880
2024-08-19,26.0,-76.5,720
2024-08-19,26.0,-76.0,2250
2024-08-19,26.0,-75.5,7110
2024-08-19,26.0,-75.0,2340
2024-08-19,26.0,-74.5,1170
2024-08-19,26.0,-74.0,360
2024-08-19,26.0,-73.0,90
2024-08-19,26.0,-72.5,630
2024-08-19,26.0,-72.0,900
2024-08-19,26.0,-71.5,630
2024-08-19,26.0,-71.0,90
2024-08-19,26.5,-115.0,90
2024-08-19,26.5,-113.5,90
2024-08-19,26.5,-113.0,180
2024-08-19,26.5,-112.5,2070
2024-08-19,26.5,-112.0,180
2024-08-19,26.5,-111.5,180
2024-08-19,26.5,-111.0,360
2024-08-19,26.5,-110.5,450
2024-08-19,26.5,-110.0,1080
2024-08-19,26.5,-109.5,3330
2024-08-19,26.5,-109.0,5130
2024-08-19,26.5,-108.5,8100
2024-08-19,26.5,-108.0,4950
2024-08-19,26.5,-107.5,900
2024-08-19,26.5,-107.0,180
2024-08-19,26.5,-106.5,630
2024-08-19,26.5,-106.0,720
2024-08-19,26.5,-105.5,450
2024-08-19,26.5,-105.0,90
2024-08-19,26.5,-104.0,90
2024-08-19,26.5,-103.5,90
2024-08-19,26.5,-102.0,270
2024-08-19,26.5,-101.5,180
2024-08-19,26.5,-101.0,90
2024-08-19,26.5,-100.0,90
2024-08-19,26.5,-99.5,720
2024-08-19,26.5,-96.0,90
2024-08-19,26.5,-94.5,2970
2024-08-19,26.5,-94.0,2340
2024-08-19,26.5,-93.5,1080
2024-08-19,26.5,-93.0,540
2024-08-19,26.5,-92.5,180
2024-08-19,26.5,-92.0,810
2024-08-19,26.5,-91.5,270
2024-08-19,26.5,-91.0,540
2024-08-19,26.5,-90.5,360
2024-08-19,26.5,-90.0,630
2024-08-19,26.5,-89.5,360
2024-08-19,26.5,-89.0,630
2024-08-19,26.5,-88.0,90
2024-08-19,26.5,-87.5,180
2024-08-19,26.5,-87.0,360
2024-08-19,26.5,-86.5,1440
2024-08-19,26.5,-86.0,450
2024-08-19,26.5,-85.5,1350
2024-08-19,26.5,-85.0,1620
2024-08-19,26.5,-84.5,4320
2024-08-19,26.5,-84.0,1170
2024-08-19,26.5,-83.5,2430
2024-08-19,26.5,-83.0,2160
2024-08-19,26.5,-82.5,3690
2024-08-19,26.5,-82.0,3870
2024-08-19,26.5,-81.5,1620
2024-08-19,26.5,-81.0,4410
2024-08-19,26.5,-80.5,5580
2024-08-19,26.5,-80.0,4230
2024-08-19,26.5,-79.5,2250
2024-08-19,26.5,-79.0,1620
2024-08-19,26.5,-78.5,2790
2024-08-19,26.5,-78.0,4050
2024-08-19,26.5,-77.5,990
2024-08-19,26.5,-77.0,990
2024-08-19,26.5,-76.5,2340
2024-08-19,26.5,-76.0,1530
2024-08-19,26.5,-75.5,3150
2024-08-19,26.5,-75.0,4500
2024-08-19,26.5,-74.5,1080
2024-08-19,26.5,-74.0,630
2024-08-19,26.5,-73.5,990
2024-08-19,26.5,-73.0,90
2024-08-19,26.5,-72.5,90
2024-08-19,26.5,-72.0,720
2024-08-19,26.5,-71.5,360
2024-08-19,26.5,-71.0,90
2024-08-19,27.0,-113.0,180
2024-08-19,27.0,-112.5,1440
2024-08-19,27.0,-112.0,1620
2024-08-19,27.0,-111.5,630
2024-08-19,27.0,-111.0,720
2024-08-19,27.0,-110.5,900
2024-08-19,27.0,-110.0,1800
2024-08-19,27.0,-109.5,3870
2024-08-19,27.0,-109.0,6570
2024-08-19,27.0,-108.5,9270
2024-08-19,27.0,-108.0,2970
2024-08-19,27.0,-107.5,90
2024-08-19,27.0,-106.0,360
2024-08-19,27.0,-105.5,270
2024-08-19,27.0,-105.0,270
2024-08-19,27.0,-104.5,450
2024-08-19,27.0,-102.5,90
2024-08-19,27.0,-95.5,180
2024-08-19,27.0,-95.0,90
2024-08-19,27.0,-94.5,540
2024-08-19,27.0,-94.0,990
2024-08-19,27.0,-93.5,180
2024-08-19,27.0,-93.0,630
2024-08-19,27.0,-92.5,990
2024-08-19,27.0,-92.0,810
2024-08-19,27.0,-91.5,1800
2024-08-19,27.0,-91.0,1170
2024-08-19,27.0,-90.5,630
2024-08-19,27.0,-90.0,2160
2024-08-19,27.0,-89.5,450
2024-08-19,27.0,-89.0,270
2024-08-19,27.0,-88.5,180
2024-08-19,27.0,-88.0,630
2024-08-19,27.0,-87.5,270
2024-08-19,27.0,-87.0,90
2024-08-19,27.0,-86.5,900
2024-08-19,27.0,-86.0,450
2024-08-19,27.0,-85.5,1710
2024-08-19,27.0,-85.0,450
2024-08-19,27.0,-84.5,1350
2024-08-19,27.0,-84.0,1350
2024-08-19,27.0,-83.5,3240
2024-08-19,27.0,-83.0,3510
2024-08-19,27.0,-82.5,7470
2024-08-19,27.0,-82.0,1530
2024-08-19,27.0,-81.5,2430
2024-08-19,27.0,-81.0,2790
2024-08-19,27.0,-80.5,3150
2024-08-19,27.0,-80.0,2250
2024-08-19,27.0,-79.5,810
2024-08-19,27.0,-79.0,4320
2024-08-19,27.0,-78.5,2430
2024-08-19,27.0,-78.0,1980
2024-08-19,27.0,-77.5,2610
2024-08-19,27.0,-77.0,630
2024-08-19,27.0,-76.5,270
2024-08-19,27.0,-76.0,1620
2024-08-19,27.0,-75.5,1710
2024-08-19,27.0,-75.0,360
2024-08-19,27.0,-74.5,810
2024-08-19,27.0,-74.0,1800
2024-08-19,27.0,-73.5,1170
2024-08-19,27.0,-73.0,2070
2024-08-19,27.0,-72.5,180
2024-08-19,27.0,-71.5,180
2024-08-19,27.0,-71.0,180
2024-08-19,27.5,-113.0,90
2024-08-19,27.5,-112.5,2160
2024-08-19,27.5,-112.0,1620
2024-08-19,27.5,-111.5,3060
2024-08-19,27.5,-111.0,2700
2024-08-19,27.5,-110.5,1890
2024-08-19,27.5,-110.0,990
2024-08-19,27.5,-109.5,5760
2024-08-19,27.5,-109.0,3150
2024-08-19,27.5,-108.5,5490
2024-08-19,27.5,-108.0,1170
2024-08-19,27.5,-107.5,90
2024-08-19,27.5,-107.0,270
2024-08-19,27.5,-105.5,180
2024-08-19,27.5,-105.0,450
2024-08-19,27.5,-103.0,90
2024-08-19,27.5,-95.0,630
2024-08-19,27.5,-94.5,720
2024-08-19,27.5,-94.0,990
2024-08-19,27.5,-93.5,1260
2024-08-19,27.5,-93.0,1440
2024-08-19,27.5,-92.5,1530
2024-08-19,27.5,-92.0,2610
2024-08-19,27.5,-91.5,2250
2024-08-19,27.5,-91.0,1170
2024-08-19,27.5,-90.5,630
2024-08-19,27.5,-90.0,900
2024-08-19,27.5,-89.5,1620
2024-08-19,27.5,-89.0,180
2024-08-19,27.5,-88.5,360
2024-08-19,27.5,-88.0,630
2024-08-19,27.5,-87.5,540
2024-08-19,27.5,-87.0,450
2024-08-19,27.5,-86.5,450
2024-08-19,27.5,-86.0,4050
2024-08-19,27.5,-85.5,1170
2024-08-19,27.5,-85.0,540
2024-08-19,27.5,-84.5,810
2024-08-19,27.5,-84.0,630
2024-08-19,27.5,-83.5,4140
2024-08-19,27.5,-83.0,1800
2024-08-19,27.5,-82.5,5850
2024-08-19,27.5,-82.0,1710
2024-08-19,27.5,-81.5,2790
2024-08-19,27.5,-81.0,5400
2024-08-19,27.5,-80.5,1260
2024-08-19,27.5,-80.0,1080
2024-08-19,27.5,-79.5,1530
2024-08-19,27.5,-79.0,1440
2024-08-19,27.5,-78.5,3600
2024-08-19,27.5,-78.0,2430
2024-08-19,27.5,-77.5,3240
2024-08-19,27.5,-77.0,2430
2024-08-19,27.5,-76.5,1980
2024-08-19,27.5,-76.0,1800
2024-08-19,27.5,-75.5,2790
2024-08-19,27.5,-75.0,1170
2024-08-19,27.5,-74.5,990
2024-08-19,27.5,-74.0,270
2024-08-19,27.5,-73.5,1350
2024-08-19,27.5,-73.0,1350
2024-08-19,27.5,-72.5,1170
2024-08-19,27.5,-72.0,630
2024-08-19,27.5,-71.5,180
2024-08-19,27.5,-70.0,90
2024-08-19,28.0,-114.0,180
2024-08-19,28.0,-113.5,360
2024-08-19,28.0,-113.0,1260
2024-08-19,28.0,-112.5,540
2024-08-19,28.0,-112.0,630
2024-08-19,28.0,-111.5,1260
2024-08-19,28.0,-111.0,810
2024-08-19,28.0,-110.5,2430
2024-08-19,28.0,-110.0,1980
2024-08-19,28.0,-109.5,3960
2024-08-19,28.0,-109.0,8190
2024-08-19,28.0,-108.5,5040
2024-08-19,28.0,-108.0,900
2024-08-19,28.0,-107.5,360
2024-08-19,28.0,-107.0,270
2024-08-19,28.0,-98.0,90
2024-08-19,28.0,-97.0,90
2024-08-19,28.0,-96.5,90
2024-08-19,28.0,-94.5,1170
2024-08-19,28.0,-94.0,2880
2024-08-19,28.0,-93.5,3330
2024-08-19,28.0,-93.0,540
2024-08-19,28.0,-92.5,990
2024-08-19,28.0,-92.0,2970
2024-08-19,28.0,-91.5,1260
2024-08-19,28.0,-91.0,2700
2024-08-19,28.0,-90.5,3150
2024-08-19,28.0,-90.0,360
2024-08-19,28.0,-89.5,2250
2024-08-19,28.0,-89.0,90
2024-08-19,28.0,-88.5,180
2024-08-19,28.0,-88.0,360
2024-08-19,28.0,-87.5,270
2024-08-19,28.0,-87.0,900
2024-08-19,28.0,-86.5,1800
2024-08-19,28.0,-86.0,1620
2024-08-19,28.0,-85.5,1440
2024-08-19,28.0,-85.0,3420
2024-08-19,28.0,-84.5,1440
2024-08-19,28.0,-84.0,2970
2024-08-19,28.0,-83.5,1620
2024-08-19,28.0,-83.0,2250
2024-08-19,28.0,-82.5,4320
2024-08-19,28.0,-82.0,2700
2024-08-19,28.0,-81.5,2610
2024-08-19,28.0,-81.0,6480
2024-08-19,28.0,-80.5,2250
2024-08-19,28.0,-80.0,2070
2024-08-19,28.0,-79.5,3780
2024-08-19,28.0,-79.0,3510
2024-08-19,28.0,-78.5,1080
2024-08-19,28.0,-78.0,1800
2024-08-19,28.0,-77.5,6660
2024-08-19,28.0,-77.0,11610
2024-08-19,28.0,-76.5,8100
2024-08-19,28.0,-76.0,4050
2024-08-19,28.0,-75.5,2970
2024-08-19,28.0,-75.0,4140
2024-08-19,28.0,-74.5,450
2024-08-19,28.0,-74.0,630
2024-08-19,28.0,-73.5,990
2024-08-19,28.0,-73.0,540
2024-08-19,28.0,-72.5,540
2024-08-19,28.0,-72.0,720
2024-08-19,28.0,-71.5,1170
2024-08-19,28.0,-71.0,360
2024-08-19,28.0,-70.5,180
2024-08-19,28.0,-70.0,450
2024-08-19,28.5,-114.0,180
2024-08-19,28.5,-113.5,360
2024-08-19,28.5,-113.0,2070
2024-08-19,28.5,-112.5,1710
2024-08-19,28.5,-112.0,1170
2024-08-19,28.5,-111.5,4500
2024-08-19,28.5,-111.0,3780
2024-08-19,28.5,-110.5,2970
2024-08-19,28.5,-110.0,1890
2024-08-19,28.5,-109.5,7200
2024-08-19,28.5,-109.0,5760
2024-08-19,28.5,-108.5,2700
2024-08-19,28.5,-108.0,1260
2024-08-19,28.5,-107.5,180
2024-08-19,28.5,-99.0,90
2024-08-19,28.5,-97.5,90
2024-08-19,28.5,-96.5,2250
2024-08-19,28.5,-96.0,90
2024-08-19,28.5,-95.5,270
2024-08-19,28.5,-94.5,270
2024-08-19,28.5,-94.0,2610
2024-08-19,28.5,-93.5,2070
2024-08-19,28.5,-93.0,1440
2024-08-19,28.5,-92.5,3060
2024-08-19,28.5,-92.0,1620
2024-08-19,28.5,-91.5,90
2024-08-19,28.5,-91.0,2250
2024-08-19,28.5,-90.5,1440
2024-08-19,28.5,-90.0,90
2024-08-19,28.5,-89.5,3510
2024-08-19,28.5,-89.0,90
2024-08-19,28.5,-88.5,90
2024-08-19,28.5,-88.0,90
2024-08-19,28.5,-87.5,270
2024-08-19,28.5,-87.0,900
2024-08-19,28.5,-86.5,4320
2024-08-19,28.5,-86.0,3960
2024-08-19,28.5,-85.5,180
2024-08-19,28.5,-85.0,2970
2024-08-19,28.5,-84.5,4140
2024-08-19,28.5,-84.0,2700
2024-08-19,28.5,-83.5,1170
2024-08-19,28.5,-83.0,360
2024-08-19,28.5,-82.5,2160
2024-08-19,28.5,-82.0,2520
2024-08-19,28.5,-81.5,1800
2024-08-19,28.5,-81.0,4950
2024-08-19,28.5,-80.5,1440
2024-08-19,28.5,-80.0,540
2024-08-19,28.5,-79.5,3870
2024-08-19,28.5,-79.0,7380
2024-08-19,28.5,-78.5,2880
2024-08-19,28.5,-78.0,2430
2024-08-19,28.5,-77.5,2430
2024-08-19,28.5,-77.0,3420
2024-08-19,28.5,-76.5,4230
2024-08-19,28.5,-76.0,3330
2024-08-19,28.5,-75.5,4680
2024-08-19,28.5,-75.0,3150
2024-08-19,28.5,-74.5,2520
2024-08-19,28.5,-74.0,1350
2024-08-19,28.5,-73.5,270
2024-08-19,28.5,-73.0,720
2024-08-19,28.5,-72.5,360
2024-08-19,28.5,-72.0,270
2024-08-19,28.5,-71.5,1080
2024-08-19,28.5,-71.0,720
2024-08-19,28.5,-70.5,1260
2024-08-19,28.5,-70.0,540
2024-08-19,28.5,-69.5,990
2024-08-19,28.5,-69.0,270
2024-08-19,28.5,-68.0,270
2024-08-19,29.0,-114.5,90
2024-08-19,29.0,-113.5,180
2024-08-19,29.0,-113.0,180
2024-08-19,29.0,-112.5,180
2024-08-19,29.0,-112.0,360
2024-08-19,29.0,-111.5,2610
2024-08-19,29.0,-111.0,3780
2024-08-19,29.0,-110.5,3960
2024-08-19,29.0,-110.0,2070
2024-08-19,29.0,-109.5,7920
2024-08-19,29.0,-109.0,4410
2024-08-19,29.0,-108.5,3600
2024-08-19,29.0,-108.0,1710
2024-08-19,29.0,-107.5,720
2024-08-19,29.0,-104.0,270
2024-08-19,29.0,-98.5,1170
2024-08-19,29.0,-98.0,360
2024-08-19,29.0,-97.5,360
2024-08-19,29.0,-96.5,180
2024-08-19,29.0,-96.0,1710
2024-08-19,29.0,-95.5,1980
2024-08-19,29.0,-95.0,90
2024-08-19,29.0,-94.5,3150
2024-08-19,29.0,-94.0,2340
2024-08-19,29.0,-92.0,180
2024-08-19,29.0,-91.5,90
2024-08-19,29.0,-91.0,90
2024-08-19,29.0,-90.5,1170
2024-08-19,29.0,-90.0,90
2024-08-19,29.0,-89.5,360
2024-08-19,29.0,-89.0,1080
2024-08-19,29.0,-88.5,1980
2024-08-19,29.0,-88.0,180
2024-08-19,29.0,-87.5,630
2024-08-19,29.0,-87.0,4770
2024-08-19,29.0,-86.5,2070
2024-08-19,29.0,-86.0,630
2024-08-19,29.0,-85.5,2250
2024-08-19,29.0,-85.0,3240
2024-08-19,29.0,-84.5,3240
2024-08-19,29.0,-84.0,1710
2024-08-19,29.0,-83.5,1080
2024-08-19,29.0,-83.0,1530
2024-08-19,29.0,-82.5,2700
2024-08-19,29.0,-82.0,270
2024-08-19,29.0,-81.5,540
2024-08-19,29.0,-81.0,3240
2024-08-19,29.0,-80.5,1260
2024-08-19,29.0,-80.0,4680
2024-08-19,29.0,-79.5,3510
2024-08-19,29.0,-79.0,3780
2024-08-19,29.0,-78.5,5310
2024-08-19,29.0,-78.0,1710
2024-08-19,29.0,-77.5,4500
2024-08-19,29.0,-77.0,5580
2024-08-19,29.0,-76.5,4410
2024-08-19,29.0,-76.0,4230
2024-08-19,29.0,-75.5,4860
2024-08-19,29.0,-75.0,4770
2024-08-19,29.0,-74.5,1350
2024-08-19,29.0,-74.0,2610
2024-08-19,29.0,-73.5,1260
2024-08-19,29.0,-73.0,90
2024-08-19,29.0,-72.5,90
2024-08-19,29.0,-71.5,180
2024-08-19,29.0,-71.0,900
2024-08-19,29.0,-70.5,540
2024-08-19,29.0,-70.0,360
2024-08-19,29.0,-69.5,270
2024-08-19,29.0,-69.0,270
2024-08-19,29.5,-113.5,90
2024-08-19,29.5,-112.5,540
2024-08-19,29.5,-112.0,720
2024-08-19,29.5,-111.5,1440
2024-08-19,29.5,-111.0,810
2024-08-19,29.5,-110.5,1440
2024-08-19,29.5,-110.0,3330
2024-08-19,29.5,-109.5,4230
2024-08-19,29.5,-109.0,2700
2024-08-19,29.5,-108.5,2700
2024-08-19,29.5,-108.0,360
2024-08-19,29.5,-107.5,540
2024-08-19,29.5,-107.0,90
2024-08-19,29.5,-103.5,90
2024-08-19,29.5,-99.0,450
2024-08-19,29.5,-98.5,450
2024-08-19,29.5,-98.0,1800
2024-08-19,29.5,-97.5,3870
2024-08-19,29.5,-97.0,90
2024-08-19,29.5,-96.0,90
2024-08-19,29.5,-94.5,4410
2024-08-19,29.5,-94.0,90
2024-08-19,29.5,-93.5,630
2024-08-19,29.5,-92.5,270
2024-08-19,29.5,-92.0,90
2024-08-19,29.5,-91.5,90
2024-08-19,29.5,-89.0,540
2024-08-19,29.5,-88.0,180
2024-08-19,29.5,-87.0,3150
2024-08-19,29.5,-86.5,7650
2024-08-19,29.5,-86.0,1620
2024-08-19,29.5,-85.5,4410
2024-08-19,29.5,-85.0,1620
2024-08-19,29.5,-84.5,990
2024-08-19,29.5,-84.0,1080
2024-08-19,29.5,-83.5,1980
2024-08-19,29.5,-83.0,270
2024-08-19,29.5,-82.5,720
2024-08-19,29.5,-82.0,2970
2024-08-19,29.5,-81.5,990
2024-08-19,29.5,-81.0,450
2024-08-19,29.5,-80.5,270
2024-08-19,29.5,-80.0,3330
2024-08-19,29.5,-79.5,1440
2024-08-19,29.5,-79.0,2520
2024-08-19,29.5,-78.5,2610
2024-08-19,29.5,-78.0,1710
2024-08-19,29.5,-77.5,3150
2024-08-19,29.5,-77.0,3060
2024-08-19,29.5,-76.5,2250
2024-08-19,29.5,-76.0,900
2024-08-19,29.5,-75.5,1620
2024-08-19,29.5,-75.0,360
2024-08-19,29.5,-74.5,360
2024-08-19,29.5,-74.0,1710
2024-08-19,29.5,-73.5,3330
2024-08-19,29.5,-73.0,450
2024-08-19,29.5,-72.5,270
2024-08-19,29.5,-72.0,270
2024-08-19,29.5,-71.5,270
2024-08-19,29.5,-71.0,90
2024-08-19,29.5,-70.5,360
2024-08-19,29.5,-70.0,360
2024-08-19,29.5,-69.5,450
2024-08-19,29.5,-69.0,540
2024-08-19,29.5,-68.5,360
2024-08-19,30.0,-114.0,90
2024-08-19,30.0,-111.5,810
2024-08-19,30.0,-111.0,1620
2024-08-19,30.0,-110.5,4140
2024-08-19,30.0,-110.0,3960
2024-08-19,30.0,-109.5,2700
2024-08-19,30.0,-109.0,2340
2024-08-19,30.0,-108.5,2250
2024-08-19,30.0,-108.0,360
2024-08-19,30.0,-107.0,90
2024-08-19,30.0,-99.5,90
2024-08-19,30.0,-99.0,360
2024-08-19,30.0,-98.5,270
2024-08-19,30.0,-98.0,270
2024-08-19,30.0,-97.5,2070
2024-08-19,30.0,-97.0,450
2024-08-19,30.0,-94.0,360
2024-08-19,30.0,-93.5,990
2024-08-19,30.0,-93.0,630
2024-08-19,30.0,-92.5,1170
2024-08-19,30.0,-92.0,360
2024-08-19,30.0,-91.5,270
2024-08-19,30.0,-91.0,270
2024-08-19,30.0,-89.0,90
2024-08-19,30.0,-88.0,270
2024-08-19,30.0,-87.0,8550
2024-08-19,30.0,-86.5,12330
2024-08-19,30.0,-86.0,7200
2024-08-19,30.0,-85.5,2250
2024-08-19,30.0,-85.0,1260
2024-08-19,30.0,-84.5,540
2024-08-19,30.0,-84.0,1440
2024-08-19,30.0,-83.5,1530
2024-08-19,30.0,-83.0,90
2024-08-19,30.0,-82.5,450
2024-08-19,30.0,-82.0,990
2024-08-19,30.0,-81.5,5130
2024-08-19,30.0,-81.0,630
2024-08-19,30.0,-80.5,2160
2024-08-19,30.0,-80.0,4680
2024-08-19,30.0,-79.5,2250
2024-08-19,30.0,-79.0,3420
2024-08-19,30.0,-78.5,3780
2024-08-19,30.0,-78.0,2340
2024-08-19,30.0,-77.5,1350
2024-08-19,30.0,-77.0,3690
2024-08-19,30.0,-76.5,3510
2024-08-19,30.0,-76.0,2880
2024-08-19,30.0,-75.5,1080
2024-08-19,30.0,-75.0,3240
2024-08-19,30.0,-74.5,900
2024-08-19,30.0,-74.0,810
2024-08-19,30.0,-73.5,450
2024-08-19,30.0,-73.0,360
2024-08-19,30.0,-72.5,450
2024-08-19,30.0,-72.0,720
2024-08-19,30.0,-71.5,630
2024-08-19,30.0,-71.0,630
2024-08-19,30.0,-70.5,360
2024-08-19,30.0,-70.0,810
2024-08-19,30.0,-69.5,90
2024-08-19,30.0,-69.0,630
2024-08-19,30.0,-68.5,90
2024-08-19,30.5,-115.5,180
2024-08-19,30.5,-112.0,90
2024-08-19,30.5,-111.5,1260
2024-08-19,30.5,-111.0,5310
2024-08-19,30.5,-110.5,3960
2024-08-19,30.5,-110.0,2520
2024-08-19,30.5,-109.5,3150
2024-08-19,30.5,-109.0,1350
2024-08-19,30.5,-108.5,540
2024-08-19,30.5,-108.0,540
2024-08-19,30.5,-107.5,180
2024-08-19,30.5,-107.0,90
2024-08-19,30.5,-105.5,90
2024-08-19,30.5,-100.5,90
2024-08-19,30.5,-100.0,720
2024-08-19,30.5,-99.5,1710
2024-08-19,30.5,-99.0,2250
2024-08-19,30.5,-98.5,2160
2024-08-19,30.5,-98.0,1440
2024-08-19,30.5,-97.5,90
2024-08-19,30.5,-97.0,180
2024-08-19,30.5,-96.5,1620
2024-08-19,30.5,-96.0,360
2024-08-19,30.5,-93.5,90
2024-08-19,30.5,-93.0,90
2024-08-19,30.5,-92.5,90
2024-08-19,30.5,-92.0,180
2024-08-19,30.5,-91.5,90
2024-08-19,30.5,-88.5,720
2024-08-19,30.5,-87.5,540
2024-08-19,30.5,-87.0,1440
2024-08-19,30.5,-86.5,1890
2024-08-19,30.5,-86.0,2610
2024-08-19,30.5,-85.5,4590
2024-08-19,30.5,-85.0,1890
2024-08-19,30.5,-84.5,1710
2024-08-19,30.5,-84.0,1080
2024-08-19,30.5,-83.5,630
2024-08-19,30.5,-83.0,180
2024-08-19,30.5,-82.5,990
2024-08-19,30.5,-82.0,1800
2024-08-19,30.5,-81.5,8100
2024-08-19,30.5,-81.0,450
2024-08-19,30.5,-80.5,180
2024-08-19,30.5,-80.0,1170
2024-08-19,30.5,-79.5,12870
2024-08-19,30.5,-79.0,7560
2024-08-19,30.5,-78.5,5940
2024-08-19,30.5,-78.0,4140
2024-08-19,30.5,-77.5,4230
2024-08-19,30.5,-77.0,1980
2024-08-19,30.5,-76.5,2070
2024-08-19,30.5,-76.0,2340
2024-08-19,30.5,-75.5,2520
2024-08-19,30.5,-75.0,3600
2024-08-19,30.5,-74.5,1890
2024-08-19,30.5,-74.0,1170
2024-08-19,30.5,-73.5,990
2024-08-19,30.5,-73.0,270
2024-08-19,30.5,-72.5,180
2024-08-19,30.5,-72.0,810
2024-08-19,30.5,-71.5,810
2024-08-19,30.5,-71.0,810
2024-08-19,30.5,-70.5,360
2024-08-19,30.5,-70.0,450
2024-08-19,30.5,-69.5,180
2024-08-19,30.5,-69.0,90
2024-08-19,30.5,-68.0,90
2024-08-19,31.0,-116.0,360
2024-08-19,31.0,-115.5,270
2024-08-19,31.0,-112.5,270
2024-08-19,31.0,-112.0,90
2024-08-19,31.0,-111.5,2160
2024-08-19,31.0,-111.0,3330
2024-08-19,31.0,-110.5,2880
2024-08-19,31.0,-110.0,1980
2024-08-19,31.0,-109.5,2520
2024-08-19,31.0,-109.0,630
2024-08-19,31.0,-108.5,630
2024-08-19,31.0,-108.0,180
2024-08-19,31.0,-107.5,450
2024-08-19,31.0,-100.5,90
2024-08-19,31.0,-100.0,90
2024-08-19,31.0,-99.5,1080
2024-08-19,31.0,-99.0,1980
2024-08-19,31.0,-98.5,2250
2024-08-19,31.0,-98.0,1260
2024-08-19,31.0,-97.5,900
2024-08-19,31.0,-97.0,450
2024-08-19,31.0,-96.5,1440
2024-08-19,31.0,-96.0,900
2024-08-19,31.0,-91.0,90
2024-08-19,31.0,-90.5,90
2024-08-19,31.0,-89.0,180
2024-08-19,31.0,-88.0,90
2024-08-19,31.0,-87.5,1980
2024-08-19,31.0,-87.0,360
2024-08-19,31.0,-86.5,450
2024-08-19,31.0,-86.0,810
2024-08-19,31.0,-85.5,3420
2024-08-19,31.0,-85.0,1350
2024-08-19,31.0,-84.5,1350
2024-08-19,31.0,-84.0,1890
2024-08-19,31.0,-83.5,450
2024-08-19,31.0,-82.5,90
2024-08-19,31.0,-81.5,900
2024-08-19,31.0,-81.0,2970
2024-08-19,31.0,-80.5,90
2024-08-19,31.0,-80.0,1080
2024-08-19,31.0,-79.5,8280
2024-08-19,31.0,-79.0,5130
2024-08-19,31.0,-78.5,1710
2024-08-19,31.0,-78.0,1620
2024-08-19,31.0,-77.5,1620
2024-08-19,31.0,-77.0,1260
2024-08-19,31.0,-76.5,2430
2024-08-19,31.0,-76.0,1080
2024-08-19,31.0,-75.5,2160
2024-08-19,31.0,-75.0,3870
2024-08-19,31.0,-74.5,2700
2024-08-19,31.0,-74.0,1530
2024-08-19,31.0,-73.5,2970
2024-08-19,31.0,-73.0,630
2024-08-19,31.0,-72.5,180
2024-08-19,31.0,-72.0,630
2024-08-19,31.0,-71.5,810
2024-08-19,31.0,-71.0,90
2024-08-19,31.0,-70.5,180
2024-08-19,31.0,-69.5,630
2024-08-19,31.0,-69.0,180
2024-08-19,31.0,-68.5,270
2024-08-19,31.0,-68.0,360
2024-08-19,31.0,-67.5,90
2024-08-19,31.0,-67.0,90
2024-08-19,31.5,-116.5,90
2024-08-19,31.5,-116.0,900
2024-08-19,31.5,-113.0,270
2024-08-19,31.5,-112.5,450
2024-08-19,31.5,-112.0,900
2024-08-19,31.5,-111.5,2340
2024-08-19,31.5,-111.0,2430
2024-08-19,31.5,-110.5,2250
2024-08-19,31.5,-110.0,900
2024-08-19,31.5,-109.5,2880
2024-08-19,31.5,-109.0,990
2024-08-19,31.5,-108.5,810
2024-08-19,31.5,-108.0,900
2024-08-19,31.5,-107.5,90
2024-08-19,31.5,-107.0,90
2024-08-19,31.5,-106.5,180
2024-08-19,31.5,-101.0,1800
2024-08-19,31.5,-100.5,2880
2024-08-19,31.5,-100.0,990
2024-08-19,31.5,-99.5,360
2024-08-19,31.5,-98.0,270
2024-08-19,31.5,-97.5,1170
2024-08-19,31.5,-97.0,1980
2024-08-19,31.5,-96.5,1620
2024-08-19,31.5,-96.0,270
2024-08-19,31.5,-95.5,450
2024-08-19,31.5,-94.0,270
2024-08-19,31.5,-93.0,360
2024-08-19,31.5,-92.5,90
2024-08-19,31.5,-91.5,90
2024-08-19,31.5,-91.0,450
2024-08-19,31.5,-90.5,90
2024-08-19,31.5,-89.5,540
2024-08-19,31.5,-89.0,270
2024-08-19,31.5,-88.0,1080
2024-08-19,31.5,-87.0,90
2024-08-19,31.5,-86.5,90
2024-08-19,31.5,-86.0,810
2024-08-19,31.5,-85.5,720
2024-08-19,31.5,-85.0,270
2024-08-19,31.5,-84.5,90
2024-08-19,31.5,-84.0,450
2024-08-19,31.5,-83.5,540
2024-08-19,31.5,-83.0,720
2024-08-19,31.5,-82.5,270
2024-08-19,31.5,-82.0,630
2024-08-19,31.5,-81.5,270
2024-08-19,31.5,-81.0,990
2024-08-19,31.5,-80.5,180
2024-08-19,31.5,-80.0,720
2024-08-19,31.5,-79.5,270
2024-08-19,31.5,-79.0,900
2024-08-19,31.5,-78.5,2610
2024-08-19,31.5,-78.0,990
2024-08-19,31.5,-77.5,1080
2024-08-19,31.5,-77.0,1440
2024-08-19,31.5,-76.5,3150
2024-08-19,31.5,-76.0,5220
2024-08-19,31.5,-75.5,1080
2024-08-19,31.5,-75.0,1170
2024-08-19,31.5,-74.5,1800
2024-08-19,31.5,-74.0,990
2024-08-19,31.5,-73.5,720
2024-08-19,31.5,-73.0,1260
2024-08-19,31.5,-72.5,5490
2024-08-19,31.5,-72.0,4050
2024-08-19,31.5,-71.5,1710
2024-08-19,31.5,-71.0,540
2024-08-19,31.5,-70.5,270
2024-08-19,31.5,-70.0,270
2024-08-19,31.5,-69.5,630
2024-08-19,31.5,-69.0,270
2024-08-19,31.5,-68.5,900
2024-08-19,31.5,-68.0,360
2024-08-19,31.5,-67.5,540
2024-08-19,31.5,-66.5,180
2024-08-19,32.0,-116.0,180
2024-08-19,32.0,-113.0,180
2024-08-19,32.0,-112.5,1800
2024-08-19,32.0,-112.0,990
2024-08-19,32.0,-111.5,1710
2024-08-19,32.0,-111.0,2250
2024-08-19,32.0,-110.5,1980
2024-08-19,32.0,-110.0,720
2024-08-19,32.0,-109.5,630
2024-08-19,32.0,-109.0,990
2024-08-19,32.0,-108.5,450
2024-08-19,32.0,-108.0,270
2024-08-19,32.0,-105.0,90
2024-08-19,32.0,-104.0,90
2024-08-19,32.0,-102.5,180
2024-08-19,32.0,-101.0,720
2024-08-19,32.0,-100.5,1710
2024-08-19,32.0,-100.0,3960
2024-08-19,32.0,-99.5,5490
2024-08-19,32.0,-99.0,1620
2024-08-19,32.0,-97.0,360
2024-08-19,32.0,-95.5,450
2024-08-19,32.0,-94.5,90
2024-08-19,32.0,-94.0,90
2024-08-19,32.0,-93.5,450
2024-08-19,32.0,-93.0,450
2024-08-19,32.0,-92.5,1710
2024-08-19,32.0,-92.0,270
2024-08-19,32.0,-91.5,270
2024-08-19,32.0,-91.0,630
2024-08-19,32.0,-90.5,810
2024-08-19,32.0,-88.0,1440
2024-08-19,32.0,-87.5,90
2024-08-19,32.0,-87.0,1440
2024-08-19,32.0,-86.5,180
2024-08-19,32.0,-86.0,90
2024-08-19,32.0,-85.5,1260
2024-08-19,32.0,-84.0,90
2024-08-19,32.0,-83.5,810
2024-08-19,32.0,-83.0,1170
2024-08-19,32.0,-82.5,810
2024-08-19,32.0,-82.0,90
2024-08-19,32.0,-81.5,630
2024-08-19,32.0,-81.0,1260
2024-08-19,32.0,-80.5,450
2024-08-19,32.0,-80.0,630
2024-08-19,32.0,-79.5,720
2024-08-19,32.0,-79.0,1170
2024-08-19,32.0,-78.5,1080
2024-08-19,32.0,-78.0,4680
2024-08-19,32.0,-77.5,5220
2024-08-19,32.0,-77.0,3240
2024-08-19,32.0,-76.5,5220
2024-08-19,32.0,-76.0,2250
2024-08-19,32.0,-75.5,3420
2024-08-19,32.0,-75.0,2250
2024-08-19,32.0,-74.5,2250
2024-08-19,32.0,-74.0,720
2024-08-19,32.0,-73.5,630
2024-08-19,32.0,-73.0,990
2024-08-19,32.0,-72.5,720
2024-08-19,32.0,-72.0,3960
2024-08-19,32.0,-71.5,900
2024-08-19,32.0,-71.0,900
2024-08-19,32.0,-70.5,270
2024-08-19,32.0,-70.0,900
2024-08-19,32.0,-69.5,270
2024-08-19,32.0,-69.0,90
2024-08-19,32.0,-68.5,180
2024-08-19,32.0,-68.0,360
2024-08-19,32.0,-67.5,270
2024-08-19,32.0,-67.0,270
2024-08-19,32.0,-66.5,90
2024-08-19,32.5,-112.5,90
2024-08-19,32.5,-112.0,180
2024-08-19,32.5,-111.5,2610
2024-08-19,32.5,-111.0,1170
2024-08-19,32.5,-110.5,1080
2024-08-19,32.5,-110.0,450
2024-08-19,32.5,-109.5,180
2024-08-19,32.5,-109.0,630
2024-08-19,32.5,-108.0,180
2024-08-19,32.5,-107.5,270
2024-08-19,32.5,-107.0,360
2024-08-19,32.5,-106.5,90
2024-08-19,32.5,-106.0,90
2024-08-19,32.5,-105.0,90
2024-08-19,32.5,-102.0,90
2024-08-19,32.5,-101.0,540
2024-08-19,32.5,-100.5,270
2024-08-19,32.5,-100.0,1350
2024-08-19,32.5,-99.5,1440
2024-08-19,32.5,-99.0,630
2024-08-19,32.5,-95.0,90
2024-08-19,32.5,-94.0,270
2024-08-19,32.5,-93.5,360
2024-08-19,32.5,-93.0,450
2024-08-19,32.5,-92.5,270
2024-08-19,32.5,-92.0,180
2024-08-19,32.5,-91.5,1890
2024-08-19,32.5,-91.0,3240
2024-08-19,32.5,-90.5,1530
2024-08-19,32.5,-87.5,90
2024-08-19,32.5,-87.0,1080
2024-08-19,32.5,-86.5,180
2024-08-19,32.5,-86.0,630
2024-08-19,32.5,-85.5,90
2024-08-19,32.5,-85.0,90
2024-08-19,32.5,-83.5,180
2024-08-19,32.5,-83.0,90
2024-08-19,32.5,-82.0,180
2024-08-19,32.5,-81.5,180
2024-08-19,32.5,-80.5,720
2024-08-19,32.5,-80.0,270
2024-08-19,32.5,-79.5,990
2024-08-19,32.5,-79.0,270
2024-08-19,32.5,-78.5,990
2024-08-19,32.5,-78.0,2700
2024-08-19,32.5,-77.5,3150
2024-08-19,32.5,-77.0,2340
2024-08-19,32.5,-76.5,1980
2024-08-19,32.5,-76.0,2340
2024-08-19,32.5,-75.5,3600
2024-08-19,32.5,-75.0,2250
2024-08-19,32.5,-74.5,180
2024-08-19,32.5,-74.0,360
2024-08-19,32.5,-73.5,1260
2024-08-19,32.5,-73.0,810
2024-08-19,32.5,-72.5,900
2024-08-19,32.5,-72.0,990
2024-08-19,32.5,-71.5,720
2024-08-19,32.5,-71.0,180
2024-08-19,32.5,-70.5,360
2024-08-19,32.5,-70.0,540
2024-08-19,32.5,-69.5,720
2024-08-19,32.5,-69.0,180
2024-08-19,32.5,-68.5,270
2024-08-19,32.5,-68.0,180
2024-08-19,32.5,-66.0,90
2024-08-19,33.0,-114.0,90
2024-08-19,33.0,-112.5,180
2024-08-19,33.0,-112.0,450
2024-08-19,33.0,-111.5,1170
2024-08-19,33.0,-111.0,900
2024-08-19,33.0,-110.5,1620
2024-08-19,33.0,-110.0,810
2024-08-19,33.0,-109.5,540
2024-08-19,33.0,-109.0,360
2024-08-19,33.0,-108.0,270
2024-08-19,33.0,-107.5,540
2024-08-19,33.0,-107.0,180
2024-08-19,33.0,-106.0,540
2024-08-19,33.0,-105.5,90
2024-08-19,33.0,-99.0,270
2024-08-19,33.0,-94.0,450
2024-08-19,33.0,-93.5,2790
2024-08-19,33.0,-93.0,630
2024-08-19,33.0,-92.5,1530
2024-08-19,33.0,-92.0,2430
2024-08-19,33.0,-91.5,3870
2024-08-19,33.0,-91.0,2520
2024-08-19,33.0,-90.5,270
2024-08-19,33.0,-87.0,90
2024-08-19,33.0,-86.5,990
2024-08-19,33.0,-86.0,630
2024-08-19,33.0,-81.5,630
2024-08-19,33.0,-81.0,360
2024-08-19,33.0,-80.5,1350
2024-08-19,33.0,-80.0,2700
2024-08-19,33.0,-79.5,3690
2024-08-19,33.0,-79.0,180
2024-08-19,33.0,-78.5,180
2024-08-19,33.0,-78.0,180
2024-08-19,33.0,-77.5,90
2024-08-19,33.0,-77.0,270
2024-08-19,33.0,-76.5,2790
2024-08-19,33.0,-76.0,2520
2024-08-19,33.0,-75.5,2070
2024-08-19,33.0,-75.0,810
2024-08-19,33.0,-74.5,720
2024-08-19,33.0,-74.0,360
2024-08-19,33.0,-73.5,270
2024-08-19,33.0,-73.0,720
2024-08-19,33.0,-72.5,540
2024-08-19,33.0,-72.0,900
2024-08-19,33.0,-71.5,810
2024-08-19,33.0,-71.0,900
2024-08-19,33.0,-70.5,1170
2024-08-19,33.0,-70.0,450
2024-08-19,33.0,-69.5,900
2024-08-19,33.0,-69.0,180
2024-08-19,33.0,-68.5,180
2024-08-19,33.0,-68.0,90
2024-08-19,33.0,-67.5,180
2024-08-19,33.0,-67.0,90
2024-08-19,33.0,-66.5,180
2024-08-19,33.5,-114.0,180
2024-08-19,33.5,-113.0,180
2024-08-19,33.5,-112.0,270
2024-08-19,33.5,-111.5,1170
2024-08-19,33.5,-111.0,1800
2024-08-19,33.5,-110.5,1440
2024-08-19,33.5,-110.0,3150
2024-08-19,33.5,-109.5,1440
2024-08-19,33.5,-109.0,1620
2024-08-19,33.5,-108.5,630
2024-08-19,33.5,-108.0,990
2024-08-19,33.5,-107.5,720
2024-08-19,33.5,-107.0,90
2024-08-19,33.5,-106.0,540
2024-08-19,33.5,-105.5,180
2024-08-19,33.5,-105.0,90
2024-08-19,33.5,-104.5,90
2024-08-19,33.5,-100.5,90
2024-08-19,33.5,-94.5,90
2024-08-19,33.5,-94.0,2700
2024-08-19,33.5,-93.5,5670
2024-08-19,33.5,-93.0,6390
2024-08-19,33.5,-92.5,1350
2024-08-19,33.5,-92.0,1440
2024-08-19,33.5,-91.5,2070
2024-08-19,33.5,-91.0,990
2024-08-19,33.5,-90.5,900
2024-08-19,33.5,-87.5,270
2024-08-19,33.5,-80.0,990
2024-08-19,33.5,-79.5,4320
2024-08-19,33.5,-79.0,3330
2024-08-19,33.5,-78.5,1620
2024-08-19,33.5,-78.0,720
2024-08-19,33.5,-77.5,1620
2024-08-19,33.5,-77.0,180
2024-08-19,33.5,-76.5,450
2024-08-19,33.5,-76.0,1980
2024-08-19,33.5,-75.5,2700
2024-08-19,33.5,-75.0,2610
2024-08-19,33.5,-74.5,2430
2024-08-19,33.5,-74.0,1350
2024-08-19,33.5,-73.5,630
2024-08-19,33.5,-73.0,1260
2024-08-19,33.5,-72.5,630
2024-08-19,33.5,-72.0,1260
2024-08-19,33.5,-71.5,540
2024-08-19,33.5,-71.0,1170
2024-08-19,33.5,-70.5,540
2024-08-19,33.5,-70.0,1170
2024-08-19,33.5,-69.5,1080
2024-08-19,33.5,-69.0,180
2024-08-19,33.5,-68.5,270
2024-08-19,33.5,-68.0,90
2024-08-19,33.5,-67.0,90
2024-08-19,33.5,-66.5,90
2024-08-19,34.0,-115.0,90
2024-08-19,34.0,-113.5,270
2024-08-19,34.0,-113.0,270
2024-08-19,34.0,-112.5,180
2024-08-19,34.0,-112.0,1080
2024-08-19,34.0,-111.5,720
2024-08-19,34.0,-111.0,1440
2024-08-19,34.0,-110.5,1980
2024-08-19,34.0,-110.0,1710
2024-08-19,34.0,-109.5,2520
2024-08-19,34.0,-109.0,1800
2024-08-19,34.0,-108.5,540
2024-08-19,34.0,-108.0,810
2024-08-19,34.0,-107.5,990
2024-08-19,34.0,-107.0,540
2024-08-19,34.0,-106.5,270
2024-08-19,34.0,-106.0,450
2024-08-19,34.0,-105.5,540
2024-08-19,34.0,-105.0,180
2024-08-19,34.0,-104.5,90
2024-08-19,34.0,-101.0,270
2024-08-19,34.0,-100.5,270
2024-08-19,34.0,-94.5,3240
2024-08-19,34.0,-94.0,5850
2024-08-19,34.0,-93.5,4140
2024-08-19,34.0,-93.0,1440
2024-08-19,34.0,-92.5,1530
2024-08-19,34.0,-92.0,360
2024-08-19,34.0,-91.5,360
2024-08-19,34.0,-91.0,900
2024-08-19,34.0,-80.0,180
2024-08-19,34.0,-79.5,720
2024-08-19,34.0,-79.0,2070
2024-08-19,34.0,-78.5,4320
2024-08-19,34.0,-78.0,810
2024-08-19,34.0,-77.5,1800
2024-08-19,34.0,-76.0,810
2024-08-19,34.0,-75.5,1710
2024-08-19,34.0,-75.0,1620
2024-08-19,34.0,-74.5,2700
2024-08-19,34.0,-74.0,720
2024-08-19,34.0,-73.5,540
2024-08-19,34.0,-73.0,540
2024-08-19,34.0,-72.5,630
2024-08-19,34.0,-72.0,450
2024-08-19,34.0,-71.5,360
2024-08-19,34.0,-71.0,90
2024-08-19,34.0,-70.5,180
2024-08-19,34.0,-70.0,270
2024-08-19,34.0,-69.5,900
2024-08-19,34.0,-69.0,900
2024-08-19,34.0,-68.5,720
2024-08-19,34.0,-67.5,90
2024-08-19,34.0,-67.0,180
2024-08-19,34.0,-66.5,90
2024-08-19,34.5,-115.0,630
2024-08-19,34.5,-114.5,90
2024-08-19,34.5,-114.0,720
2024-08-19,34.5,-113.5,270
2024-08-19,34.5,-113.0,180
2024-08-19,34.5,-112.5,1530
2024-08-19,34.5,-112.0,1260
2024-08-19,34.5,-111.5,2070
2024-08-19,34.5,-111.0,1620
2024-08-19,34.5,-110.5,1080
2024-08-19,34.5,-110.0,450
2024-08-19,34.5,-109.5,1530
2024-08-19,34.5,-109.0,1440
2024-08-19,34.5,-108.5,900
2024-08-19,34.5,-108.0,180
2024-08-19,34.5,-107.5,630
2024-08-19,34.5,-107.0,180
2024-08-19,34.5,-106.5,270
2024-08-19,34.5,-106.0,450
2024-08-19,34.5,-105.5,90
2024-08-19,34.5,-105.0,90
2024-08-19,34.5,-104.5,180
2024-08-19,34.5,-104.0,540
2024-08-19,34.5,-102.0,450
2024-08-19,34.5,-101.5,270
2024-08-19,34.5,-100.5,90
2024-08-19,34.5,-96.0,90
2024-08-19,34.5,-95.0,810
2024-08-19,34.5,-94.5,1890
2024-08-19,34.5,-94.0,3690
2024-08-19,34.5,-93.5,2250
2024-08-19,34.5,-93.0,2070
2024-08-19,34.5,-92.5,1080
2024-08-19,34.5,-92.0,180
2024-08-19,34.5,-81.5,180
2024-08-19,34.5,-81.0,810
2024-08-19,34.5,-80.5,90
2024-08-19,34.5,-80.0,90
2024-08-19,34.5,-79.5,1530
2024-08-19,34.5,-79.0,990
2024-08-19,34.5,-78.5,720
2024-08-19,34.5,-78.0,360
2024-08-19,34.5,-77.5,360
2024-08-19,34.5,-77.0,3150
2024-08-19,34.5,-76.5,90
2024-08-19,34.5,-75.5,900
2024-08-19,34.5,-75.0,2970
2024-08-19,34.5,-74.5,1890
2024-08-19,34.5,-74.0,540
2024-08-19,34.5,-73.5,630
2024-08-19,34.5,-73.0,270
2024-08-19,34.5,-72.5,450
2024-08-19,34.5,-72.0,270
2024-08-19,34.5,-71.5,360
2024-08-19,34.5,-71.0,180
2024-08-19,34.5,-70.5,540
2024-08-19,34.5,-70.0,180
2024-08-19,34.5,-69.5,180
2024-08-19,34.5,-69.0,180
2024-08-19,34.5,-68.5,1080
2024-08-19,34.5,-68.0,360
2024-08-19,34.5,-67.5,90
2024-08-19,34.5,-67.0,990
2024-08-19,34.5,-66.5,180
2024-08-19,34.5,-65.5,90
2024-08-19,35.0,-115.0,720
2024-08-19,35.0,-114.0,810
2024-08-19,35.0,-113.5,630
2024-08-19,35.0,-113.0,1530
2024-08-19,35.0,-112.5,630
2024-08-19,35.0,-112.0,900
2024-08-19,35.0,-111.5,2160
2024-08-19,35.0,-111.0,720
2024-08-19,35.0,-110.5,450
2024-08-19,35.0,-110.0,1350
2024-08-19,35.0,-109.5,2340
2024-08-19,35.0,-109.0,2430
2024-08-19,35.0,-108.5,2160
2024-08-19,35.0,-108.0,630
2024-08-19,35.0,-107.5,900
2024-08-19,35.0,-107.0,90
2024-08-19,35.0,-106.5,450
2024-08-19,35.0,-106.0,180
2024-08-19,35.0,-105.5,270
2024-08-19,35.0,-105.0,270
2024-08-19,35.0,-104.0,90
2024-08-19,35.0,-103.5,180
2024-08-19,35.0,-103.0,90
2024-08-19,35.0,-102.5,450
2024-08-19,35.0,-102.0,810
2024-08-19,35.0,-97.0,90
2024-08-19,35.0,-96.5,180
2024-08-19,35.0,-95.0,90
2024-08-19,35.0,-94.5,3780
2024-08-19,35.0,-94.0,2160
2024-08-19,35.0,-93.5,1440
2024-08-19,35.0,-93.0,3240
2024-08-19,35.0,-92.5,270
2024-08-19,35.0,-82.0,90
2024-08-19,35.0,-81.5,810
2024-08-19,35.0,-81.0,270
2024-08-19,35.0,-80.0,360
2024-08-19,35.0,-79.5,810
2024-08-19,35.0,-79.0,540
2024-08-19,35.0,-78.5,180
2024-08-19,35.0,-78.0,180
2024-08-19,35.0,-77.0,2340
2024-08-19,35.0,-76.5,1170
2024-08-19,35.0,-76.0,360
2024-08-19,35.0,-75.5,90
2024-08-19,35.0,-75.0,720
2024-08-19,35.0,-74.5,2520
2024-08-19,35.0,-74.0,2520
2024-08-19,35.0,-73.5,810
2024-08-19,35.0,-73.0,180
2024-08-19,35.0,-72.5,270
2024-08-19,35.0,-72.0,270
2024-08-19,35.0,-71.5,180
2024-08-19,35.0,-71.0,450
2024-08-19,35.0,-70.5,90
2024-08-19,35.0,-70.0,90
2024-08-19,35.0,-69.5,180
2024-08-19,35.0,-69.0,90
2024-08-19,35.0,-68.5,360
2024-08-19,35.0,-68.0,720
2024-08-19,35.0,-67.5,270
2024-08-19,35.0,-67.0,270
2024-08-19,35.0,-66.5,630
2024-08-19,35.5,-114.5,180
2024-08-19,35.5,-114.0,270
2024-08-19,35.5,-113.5,1170
2024-08-19,35.5,-113.0,2430
2024-08-19,35.5,-112.5,1260
2024-08-19,35.5,-112.0,1530
2024-08-19,35.5,-111.5,540
2024-08-19,35.5,-111.0,90
2024-08-19,35.5,-110.5,270
2024-08-19,35.5,-110.0,990
2024-08-19,35.5,-109.5,2160
2024-08-19,35.5,-109.0,1710
2024-08-19,35.5,-108.5,1620
2024-08-19,35.5,-108.0,1620
2024-08-19,35.5,-107.5,630
2024-08-19,35.5,-107.0,360
2024-08-19,35.5,-106.5,180
2024-08-19,35.5,-106.0,360
2024-08-19,35.5,-105.5,450
2024-08-19,35.5,-104.5,90
2024-08-19,35.5,-103.5,90
2024-08-19,35.5,-103.0,180
2024-08-19,35.5,-102.5,180
2024-08-19,35.5,-102.0,90
2024-08-19,35.5,-101.5,270
2024-08-19,35.5,-100.0,90
2024-08-19,35.5,-97.5,90
2024-08-19,35.5,-95.0,3780
2024-08-19,35.5,-94.5,4410
2024-08-19,35.5,-94.0,540
2024-08-19,35.5,-93.5,1800
2024-08-19,35.5,-93.0,1170
2024-08-19,35.5,-92.5,90
2024-08-19,35.5,-81.5,810
2024-08-19,35.5,-81.0,630
2024-08-19,35.5,-80.0,90
2024-08-19,35.5,-79.5,180
2024-08-19,35.5,-78.5,630
2024-08-19,35.5,-78.0,2430
2024-08-19,35.5,-77.5,990
2024-08-19,35.5,-77.0,1710
2024-08-19,35.5,-76.5,3150
2024-08-19,35.5,-76.0,720
2024-08-19,35.5,-75.5,540
2024-08-19,35.5,-74.5,720
2024-08-19,35.5,-74.0,810
2024-08-19,35.5,-73.5,810
2024-08-19,35.5,-72.5,90
2024-08-19,35.5,-71.5,270
2024-08-19,35.5,-71.0,450
2024-08-19,35.5,-70.5,270
2024-08-19,35.5,-69.0,180
2024-08-19,35.5,-68.5,450
2024-08-19,35.5,-68.0,270
2024-08-19,35.5,-67.5,270
2024-08-19,35.5,-67.0,540
2024-08-19,35.5,-66.5,270
2024-08-19,35.5,-66.0,180
2024-08-19,35.5,-65.5,90
2024-08-19,36.0,-114.0,720
2024-08-19,36.0,-113.5,1350
2024-08-19,36.0,-113.0,1080
2024-08-19,36.0,-112.5,1260
2024-08-19,36.0,-112.0,720
2024-08-19,36.0,-111.5,270
2024-08-19,36.0,-111.0,270
2024-08-19,36.0,-110.5,450
2024-08-19,36.0,-110.0,1440
2024-08-19,36.0,-109.5,3240
2024-08-19,36.0,-109.0,2700
2024-08-19,36.0,-108.5,720
2024-08-19,36.0,-108.0,1080
2024-08-19,36.0,-107.5,990
2024-08-19,36.0,-107.0,810
2024-08-19,36.0,-106.5,540
2024-08-19,36.0,-106.0,810
2024-08-19,36.0,-105.5,1080
2024-08-19,36.0,-105.0,2340
2024-08-19,36.0,-104.5,180
2024-08-19,36.0,-104.0,180
2024-08-19,36.0,-103.0,270
2024-08-19,36.0,-102.5,360
2024-08-19,36.0,-102.0,630
2024-08-19,36.0,-101.5,540
2024-08-19,36.0,-101.0,450
2024-08-19,36.0,-100.5,540
2024-08-19,36.0,-100.0,1260
2024-08-19,36.0,-99.5,450
2024-08-19,36.0,-99.0,90
2024-08-19,36.0,-95.0,630
2024-08-19,36.0,-94.5,450
2024-08-19,36.0,-94.0,630
2024-08-19,36.0,-93.5,1530
2024-08-19,36.0,-93.0,360
2024-08-19,36.0,-82.5,90
2024-08-19,36.0,-81.5,270
2024-08-19,36.0,-81.0,900
2024-08-19,36.0,-80.5,360
2024-08-19,36.0,-80.0,360
2024-08-19,36.0,-79.5,90
2024-08-19,36.0,-79.0,450
2024-08-19,36.0,-78.5,90
2024-08-19,36.0,-78.0,720
2024-08-19,36.0,-77.5,1350
2024-08-19,36.0,-77.0,720
2024-08-19,36.0,-76.5,1710
2024-08-19,36.0,-76.0,1260
2024-08-19,36.0,-75.5,630
2024-08-19,36.0,-75.0,90
2024-08-19,36.0,-74.5,270
2024-08-19,36.0,-74.0,1080
2024-08-19,36.0,-73.5,360
2024-08-19,36.0,-71.5,180
2024-08-19,36.0,-71.0,180
2024-08-19,36.0,-70.0,90
2024-08-19,36.0,-69.5,270
2024-08-19,36.0,-69.0,900
2024-08-19,36.0,-68.5,630
2024-08-19,36.0,-68.0,180
2024-08-19,36.0,-67.5,270
2024-08-19,36.0,-67.0,540
2024-08-19,36.0,-66.5,180
2024-08-19,36.0,-66.0,90
2024-08-19,36.0,-65.5,90
2024-08-19,36.5,-114.0,360
2024-08-19,36.5,-113.5,1440
2024-08-19,36.5,-113.0,900
2024-08-19,36.5,-112.5,540
2024-08-19,36.5,-112.0,360
2024-08-19,36.5,-111.5,450
2024-08-19,36.5,-111.0,360
2024-08-19,36.5,-110.5,630
2024-08-19,36.5,-110.0,1170
2024-08-19,36.5,-109.5,2070
2024-08-19,36.5,-109.0,3060
2024-08-19,36.5,-108.5,1620
2024-08-19,36.5,-108.0,1080
2024-08-19,36.5,-107.5,900
2024-08-19,36.5,-107.0,1890
2024-08-19,36.5,-106.5,1350
2024-08-19,36.5,-106.0,720
2024-08-19,36.5,-105.5,720
2024-08-19,36.5,-105.0,2340
2024-08-19,36.5,-104.5,270
2024-08-19,36.5,-104.0,540
2024-08-19,36.5,-103.5,540
2024-08-19,36.5,-103.0,90
2024-08-19,36.5,-102.5,90
2024-08-19,36.5,-101.5,540
2024-08-19,36.5,-101.0,540
2024-08-19,36.5,-100.5,180
2024-08-19,36.5,-100.0,2160
2024-08-19,36.5,-99.5,720
2024-08-19,36.5,-99.0,180
2024-08-19,36.5,-98.5,270
2024-08-19,36.5,-97.5,90
2024-08-19,36.5,-97.0,90
2024-08-19,36.5,-96.5,180
2024-08-19,36.5,-95.0,540
2024-08-19,36.5,-94.0,450
2024-08-19,36.5,-93.5,720
2024-08-19,36.5,-93.0,270
2024-08-19,36.5,-82.0,90
2024-08-19,36.5,-81.5,180
2024-08-19,36.5,-81.0,90
2024-08-19,36.5,-80.5,270
2024-08-19,36.5,-80.0,720
2024-08-19,36.5,-79.5,1350
2024-08-19,36.5,-79.0,360
2024-08-19,36.5,-78.5,900
2024-08-19,36.5,-78.0,990
2024-08-19,36.5,-77.5,2160
2024-08-19,36.5,-77.0,540
2024-08-19,36.5,-76.5,1530
2024-08-19,36.5,-76.0,360
2024-08-19,36.5,-75.5,90
2024-08-19,36.5,-75.0,270
2024-08-19,36.5,-74.5,900
2024-08-19,36.5,-74.0,360
2024-08-19,36.5,-73.5,1530
2024-08-19,36.5,-73.0,360
2024-08-19,36.5,-72.5,990
2024-08-19,36.5,-71.0,270
2024-08-19,36.5,-70.5,180
2024-08-19,36.5,-70.0,90
2024-08-19,36.5,-68.5,270
2024-08-19,36.5,-68.0,630
2024-08-19,36.5,-67.5,810
2024-08-19,36.5,-67.0,90
2024-08-19,36.5,-66.5,90
2024-08-19,36.5,-66.0,360
2024-08-19,36.5,-65.5,270
2024-08-19,37.0,-114.0,180
2024-08-19,37.0,-113.5,810
2024-08-19,37.0,-113.0,630
2024-08-19,37.0,-112.5,360
2024-08-19,37.0,-112.0,2070
2024-08-19,37.0,-111.5,270
2024-08-19,37.0,-111.0,630
2024-08-19,37.0,-110.5,1170
2024-08-19,37.0,-110.0,1170
2024-08-19,37.0,-109.5,630
2024-08-19,37.0,-109.0,1710
2024-08-19,37.0,-108.5,2250
2024-08-19,37.0,-108.0,360
2024-08-19,37.0,-107.5,1080
2024-08-19,37.0,-107.0,810
2024-08-19,37.0,-106.5,1080
2024-08-19,37.0,-106.0,720
2024-08-19,37.0,-105.5,450
2024-08-19,37.0,-105.0,3510
2024-08-19,37.0,-104.5,1170
2024-08-19,37.0,-104.0,720
2024-08-19,37.0,-103.5,540
2024-08-19,37.0,-103.0,90
2024-08-19,37.0,-102.5,90
2024-08-19,37.0,-101.0,270
2024-08-19,37.0,-100.5,180
2024-08-19,37.0,-100.0,180
2024-08-19,37.0,-99.5,2250
2024-08-19,37.0,-99.0,900
2024-08-19,37.0,-98.5,540
2024-08-19,37.0,-98.0,180
2024-08-19,37.0,-97.5,1620
2024-08-19,37.0,-97.0,450
2024-08-19,37.0,-96.5,360
2024-08-19,37.0,-95.5,90
2024-08-19,37.0,-95.0,360
2024-08-19,37.0,-94.5,90
2024-08-19,37.0,-94.0,270
2024-08-19,37.0,-93.5,1170
2024-08-19,37.0,-93.0,450
2024-08-19,37.0,-81.0,90
2024-08-19,37.0,-80.0,90
2024-08-19,37.0,-79.5,720
2024-08-19,37.0,-79.0,360
2024-08-19,37.0,-78.5,630
2024-08-19,37.0,-78.0,1080
2024-08-19,37.0,-77.5,1530
2024-08-19,37.0,-76.5,450
2024-08-19,37.0,-76.0,450
2024-08-19,37.0,-75.0,180
2024-08-19,37.0,-74.5,180
2024-08-19,37.0,-74.0,180
2024-08-19,37.0,-73.5,180
2024-08-19,37.0,-73.0,2070
2024-08-19,37.0,-72.5,1260
2024-08-19,37.0,-72.0,2250
2024-08-19,37.0,-71.5,90
2024-08-19,37.0,-71.0,180
2024-08-19,37.0,-70.0,270
2024-08-19,37.0,-69.5,90
2024-08-19,37.0,-67.5,270
2024-08-19,37.0,-67.0,270
2024-08-19,37.0,-66.0,90
2024-08-19,37.0,-65.5,180
2024-08-19,37.5,-112.5,90
2024-08-19,37.5,-112.0,720
2024-08-19,37.5,-111.5,1080
2024-08-19,37.5,-111.0,810
2024-08-19,37.5,-110.5,1710
2024-08-19,37.5,-110.0,1530
2024-08-19,37.5,-109.5,1530
2024-08-19,37.5,-109.0,720
2024-08-19,37.5,-108.5,1620
2024-08-19,37.5,-108.0,1890
2024-08-19,37.5,-107.5,990
2024-08-19,37.5,-107.0,1890
2024-08-19,37.5,-106.5,1260
2024-08-19,37.5,-106.0,450
2024-08-19,37.5,-105.5,720
2024-08-19,37.5,-105.0,1530
2024-08-19,37.5,-104.5,810
2024-08-19,37.5,-104.0,900
2024-08-19,37.5,-103.5,720
2024-08-19,37.5,-102.0,90
2024-08-19,37.5,-101.5,180
2024-08-19,37.5,-101.0,90
2024-08-19,37.5,-100.5,90
2024-08-19,37.5,-100.0,90
2024-08-19,37.5,-99.5,90
2024-08-19,37.5,-98.5,450
2024-08-19,37.5,-98.0,1170
2024-08-19,37.5,-97.5,5580
2024-08-19,37.5,-97.0,1530
2024-08-19,37.5,-96.5,180
2024-08-19,37.5,-95.5,270
2024-08-19,37.5,-95.0,540
2024-08-19,37.5,-94.5,630
2024-08-19,37.5,-94.0,720
2024-08-19,37.5,-93.5,1890
2024-08-19,37.5,-93.0,900
2024-08-19,37.5,-92.5,450
2024-08-19,37.5,-84.0,90
2024-08-19,37.5,-82.0,90
2024-08-19,37.5,-79.5,90
2024-08-19,37.5,-79.0,180
2024-08-19,37.5,-78.5,630
2024-08-19,37.5,-78.0,540
2024-08-19,37.5,-77.5,900
2024-08-19,37.5,-77.0,1080
2024-08-19,37.5,-76.5,1890
2024-08-19,37.5,-76.0,810
2024-08-19,37.5,-75.5,90
2024-08-19,37.5,-74.5,180
2024-08-19,37.5,-74.0,90
2024-08-19,37.5,-73.0,90
2024-08-19,37.5,-72.5,540
2024-08-19,37.5,-72.0,450
2024-08-19,37.5,-71.5,90
2024-08-19,37.5,-71.0,180
2024-08-19,37.5,-69.5,360
2024-08-19,37.5,-69.0,90
2024-08-19,37.5,-68.0,90
2024-08-19,37.5,-66.5,270
2024-08-19,37.5,-65.5,720
2024-08-19,38.0,-114.0,90
2024-08-19,38.0,-112.5,360
2024-08-19,38.0,-112.0,540
2024-08-19,38.0,-111.5,990
2024-08-19,38.0,-111.0,1350
2024-08-19,38.0,-110.5,1440
2024-08-19,38.0,-110.0,2790
2024-08-19,38.0,-109.5,2610
2024-08-19,38.0,-109.0,900
2024-08-19,38.0,-108.5,1800
2024-08-19,38.0,-108.0,1080
2024-08-19,38.0,-107.5,1170
2024-08-19,38.0,-107.0,1260
2024-08-19,38.0,-106.5,720
2024-08-19,38.0,-106.0,90
2024-08-19,38.0,-105.5,90
2024-08-19,38.0,-105.0,540
2024-08-19,38.0,-104.5,2340
2024-08-19,38.0,-104.0,5130
2024-08-19,38.0,-103.5,1260
2024-08-19,38.0,-103.0,540
2024-08-19,38.0,-102.5,2880
2024-08-19,38.0,-102.0,2070
2024-08-19,38.0,-101.5,2430
2024-08-19,38.0,-101.0,180
2024-08-19,38.0,-100.5,810
2024-08-19,38.0,-100.0,720
2024-08-19,38.0,-99.5,450
2024-08-19,38.0,-99.0,630
2024-08-19,38.0,-98.5,1620
2024-08-19,38.0,-98.0,810
2024-08-19,38.0,-97.5,180
2024-08-19,38.0,-96.0,270
2024-08-19,38.0,-95.5,450
2024-08-19,38.0,-95.0,90
2024-08-19,38.0,-94.5,1350
2024-08-19,38.0,-94.0,1440
2024-08-19,38.0,-93.5,2340
2024-08-19,38.0,-93.0,1440
2024-08-19,38.0,-92.5,270
2024-08-19,38.0,-79.5,90
2024-08-19,38.0,-78.5,1350
2024-08-19,38.0,-78.0,180
2024-08-19,38.0,-76.5,90
2024-08-19,38.0,-76.0,720
2024-08-19,38.0,-75.5,180
2024-08-19,38.0,-73.5,180
2024-08-19,38.0,-73.0,360
2024-08-19,38.0,-72.5,270
2024-08-19,38.0,-72.0,180
2024-08-19,38.0,-71.0,90
2024-08-19,38.0,-70.5,270
2024-08-19,38.0,-67.0,90
2024-08-19,38.0,-66.5,180
2024-08-19,38.5,-121.5,90
2024-08-19,38.5,-116.5,90
2024-08-19,38.5,-116.0,90
2024-08-19,38.5,-112.5,180
2024-08-19,38.5,-112.0,270
2024-08-19,38.5,-111.5,360
2024-08-19,38.5,-111.0,630
2024-08-19,38.5,-110.5,1980
2024-08-19,38.5,-110.0,5130
2024-08-19,38.5,-109.5,2880
2024-08-19,38.5,-109.0,1800
2024-08-19,38.5,-108.5,900
2024-08-19,38.5,-108.0,990
2024-08-19,38.5,-107.5,810
2024-08-19,38.5,-107.0,630
2024-08-19,38.5,-106.5,360
2024-08-19,38.5,-106.0,450
2024-08-19,38.5,-105.5,900
2024-08-19,38.5,-105.0,1620
2024-08-19,38.5,-104.5,1350
2024-08-19,38.5,-104.0,2700
2024-08-19,38.5,-103.5,2160
2024-08-19,38.5,-103.0,630
2024-08-19,38.5,-102.5,990
2024-08-19,38.5,-102.0,2160
2024-08-19,38.5,-101.5,3150
2024-08-19,38.5,-101.0,2970
2024-08-19,38.5,-100.5,1620
2024-08-19,38.5,-100.0,1710
2024-08-19,38.5,-99.5,810
2024-08-19,38.5,-99.0,990
2024-08-19,38.5,-98.5,810
2024-08-19,38.5,-98.0,450
2024-08-19,38.5,-97.5,90
2024-08-19,38.5,-97.0,630
2024-08-19,38.5,-96.5,180
2024-08-19,38.5,-96.0,990
2024-08-19,38.5,-95.5,810
2024-08-19,38.5,-94.5,3240
2024-08-19,38.5,-94.0,4140
2024-08-19,38.5,-93.5,2610
2024-08-19,38.5,-93.0,1080
2024-08-19,38.5,-92.5,90
2024-08-19,38.5,-78.5,270
2024-08-19,38.5,-78.0,540
2024-08-19,38.5,-77.5,180
2024-08-19,38.5,-76.5,360
2024-08-19,38.5,-76.0,1620
2024-08-19,38.5,-75.5,1890
2024-08-19,38.5,-75.0,90
2024-08-19,38.5,-72.5,90
2024-08-19,38.5,-72.0,90
2024-08-19,38.5,-70.5,90
2024-08-19,38.5,-69.5,180
2024-08-19,38.5,-66.0,90
2024-08-19,38.5,-65.5,90
2024-08-19,39.0,-121.0,90
2024-08-19,39.0,-113.0,90
2024-08-19,39.0,-111.5,900
2024-08-19,39.0,-111.0,1800
2024-08-19,39.0,-110.5,2340
2024-08-19,39.0,-110.0,1800
2024-08-19,39.0,-109.5,1530
2024-08-19,39.0,-109.0,1890
2024-08-19,39.0,-108.5,810
2024-08-19,39.0,-108.0,1080
2024-08-19,39.0,-107.5,1980
2024-08-19,39.0,-107.0,180
2024-08-19,39.0,-106.5,540
2024-08-19,39.0,-106.0,360
2024-08-19,39.0,-105.5,180
2024-08-19,39.0,-105.0,540
2024-08-19,39.0,-104.5,1800
2024-08-19,39.0,-104.0,2880
2024-08-19,39.0,-103.5,1080
2024-08-19,39.0,-103.0,270
2024-08-19,39.0,-102.5,810
2024-08-19,39.0,-102.0,540
2024-08-19,39.0,-101.5,270
2024-08-19,39.0,-101.0,1170
2024-08-19,39.0,-100.5,540
2024-08-19,39.0,-100.0,90
2024-08-19,39.0,-99.5,540
2024-08-19,39.0,-99.0,2160
2024-08-19,39.0,-98.5,1080
2024-08-19,39.0,-98.0,90
2024-08-19,39.0,-97.5,270
2024-08-19,39.0,-97.0,360
2024-08-19,39.0,-96.5,180
2024-08-19,39.0,-96.0,180
2024-08-19,39.0,-95.5,90
2024-08-19,39.0,-95.0,540
2024-08-19,39.0,-94.5,1440
2024-08-19,39.0,-94.0,2610
2024-08-19,39.0,-93.5,2430
2024-08-19,39.0,-93.0,450
2024-08-19,39.0,-92.5,90
2024-08-19,39.0,-77.5,270
2024-08-19,39.0,-77.0,1080
2024-08-19,39.0,-76.5,1080
2024-08-19,39.0,-76.0,810
2024-08-19,39.0,-75.0,270
2024-08-19,39.0,-74.5,90
2024-08-19,39.0,-69.0,90
2024-08-19,39.0,-68.0,90
2024-08-19,39.0,-66.5,90
2024-08-19,39.0,-65.5,90
2024-08-19,39.5,-114.5,90
2024-08-19,39.5,-113.0,180
2024-08-19,39.5,-112.5,270
2024-08-19,39.5,-112.0,180
2024-08-19,39.5,-111.5,270
2024-08-19,39.5,-111.0,720
2024-08-19,39.5,-110.5,540
2024-08-19,39.5,-110.0,1170
2024-08-19,39.5,-109.5,1260
2024-08-19,39.5,-109.0,1800
2024-08-19,39.5,-108.5,630
2024-08-19,39.5,-108.0,450
2024-08-19,39.5,-107.5,1080
2024-08-19,39.5,-106.5,180
2024-08-19,39.5,-106.0,360
2024-08-19,39.5,-105.5,180
2024-08-19,39.5,-105.0,270
2024-08-19,39.5,-104.5,450
2024-08-19,39.5,-104.0,990
2024-08-19,39.5,-103.5,1170
2024-08-19,39.5,-103.0,810
2024-08-19,39.5,-102.5,1170
2024-08-19,39.5,-102.0,270
2024-08-19,39.5,-101.0,180
2024-08-19,39.5,-100.5,630
2024-08-19,39.5,-100.0,1800
2024-08-19,39.5,-99.5,2160
2024-08-19,39.5,-99.0,1080
2024-08-19,39.5,-98.5,720
2024-08-19,39.5,-98.0,1080
2024-08-19,39.5,-97.5,1710
2024-08-19,39.5,-97.0,1080
2024-08-19,39.5,-96.5,90
2024-08-19,39.5,-95.0,540
2024-08-19,39.5,-94.5,5040
2024-08-19,39.5,-94.0,1980
2024-08-19,39.5,-93.5,2700
2024-08-19,39.5,-93.0,90
2024-08-19,39.5,-77.0,180
2024-08-19,39.5,-76.5,180
2024-08-19,39.5,-76.0,90
2024-08-19,39.5,-75.5,1620
2024-08-19,39.5,-75.0,90
2024-08-19,39.5,-74.5,180
2024-08-19,39.5,-71.0,270
2024-08-19,40.0,-115.0,180
2024-08-19,40.0,-114.5,90
2024-08-19,40.0,-114.0,90
2024-08-19,40.0,-112.5,180
2024-08-19,40.0,-111.5,630
2024-08-19,40.0,-111.0,540
2024-08-19,40.0,-110.5,630
2024-08-19,40.0,-110.0,180
2024-08-19,40.0,-109.5,720
2024-08-19,40.0,-109.0,990
2024-08-19,40.0,-108.5,540
2024-08-19,40.0,-108.0,990
2024-08-19,40.0,-107.5,720
2024-08-19,40.0,-107.0,450
2024-08-19,40.0,-106.5,900
2024-08-19,40.0,-106.0,270
2024-08-19,40.0,-105.5,450
2024-08-19,40.0,-105.0,360
2024-08-19,40.0,-104.5,900
2024-08-19,40.0,-104.0,450
2024-08-19,40.0,-103.5,1890
2024-08-19,40.0,-103.0,2250
2024-08-19,40.0,-102.5,3240
2024-08-19,40.0,-102.0,450
2024-08-19,40.0,-101.5,900
2024-08-19,40.0,-101.0,2160
2024-08-19,40.0,-100.5,630
2024-08-19,40.0,-100.0,810
2024-08-19,40.0,-99.5,630
2024-08-19,40.0,-95.5,450
2024-08-19,40.0,-95.0,540
2024-08-19,40.0,-94.5,2790
2024-08-19,40.0,-94.0,2070
2024-08-19,40.0,-78.0,270
2024-08-19,40.0,-77.0,90
2024-08-19,40.0,-76.5,450
2024-08-19,40.0,-76.0,90
2024-08-19,40.0,-75.5,180
2024-08-19,40.0,-75.0,270
2024-08-19,40.0,-74.5,540
2024-08-19,40.0,-74.0,180
2024-08-19,40.0,-73.0,90
2024-08-19,40.0,-70.0,90
2024-08-19,40.0,-67.0,90
2024-08-19,40.5,-122.5,90
2024-08-19,40.5,-114.5,180
2024-08-19,40.5,-114.0,270
2024-08-19,40.5,-112.5,90
2024-08-19,40.5,-111.5,90
2024-08-19,40.5,-111.0,270
2024-08-19,40.5,-110.5,810
2024-08-19,40.5,-110.0,630
2024-08-19,40.5,-109.5,270
2024-08-19,40.5,-109.0,630
2024-08-19,40.5,-108.5,810
2024-08-19,40.5,-108.0,720
2024-08-19,40.5,-107.5,540
2024-08-19,40.5,-107.0,450
2024-08-19,40.5,-106.5,630
2024-08-19,40.5,-106.0,180
2024-08-19,40.5,-105.5,270
2024-08-19,40.5,-104.5,630
2024-08-19,40.5,-104.0,1440
2024-08-19,40.5,-103.5,1170
2024-08-19,40.5,-103.0,2160
2024-08-19,40.5,-102.5,1260
2024-08-19,40.5,-102.0,1260
2024-08-19,40.5,-101.5,180
2024-08-19,40.5,-101.0,180
2024-08-19,40.5,-100.5,180
2024-08-19,40.5,-100.0,90
2024-08-19,40.5,-99.5,90
2024-08-19,40.5,-98.0,90
2024-08-19,40.5,-95.0,270
2024-08-19,40.5,-94.5,90
2024-08-19,40.5,-76.0,630
2024-08-19,40.5,-75.5,270
2024-08-19,40.5,-74.0,1800
2024-08-19,40.5,-73.5,900
2024-08-19,40.5,-73.0,360
2024-08-19,40.5,-72.5,90
2024-08-19,40.5,-72.0,90
2024-08-19,40.5,-69.5,90
2024-08-19,40.5,-69.0,90
2024-08-19,40.5,-66.5,180
2024-08-19,41.0,-122.5,90
2024-08-19,41.0,-115.0,90
2024-08-19,41.0,-114.5,360
2024-08-19,41.0,-114.0,450
2024-08-19,41.0,-113.5,1530
2024-08-19,41.0,-113.0,450
2024-08-19,41.0,-112.5,720
2024-08-19,41.0,-112.0,270
2024-08-19,41.0,-111.5,270
2024-08-19,41.0,-111.0,90
2024-08-19,41.0,-110.5,270
2024-08-19,41.0,-110.0,360
2024-08-19,41.0,-109.5,900
2024-08-19,41.0,-109.0,270
2024-08-19,41.0,-108.5,540
2024-08-19,41.0,-108.0,360
2024-08-19,41.0,-107.5,90
2024-08-19,41.0,-107.0,90
2024-08-19,41.0,-106.5,90
2024-08-19,41.0,-106.0,90
2024-08-19,41.0,-105.5,360
2024-08-19,41.0,-105.0,450
2024-08-19,41.0,-104.5,270
2024-08-19,41.0,-104.0,540
2024-08-19,41.0,-103.5,2880
2024-08-19,41.0,-103.0,540
2024-08-19,41.0,-102.5,3060
2024-08-19,41.0,-102.0,1890
2024-08-19,41.0,-101.5,810
2024-08-19,41.0,-101.0,180
2024-08-19,41.0,-98.0,180
2024-08-19,41.0,-97.5,90
2024-08-19,41.0,-82.5,90
2024-08-19,41.0,-75.5,90
2024-08-19,41.0,-75.0,90
2024-08-19,41.0,-74.5,360
2024-08-19,41.0,-74.0,270
2024-08-19,41.0,-73.5,810
2024-08-19,41.0,-73.0,360
2024-08-19,41.0,-72.5,270
2024-08-19,41.0,-72.0,90
2024-08-19,41.0,-71.5,90
2024-08-19,41.5,-115.5,90
2024-08-19,41.5,-114.5,90
2024-08-19,41.5,-114.0,450
2024-08-19,41.5,-113.5,1260
2024-08-19,41.5,-113.0,540
2024-08-19,41.5,-112.5,90
2024-08-19,41.5,-112.0,180
2024-08-19,41.5,-111.5,450
2024-08-19,41.5,-111.0,180
2024-08-19,41.5,-110.5,270
2024-08-19,41.5,-109.0,180
2024-08-19,41.5,-108.5,180
2024-08-19,41.5,-108.0,180
2024-08-19,41.5,-107.5,90
2024-08-19,41.5,-106.5,180
2024-08-19,41.5,-106.0,180
2024-08-19,41.5,-105.0,270
2024-08-19,41.5,-104.5,450
2024-08-19,41.5,-104.0,1620
2024-08-19,41.5,-103.5,1890
2024-08-19,41.5,-103.0,4050
2024-08-19,41.5,-102.5,2340
2024-08-19,41.5,-102.0,810
2024-08-19,41.5,-97.5,90
2024-08-19,41.5,-94.5,90
2024-08-19,41.5,-74.0,270
2024-08-19,41.5,-73.5,990
2024-08-19,41.5,-73.0,1980
2024-08-19,41.5,-72.5,270
2024-08-19,41.5,-72.0,90
2024-08-19,41.5,-71.0,90
2024-08-19,42.0,-125.0,90
2024-08-19,42.0,-115.0,630
2024-08-19,42.0,-114.5,540
2024-08-19,42.0,-114.0,450
2024-08-19,42.0,-113.5,90
2024-08-19,42.0,-113.0,900
2024-08-19,42.0,-112.5,1260
2024-08-19,42.0,-112.0,540
2024-08-19,42.0,-111.0,90
2024-08-19,42.0,-110.5,180
2024-08-19,42.0,-110.0,90
2024-08-19,42.0,-108.5,360
2024-08-19,42.0,-107.5,90
2024-08-19,42.0,-107.0,450
2024-08-19,42.0,-106.5,270
2024-08-19,42.0,-106.0,180
2024-08-19,42.0,-105.5,180
2024-08-19,42.0,-104.5,90
2024-08-19,42.0,-103.5,1800
2024-08-19,42.0,-103.0,630
2024-08-19,42.0,-101.5,720
2024-08-19,42.0,-98.0,90
2024-08-19,42.0,-74.5,90
2024-08-19,42.0,-74.0,450
2024-08-19,42.0,-73.5,90
2024-08-19,42.0,-73.0,540
2024-08-19,42.0,-72.5,270
2024-08-19,42.0,-71.5,90
2024-08-19,42.5,-125.0,270
2024-08-19,42.5,-117.5,90
2024-08-19,42.5,-114.5,270
2024-08-19,42.5,-114.0,720
2024-08-19,42.5,-113.5,450
2024-08-19,42.5,-113.0,180
2024-08-19,42.5,-112.5,540
2024-08-19,42.5,-112.0,180
2024-08-19,42.5,-111.5,90
2024-08-19,42.5,-111.0,90
2024-08-19,42.5,-110.5,540
2024-08-19,42.5,-110.0,630
2024-08-19,42.5,-109.5,360
2024-08-19,42.5,-109.0,90
2024-08-19,42.5,-107.5,90
2024-08-19,42.5,-106.0,360
2024-08-19,42.5,-105.5,90
2024-08-19,42.5,-105.0,90
2024-08-19,42.5,-104.5,180
2024-08-19,42.5,-104.0,180
2024-08-19,42.5,-103.5,1710
2024-08-19,42.5,-103.0,450
2024-08-19,42.5,-102.5,270
2024-08-19,42.5,-100.5,180
2024-08-19,42.5,-98.5,90
2024-08-19,42.5,-76.0,90
2024-08-19,42.5,-74.0,1800
2024-08-19,42.5,-73.5,360
2024-08-19,42.5,-73.0,720
2024-08-19,42.5,-72.5,270
2024-08-19,42.5,-72.0,180
2024-08-19,42.5,-71.5,180
2024-08-19,42.5,-71.0,360
2024-08-19,43.0,-120.5,90
2024-08-19,43.0,-119.0,180
2024-08-19,43.0,-118.0,90
2024-08-19,43.0,-115.0,450
2024-08-19,43.0,-114.0,720
2024-08-19,43.0,-113.5,1080
2024-08-19,43.0,-113.0,360
2024-08-19,43.0,-112.5,270
2024-08-19,43.0,-112.0,540
2024-08-19,43.0,-111.5,90
2024-08-19,43.0,-110.0,180
2024-08-19,43.0,-109.0,90
2024-08-19,43.0,-107.0,90
2024-08-19,43.0,-106.5,180
2024-08-19,43.0,-106.0,180
2024-08-19,43.0,-105.5,90
2024-08-19,43.0,-105.0,180
2024-08-19,43.0,-104.0,90
2024-08-19,43.0,-103.5,90
2024-08-19,43.0,-103.0,630
2024-08-19,43.0,-102.5,630
2024-08-19,43.0,-102.0,1260
2024-08-19,43.0,-100.0,360
2024-08-19,43.0,-99.5,990
2024-08-19,43.0,-99.0,360
2024-08-19,43.0,-98.5,180
2024-08-19,43.0,-75.0,90
2024-08-19,43.0,-74.0,270
2024-08-19,43.0,-73.5,90
2024-08-19,43.0,-73.0,450
2024-08-19,43.0,-72.5,450
2024-08-19,43.0,-72.0,540
2024-08-19,43.0,-71.5,90
2024-08-19,43.0,-70.0,90
2024-08-19,43.5,-123.0,90
2024-08-19,43.5,-122.0,90
2024-08-19,43.5,-120.0,90
2024-08-19,43.5,-115.0,270
2024-08-19,43.5,-114.5,270
2024-08-19,43.5,-114.0,270
2024-08-19,43.5,-113.5,360
2024-08-19,43.5,-113.0,270
2024-08-19,43.5,-112.5,810
2024-08-19,43.5,-112.0,720
2024-08-19,43.5,-111.5,360
2024-08-19,43.5,-111.0,720
2024-08-19,43.5,-110.5,90
2024-08-19,43.5,-109.5,270
2024-08-19,43.5,-108.5,90
2024-08-19,43.5,-108.0,270
2024-08-19,43.5,-106.5,630
2024-08-19,43.5,-106.0,270
2024-08-19,43.5,-105.5,630
2024-08-19,43.5,-105.0,180
2024-08-19,43.5,-104.5,90
2024-08-19,43.5,-104.0,180
2024-08-19,43.5,-103.5,450
2024-08-19,43.5,-103.0,90
2024-08-19,43.5,-102.5,360
2024-08-19,43.5,-102.0,360
2024-08-19,43.5,-101.5,180
2024-08-19,43.5,-101.0,630
2024-08-19,43.5,-100.5,810
2024-08-19,43.5,-100.0,270
2024-08-19,43.5,-99.5,900
2024-08-19,43.5,-99.0,630
2024-08-19,43.5,-98.5,90
2024-08-19,43.5,-74.0,180
2024-08-19,43.5,-73.0,180
2024-08-19,43.5,-72.5,360
2024-08-19,43.5,-72.0,180
2024-08-19,43.5,-71.5,360
2024-08-19,43.5,-71.0,270
2024-08-19,43.5,-70.5,180
2024-08-19,43.5,-70.0,180
2024-08-19,43.5,-69.5,360
2024-08-19,43.5,-69.0,180
2024-08-19,44.0,-122.0,180
2024-08-19,44.0,-120.5,90
2024-08-19,44.0,-119.0,360
2024-08-19,44.0,-117.0,90
2024-08-19,44.0,-114.0,90
2024-08-19,44.0,-113.5,90
2024-08-19,44.0,-113.0,720
2024-08-19,44.0,-112.5,450
2024-08-19,44.0,-112.0,270
2024-08-19,44.0,-111.5,270
2024-08-19,44.0,-111.0,360
2024-08-19,44.0,-110.5,180
2024-08-19,44.0,-110.0,180
2024-08-19,44.0,-108.5,180
2024-08-19,44.0,-107.0,90
2024-08-19,44.0,-106.5,90
2024-08-19,44.0,-106.0,90
2024-08-19,44.0,-105.5,90
2024-08-19,44.0,-105.0,270
2024-08-19,44.0,-104.5,1170
2024-08-19,44.0,-104.0,2250
2024-08-19,44.0,-103.5,2070
2024-08-19,44.0,-103.0,2430
2024-08-19,44.0,-102.5,720
2024-08-19,44.0,-102.0,720
2024-08-19,44.0,-101.5,1980
2024-08-19,44.0,-101.0,3780
2024-08-19,44.0,-100.5,2880
2024-08-19,44.0,-100.0,2430
2024-08-19,44.0,-99.5,1350
2024-08-19,44.0,-99.0,630
2024-08-19,44.0,-97.0,270
2024-08-19,44.0,-96.5,540
2024-08-19,44.0,-74.0,90
2024-08-19,44.0,-73.5,180
2024-08-19,44.0,-73.0,90
2024-08-19,44.0,-72.5,90
2024-08-19,44.0,-72.0,90
2024-08-19,44.0,-71.5,180
2024-08-19,44.0,-71.0,90
2024-08-19,44.0,-70.5,90
2024-08-19,44.0,-69.5,90
2024-08-19,44.0,-68.5,180
2024-08-19,44.5,-122.0,180
2024-08-19,44.5,-121.5,90
2024-08-19,44.5,-120.5,90
2024-08-19,44.5,-119.5,90
2024-08-19,44.5,-117.0,90
2024-08-19,44.5,-115.0,90
2024-08-19,44.5,-113.5,90
2024-08-19,44.5,-113.0,180
2024-08-19,44.5,-112.5,360
2024-08-19,44.5,-112.0,540
2024-08-19,44.5,-111.5,360
2024-08-19,44.5,-111.0,90
2024-08-19,44.5,-110.5,90
2024-08-19,44.5,-110.0,180
2024-08-19,44.5,-109.5,90
2024-08-19,44.5,-109.0,180
2024-08-19,44.5,-108.5,720
2024-08-19,44.5,-108.0,270
2024-08-19,44.5,-107.5,180
2024-08-19,44.5,-107.0,360
2024-08-19,44.5,-106.5,450
2024-08-19,44.5,-106.0,90
2024-08-19,44.5,-105.5,1260
2024-08-19,44.5,-105.0,1080
2024-08-19,44.5,-104.5,810
2024-08-19,44.5,-104.0,900
2024-08-19,44.5,-103.5,1530
2024-08-19,44.5,-103.0,1440
2024-08-19,44.5,-102.5,540
2024-08-19,44.5,-102.0,1080
2024-08-19,44.5,-101.5,2790
2024-08-19,44.5,-101.0,900
2024-08-19,44.5,-100.5,540
2024-08-19,44.5,-100.0,1350
2024-08-19,44.5,-99.5,90
2024-08-19,44.5,-99.0,90
2024-08-19,44.5,-98.5,90
2024-08-19,44.5,-97.0,90
2024-08-19,44.5,-96.5,1350
2024-08-19,44.5,-96.0,810
2024-08-19,44.5,-95.5,270
2024-08-19,44.5,-95.0,90
2024-08-19,44.5,-77.0,90
2024-08-19,44.5,-74.0,90
2024-08-19,44.5,-73.5,90
2024-08-19,44.5,-73.0,90
2024-08-19,44.5,-71.0,180
2024-08-19,45.0,-122.0,270
2024-08-19,45.0,-119.0,90
2024-08-19,45.0,-118.5,90
2024-08-19,45.0,-118.0,180
2024-08-19,45.0,-115.0,180
2024-08-19,45.0,-114.5,90
2024-08-19,45.0,-114.0,90
2024-08-19,45.0,-113.5,90
2024-08-19,45.0,-113.0,450
2024-08-19,45.0,-112.5,360
2024-08-19,45.0,-112.0,270
2024-08-19,45.0,-110.0,180
2024-08-19,45.0,-109.0,90
2024-08-19,45.0,-108.0,90
2024-08-19,45.0,-107.0,450
2024-08-19,45.0,-105.0,270
2024-08-19,45.0,-104.5,180
2024-08-19,45.0,-104.0,180
2024-08-19,45.0,-103.5,90
2024-08-19,45.0,-102.5,180
2024-08-19,45.0,-102.0,270
2024-08-19,45.0,-101.5,720
2024-08-19,45.0,-101.0,450
2024-08-19,45.0,-96.5,270
2024-08-19,45.0,-96.0,1170
2024-08-19,45.0,-95.5,90
2024-08-19,45.0,-95.0,90
2024-08-19,45.0,-94.5,90
2024-08-19,45.0,-91.0,90
2024-08-19,45.0,-87.0,90
2024-08-19,45.0,-74.5,270
2024-08-19,45.0,-73.5,90
2024-08-19,45.0,-73.0,90
2024-08-19,45.5,-122.0,360
2024-08-19,45.5,-121.5,90
2024-08-19,45.5,-119.0,90
2024-08-19,45.5,-117.5,180
2024-08-19,45.5,-117.0,90
2024-08-19,45.5,-115.0,90
2024-08-19,45.5,-113.5,360
2024-08-19,45.5,-112.5,180
2024-08-19,45.5,-112.0,450
2024-08-19,45.5,-111.5,900
2024-08-19,45.5,-111.0,540
2024-08-19,45.5,-110.5,270
2024-08-19,45.5,-110.0,540
2024-08-19,45.5,-109.5,270
2024-08-19,45.5,-108.5,180
2024-08-19,45.5,-108.0,450
2024-08-19,45.5,-107.5,90
2024-08-19,45.5,-107.0,450
2024-08-19,45.5,-106.5,360
2024-08-19,45.5,-104.5,270
2024-08-19,45.5,-104.0,180
2024-08-19,45.5,-103.5,90
2024-08-19,45.5,-102.5,180
2024-08-19,45.5,-102.0,90
2024-08-19,45.5,-101.5,450
2024-08-19,45.5,-101.0,90
2024-08-19,45.5,-100.5,180
2024-08-19,45.5,-100.0,270
2024-08-19,45.5,-98.0,180
2024-08-19,45.5,-97.5,90
2024-08-19,45.5,-97.0,540
2024-08-19,45.5,-96.5,2340
2024-08-19,45.5,-96.0,900
2024-08-19,45.5,-95.5,630
2024-08-19,45.5,-95.0,180
2024-08-19,45.5,-94.5,90
2024-08-19,45.5,-94.0,270
2024-08-19,45.5,-90.5,90
2024-08-19,45.5,-90.0,180
2024-08-19,45.5,-89.5,180
2024-08-19,45.5,-89.0,180
2024-08-19,45.5,-88.0,90
2024-08-19,45.5,-86.0,90
2024-08-19,45.5,-74.5,360
2024-08-19,45.5,-74.0,180
2024-08-19,45.5,-72.0,90
2024-08-19,46.0,-122.0,360
2024-08-19,46.0,-117.5,90
2024-08-19,46.0,-117.0,360
2024-08-19,46.0,-115.5,90
2024-08-19,46.0,-115.0,90
2024-08-19,46.0,-114.5,180
2024-08-19,46.0,-114.0,90
2024-08-19,46.0,-113.5,270
2024-08-19,46.0,-112.5,90
2024-08-19,46.0,-112.0,180
2024-08-19,46.0,-111.5,540
2024-08-19,46.0,-111.0,360
2024-08-19,46.0,-110.5,810
2024-08-19,46.0,-110.0,90
2024-08-19,46.0,-109.0,270
2024-08-19,46.0,-108.5,360
2024-08-19,46.0,-108.0,180
2024-08-19,46.0,-107.5,1260
2024-08-19,46.0,-107.0,450
2024-08-19,46.0,-106.5,630
2024-08-19,46.0,-106.0,1170
2024-08-19,46.0,-105.5,1440
2024-08-19,46.0,-105.0,720
2024-08-19,46.0,-104.5,540
2024-08-19,46.0,-104.0,180
2024-08-19,46.0,-103.5,90
2024-08-19,46.0,-102.5,90
2024-08-19,46.0,-102.0,360
2024-08-19,46.0,-100.0,90
2024-08-19,46.0,-98.0,270
2024-08-19,46.0,-97.5,90
2024-08-19,46.0,-97.0,270
2024-08-19,46.0,-96.5,180
2024-08-19,46.0,-96.0,1260
2024-08-19,46.0,-95.0,270
2024-08-19,46.0,-94.0,90
2024-08-19,46.0,-91.5,90
2024-08-19,46.0,-91.0,270
2024-08-19,46.0,-90.5,90
2024-08-19,46.0,-90.0,180
2024-08-19,46.0,-89.5,180
2024-08-19,46.0,-89.0,90
2024-08-19,46.0,-75.5,90
2024-08-19,46.0,-74.0,450
2024-08-19,46.0,-73.5,180
2024-08-19,46.0,-73.0,270
2024-08-19,46.0,-71.5,540
2024-08-19,46.0,-71.0,180
2024-08-19,46.0,-70.0,90
2024-08-19,46.0,-69.0,180
2024-08-19,46.0,-68.5,180
2024-08-19,46.0,-67.0,90
2024-08-19,46.5,-122.0,90
2024-08-19,46.5,-115.0,90
2024-08-19,46.5,-114.5,90
2024-08-19,46.5,-114.0,270
2024-08-19,46.5,-113.5,90
2024-08-19,46.5,-113.0,180
2024-08-19,46.5,-112.5,180
2024-08-19,46.5,-112.0,540
2024-08-19,46.5,-111.5,180
2024-08-19,46.5,-111.0,630
2024-08-19,46.5,-110.5,630
2024-08-19,46.5,-110.0,1170
2024-08-19,46.5,-109.5,90
2024-08-19,46.5,-109.0,180
2024-08-19,46.5,-108.5,720
2024-08-19,46.5,-108.0,1260
2024-08-19,46.5,-107.5,1800
2024-08-19,46.5,-107.0,1530
2024-08-19,46.5,-106.5,1170
2024-08-19,46.5,-106.0,360
2024-08-19,46.5,-105.5,1170
2024-08-19,46.5,-105.0,270
2024-08-19,46.5,-104.5,900
2024-08-19,46.5,-104.0,540
2024-08-19,46.5,-103.0,540
2024-08-19,46.5,-102.5,90
2024-08-19,46.5,-102.0,270
2024-08-19,46.5,-101.5,270
2024-08-19,46.5,-100.0,180
2024-08-19,46.5,-97.0,180
2024-08-19,46.5,-94.5,90
2024-08-19,46.5,-91.5,180
2024-08-19,46.5,-91.0,180
2024-08-19,46.5,-89.5,90
2024-08-19,46.5,-89.0,90
2024-08-19,46.5,-88.5,180
2024-08-19,46.5,-88.0,90
2024-08-19,46.5,-75.5,90
2024-08-19,46.5,-75.0,90
2024-08-19,46.5,-73.0,90
2024-08-19,46.5,-72.5,180
2024-08-19,46.5,-71.5,90
2024-08-19,46.5,-69.5,90
2024-08-19,46.5,-68.5,90
2024-08-19,46.5,-65.5,90
2024-08-19,47.0,-122.0,90
2024-08-19,47.0,-120.5,90
2024-08-19,47.0,-120.0,90
2024-08-19,47.0,-116.0,90
2024-08-19,47.0,-115.5,90
2024-08-19,47.0,-115.0,90
2024-08-19,47.0,-114.5,180
2024-08-19,47.0,-113.5,540
2024-08-19,47.0,-113.0,180
2024-08-19,47.0,-112.5,270
2024-08-19,47.0,-112.0,90
2024-08-19,47.0,-111.5,360
2024-08-19,47.0,-111.0,450
2024-08-19,47.0,-110.5,270
2024-08-19,47.0,-110.0,990
2024-08-19,47.0,-109.5,270
2024-08-19,47.0,-109.0,360
2024-08-19,47.0,-108.5,1080
2024-08-19,47.0,-108.0,1800
2024-08-19,47.0,-107.5,810
2024-08-19,47.0,-107.0,1710
2024-08-19,47.0,-106.5,900
2024-08-19,47.0,-106.0,450
2024-08-19,47.0,-105.5,450
2024-08-19,47.0,-105.0,2430
2024-08-19,47.0,-104.5,360
2024-08-19,47.0,-104.0,1080
2024-08-19,47.0,-103.5,630
2024-08-19,47.0,-103.0,180
2024-08-19,47.0,-102.0,540
2024-08-19,47.0,-101.5,1440
2024-08-19,47.0,-101.0,90
2024-08-19,47.0,-100.5,450
2024-08-19,47.0,-100.0,540
2024-08-19,47.0,-99.5,540
2024-08-19,47.0,-99.0,270
2024-08-19,47.0,-98.5,90
2024-08-19,47.0,-97.5,180
2024-08-19,47.0,-97.0,180
2024-08-19,47.0,-96.0,90
2024-08-19,47.0,-95.5,360
2024-08-19,47.0,-92.0,90
2024-08-19,47.0,-91.5,90
2024-08-19,47.0,-91.0,90
2024-08-19,47.0,-90.0,90
2024-08-19,47.0,-89.5,180
2024-08-19,47.0,-88.5,180
2024-08-19,47.0,-83.0,90
2024-08-19,47.0,-72.5,450
2024-08-19,47.0,-72.0,270
2024-08-19,47.0,-71.5,90
2024-08-19,47.0,-69.5,90
2024-08-19,47.0,-69.0,90
2024-08-19,47.0,-68.5,180
2024-08-19,47.0,-67.5,90
2024-08-19,47.5,-122.0,180
2024-08-19,47.5,-115.5,180
2024-08-19,47.5,-115.0,90
2024-08-19,47.5,-113.5,180
2024-08-19,47.5,-112.5,720
2024-08-19,47.5,-112.0,360
2024-08-19,47.5,-111.5,270
2024-08-19,47.5,-111.0,630
2024-08-19,47.5,-110.5,1260
2024-08-19,47.5,-110.0,900
2024-08-19,47.5,-109.5,720
2024-08-19,47.5,-109.0,1350
2024-08-19,47.5,-108.5,1080
2024-08-19,47.5,-108.0,1260
2024-08-19,47.5,-107.5,990
2024-08-19,47.5,-107.0,1080
2024-08-19,47.5,-106.5,360
2024-08-19,47.5,-106.0,1530
2024-08-19,47.5,-105.5,900
2024-08-19,47.5,-105.0,1260
2024-08-19,47.5,-104.5,540
2024-08-19,47.5,-104.0,900
2024-08-19,47.5,-103.5,360
2024-08-19,47.5,-101.0,90
2024-08-19,47.5,-100.5,360
2024-08-19,47.5,-100.0,540
2024-08-19,47.5,-99.5,540
2024-08-19,47.5,-99.0,450
2024-08-19,47.5,-98.5,90
2024-08-19,47.5,-97.0,180
2024-08-19,47.5,-96.5,180
2024-08-19,47.5,-96.0,90
2024-08-19,47.5,-88.0,90
2024-08-19,47.5,-74.5,270
2024-08-19,47.5,-74.0,90
2024-08-19,47.5,-73.0,180
2024-08-19,47.5,-72.5,270
2024-08-19,47.5,-72.0,360
2024-08-19,47.5,-71.0,90
2024-08-19,47.5,-68.5,180
2024-08-19,47.5,-66.0,90
2024-08-19,48.0,-122.0,90
2024-08-19,48.0,-118.0,270
2024-08-19,48.0,-115.5,90
2024-08-19,48.0,-114.5,180
2024-08-19,48.0,-113.5,180
2024-08-19,48.0,-113.0,540
2024-08-19,48.0,-112.5,450
2024-08-19,48.0,-112.0,360
2024-08-19,48.0,-111.5,360
2024-08-19,48.0,-111.0,720
2024-08-19,48.0,-110.5,630
2024-08-19,48.0,-110.0,720
2024-08-19,48.0,-109.5,630
2024-08-19,48.0,-109.0,720
2024-08-19,48.0,-108.5,990
2024-08-19,48.0,-108.0,1890
2024-08-19,48.0,-107.5,720
2024-08-19,48.0,-107.0,720
2024-08-19,48.0,-106.5,1260
2024-08-19,48.0,-106.0,630
2024-08-19,48.0,-105.5,1800
2024-08-19,48.0,-105.0,3510
2024-08-19,48.0,-104.5,810
2024-08-19,48.0,-104.0,270
2024-08-19,48.0,-103.5,270
2024-08-19,48.0,-103.0,90
2024-08-19,48.0,-101.5,990
2024-08-19,48.0,-101.0,1260
2024-08-19,48.0,-100.5,540
2024-08-19,48.0,-100.0,630
2024-08-19,48.0,-99.5,90
2024-08-19,48.0,-99.0,90
2024-08-19,48.0,-98.0,270
2024-08-19,48.0,-97.5,90
2024-08-19,48.0,-97.0,180
2024-08-19,48.0,-96.0,90
2024-08-19,48.0,-92.0,180
2024-08-19,48.0,-86.0,90
2024-08-19,48.0,-74.0,90
2024-08-19,48.0,-73.0,630
2024-08-19,48.0,-72.5,90
2024-08-19,48.0,-70.5,90
2024-08-19,48.0,-68.0,90
2024-08-19,48.5,-124.0,90
2024-08-19,48.5,-123.5,90
2024-08-19,48.5,-116.0,90
2024-08-19,48.5,-115.5,180
2024-08-19,48.5,-114.5,360
2024-08-19,48.5,-114.0,90
2024-08-19,48.5,-113.5,270
2024-08-19,48.5,-113.0,450
2024-08-19,48.5,-112.0,270
2024-08-19,48.5,-111.5,270
2024-08-19,48.5,-111.0,360
2024-08-19,48.5,-110.5,630
2024-08-19,48.5,-110.0,360
2024-08-19,48.5,-109.5,720
2024-08-19,48.5,-109.0,630
2024-08-19,48.5,-108.5,450
2024-08-19,48.5,-108.0,630
2024-08-19,48.5,-107.5,1260
2024-08-19,48.5,-107.0,540
2024-08-19,48.5,-106.5,270
2024-08-19,48.5,-106.0,1980
2024-08-19,48.5,-105.5,1440
2024-08-19,48.5,-105.0,2970
2024-08-19,48.5,-104.5,540
2024-08-19,48.5,-104.0,450
2024-08-19,48.5,-103.5,720
2024-08-19,48.5,-103.0,540
2024-08-19,48.5,-102.5,180
2024-08-19,48.5,-101.5,1350
2024-08-19,48.5,-101.0,540
2024-08-19,48.5,-100.5,180
2024-08-19,48.5,-100.0,180
2024-08-19,48.5,-99.5,180
2024-08-19,48.5,-99.0,270
2024-08-19,48.5,-98.0,90
2024-08-19,48.5,-97.0,90
2024-08-19,48.5,-96.5,270
2024-08-19,48.5,-87.0,90
2024-08-19,48.5,-85.5,90
2024-08-19,48.5,-75.0,90
2024-08-19,48.5,-74.5,90
2024-08-19,48.5,-74.0,90
2024-08-19,48.5,-67.0,90
2024-08-19,48.5,-66.0,90
2024-08-19,48.5,-65.5,90
2024-08-19,49.0,-122.0,90
2024-08-19,49.0,-121.0,90
2024-08-19,49.0,-116.5,180
2024-08-19,49.0,-116.0,180
2024-08-19,49.0,-114.5,90
2024-08-19,49.0,-114.0,180
2024-08-19,49.0,-113.5,90
2024-08-19,49.0,-113.0,90
2024-08-19,49.0,-112.5,180
2024-08-19,49.0,-111.5,180
2024-08-19,49.0,-111.0,180
2024-08-19,49.0,-110.5,360
2024-08-19,49.0,-110.0,450
2024-08-19,49.0,-109.5,360
2024-08-19,49.0,-109.0,270
2024-08-19,49.0,-108.5,180
2024-08-19,49.0,-108.0,450
2024-08-19,49.0,-107.5,720
2024-08-19,49.0,-107.0,450
2024-08-19,49.0,-106.5,810
2024-08-19,49.0,-106.0,630
2024-08-19,49.0,-105.5,2520
2024-08-19,49.0,-105.0,2520
2024-08-19,49.0,-104.5,990
2024-08-19,49.0,-104.0,2070
2024-08-19,49.0,-103.5,1530
2024-08-19,49.0,-103.0,810
2024-08-19,49.0,-102.5,1350
2024-08-19,49.0,-102.0,630
2024-08-19,49.0,-101.5,720
2024-08-19,49.0,-101.0,270
2024-08-19,49.0,-99.5,90
2024-08-19,49.0,-99.0,90
2024-08-19,49.0,-97.5,90
2024-08-19,49.0,-96.5,90
2024-08-19,49.0,-96.0,270
2024-08-19,49.0,-82.0,90
2024-08-19,49.0,-79.0,360
2024-08-19,49.0,-74.5,90
2024-08-19,49.0,-71.0,360
2024-08-19,49.0,-68.0,90
2024-08-19,49.5,-118.5,180
2024-08-19,49.5,-118.0,180
2024-08-19,49.5,-117.5,270
2024-08-19,49.5,-117.0,90
2024-08-19,49.5,-116.5,180
2024-08-19,49.5,-115.5,90
2024-08-19,49.5,-113.5,90
2024-08-19,49.5,-112.5,90
2024-08-19,49.5,-111.0,360
2024-08-19,49.5,-110.5,270
2024-08-19,49.5,-110.0,360
2024-08-19,49.5,-109.5,270
2024-08-19,49.5,-109.0,180
2024-08-19,49.5,-108.5,540
2024-08-19,49.5,-108.0,270
2024-08-19,49.5,-107.5,1080
2024-08-19,49.5,-107.0,810
2024-08-19,49.5,-106.5,540
2024-08-19,49.5,-106.0,900
2024-08-19,49.5,-105.5,990
2024-08-19,49.5,-105.0,2070
2024-08-19,49.5,-104.5,1620
2024-08-19,49.5,-104.0,1710
2024-08-19,49.5,-103.5,2700
2024-08-19,49.5,-103.0,1620
2024-08-19,49.5,-102.5,1530
2024-08-19,49.5,-102.0,630
2024-08-19,49.5,-101.5,270
2024-08-19,49.5,-101.0,270
2024-08-19,49.5,-100.5,180
2024-08-19,49.5,-98.0,180
2024-08-19,49.5,-96.5,360
2024-08-19,49.5,-87.0,90
2024-08-19,49.5,-81.5,90
2024-08-19,49.5,-81.0,90
2024-08-19,49.5,-79.5,90
2024-08-19,49.5,-79.0,90
2024-08-19,49.5,-78.5,90
2024-08-19,49.5,-77.5,90
2024-08-19,49.5,-73.5,180
2024-08-19,49.5,-71.0,180
2024-08-19,49.5,-66.0,90
2024-08-19,50.0,-118.5,90
2024-08-19,50.0,-118.0,270
2024-08-19,50.0,-117.5,90
2024-08-19,50.0,-117.0,180
2024-08-19,50.0,-116.0,90
2024-08-19,50.0,-114.5,90
2024-08-19,50.0,-114.0,180
2024-08-19,50.0,-113.5,180
2024-08-19,50.0,-112.5,90
2024-08-19,50.0,-110.5,180
2024-08-19,50.0,-110.0,90
2024-08-19,50.0,-109.5,180
2024-08-19,50.0,-108.0,180
2024-08-19,50.0,-107.5,270
2024-08-19,50.0,-107.0,540
2024-08-19,50.0,-106.5,1260
2024-08-19,50.0,-106.0,540
2024-08-19,50.0,-105.5,360
2024-08-19,50.0,-105.0,360
2024-08-19,50.0,-104.5,900
2024-08-19,50.0,-104.0,990
2024-08-19,50.0,-103.5,1530
2024-08-19,50.0,-103.0,1890
2024-08-19,50.0,-102.5,1530
2024-08-19,50.0,-102.0,1080
2024-08-19,50.0,-101.5,3240
2024-08-19,50.0,-101.0,3870
2024-08-19,50.0,-100.5,1260
2024-08-19,50.0,-100.0,1080
2024-08-19,50.0,-99.5,90
2024-08-19,50.0,-99.0,180
2024-08-19,50.0,-98.5,540
2024-08-19,50.0,-81.0,90
2024-08-19,50.0,-80.0,90
2024-08-19,50.0,-79.5,90
2024-08-19,50.0,-77.0,90
2024-08-19,50.0,-72.0,90
2024-08-19,50.0,-71.0,270
2024-08-19,50.0,-70.5,90
2024-08-19,50.0,-68.0,90
2024-08-19,50.0,-67.0,90
2024-08-19,50.0,-66.5,180
2024-08-19,50.5,-121.5,90
2024-08-19,50.5,-119.5,90
2024-08-19,50.5,-119.0,90
2024-08-19,50.5,-118.5,90
2024-08-19,50.5,-118.0,270
2024-08-19,50.5,-117.5,180
2024-08-19,50.5,-117.0,180
2024-08-19,50.5,-116.5,360
2024-08-19,50.5,-116.0,180
2024-08-19,50.5,-115.0,180
2024-08-19,50.5,-114.5,90
2024-08-19,50.5,-114.0,90
2024-08-19,50.5,-113.5,90
2024-08-19,50.5,-112.0,90
2024-08-19,50.5,-109.5,90
2024-08-19,50.5,-109.0,90
2024-08-19,50.5,-108.5,90
2024-08-19,50.5,-108.0,90
2024-08-19,50.5,-107.5,90
2024-08-19,50.5,-106.5,360
2024-08-19,50.5,-106.0,900
2024-08-19,50.5,-105.5,360
2024-08-19,50.5,-105.0,540
2024-08-19,50.5,-104.5,450
2024-08-19,50.5,-104.0,540
2024-08-19,50.5,-103.5,360
2024-08-19,50.5,-103.0,630
2024-08-19,50.5,-102.5,1080
2024-08-19,50.5,-102.0,2610
2024-08-19,50.5,-101.5,810
2024-08-19,50.5,-101.0,1260
2024-08-19,50.5,-100.5,1440
2024-08-19,50.5,-100.0,1440
2024-08-19,50.5,-99.5,450
2024-08-19,50.5,-99.0,360
2024-08-19,50.5,-98.0,270
2024-08-19,50.5,-97.5,270
2024-08-19,50.5,-96.5,180
2024-08-19,50.5,-96.0,90
2024-08-19,50.5,-94.5,90
2024-08-19,50.5,-92.5,90
2024-08-19,50.5,-66.5,180
2024-08-19,51.0,-121.5,90
2024-08-19,51.0,-120.0,270
2024-08-19,51.0,-119.0,90
2024-08-19,51.0,-118.0,90
2024-08-19,51.0,-116.5,180
2024-08-19,51.0,-115.5,90
2024-08-19,51.0,-115.0,270
2024-08-19,51.0,-114.0,180
2024-08-19,51.0,-113.5,90
2024-08-19,51.0,-113.0,180
2024-08-19,51.0,-112.5,180
2024-08-19,51.0,-111.5,90
2024-08-19,51.0,-109.5,90
2024-08-19,51.0,-109.0,90
2024-08-19,51.0,-108.5,360
2024-08-19,51.0,-108.0,90
2024-08-19,51.0,-106.5,270
2024-08-19,51.0,-106.0,270
2024-08-19,51.0,-105.5,90
2024-08-19,51.0,-105.0,180
2024-08-19,51.0,-104.5,720
2024-08-19,51.0,-104.0,540
2024-08-19,51.0,-103.5,360
2024-08-19,51.0,-103.0,90
2024-08-19,51.0,-102.5,270
2024-08-19,51.0,-102.0,630
2024-08-19,51.0,-101.5,1260
2024-08-19,51.0,-101.0,1620
2024-08-19,51.0,-100.5,810
2024-08-19,51.0,-100.0,1260
2024-08-19,51.0,-99.5,360
2024-08-19,51.0,-99.0,1170
2024-08-19,51.0,-98.5,90
2024-08-19,51.0,-97.5,90
2024-08-19,51.0,-96.5,90
2024-08-19,51.0,-95.5,90
2024-08-19,51.0,-95.0,450
2024-08-19,51.0,-94.5,990
2024-08-19,51.0,-94.0,360
2024-08-19,51.0,-93.5,450
2024-08-19,51.0,-92.5,270
2024-08-19,51.0,-86.5,90
2024-08-19,51.5,-120.5,90
2024-08-19,51.5,-119.0,90
2024-08-19,51.5,-117.5,90
2024-08-19,51.5,-117.0,180
2024-08-19,51.5,-115.5,90
2024-08-19,51.5,-115.0,90
2024-08-19,51.5,-113.0,90
2024-08-19,51.5,-112.5,270
2024-08-19,51.5,-112.0,180
2024-08-19,51.5,-111.5,90
2024-08-19,51.5,-111.0,90
2024-08-19,51.5,-109.5,360
2024-08-19,51.5,-109.0,90
2024-08-19,51.5,-108.5,90
2024-08-19,51.5,-108.0,90
2024-08-19,51.5,-107.5,180
2024-08-19,51.5,-106.5,360
2024-08-19,51.5,-106.0,630
2024-08-19,51.5,-105.5,180
2024-08-19,51.5,-104.5,90
2024-08-19,51.5,-104.0,180
2024-08-19,51.5,-103.5,360
2024-08-19,51.5,-103.0,360
2024-08-19,51.5,-102.5,360
2024-08-19,51.5,-102.0,90
2024-08-19,51.5,-101.5,450
2024-08-19,51.5,-101.0,180
2024-08-19,51.5,-100.5,630
2024-08-19,51.5,-100.0,270
2024-08-19,51.5,-99.5,270
2024-08-19,51.5,-99.0,1170
2024-08-19,51.5,-98.5,1260
2024-08-19,51.5,-98.0,3150
2024-08-19,51.5,-97.5,3420
2024-08-19,51.5,-97.0,990
2024-08-19,51.5,-96.5,450
2024-08-19,51.5,-96.0,450
2024-08-19,51.5,-95.5,360
2024-08-19,51.5,-95.0,540
2024-08-19,51.5,-94.5,720
2024-08-19,51.5,-94.0,900
2024-08-19,51.5,-93.5,900
2024-08-19,51.5,-93.0,180
2024-08-19,51.5,-92.5,360
2024-08-19,51.5,-91.5,90
2024-08-19,51.5,-90.5,90
2024-08-19,52.0,-119.5,270
2024-08-19,52.0,-119.0,180
2024-08-19,52.0,-118.5,90
2024-08-19,52.0,-118.0,90
2024-08-19,52.0,-117.5,90
2024-08-19,52.0,-117.0,180
2024-08-19,52.0,-115.5,540
2024-08-19,52.0,-114.5,180
2024-08-19,52.0,-114.0,90
2024-08-19,52.0,-113.5,90
2024-08-19,52.0,-113.0,270
2024-08-19,52.0,-111.5,270
2024-08-19,52.0,-111.0,180
2024-08-19,52.0,-110.5,180
2024-08-19,52.0,-109.5,180
2024-08-19,52.0,-109.0,270
2024-08-19,52.0,-108.5,270
2024-08-19,52.0,-108.0,270
2024-08-19,52.0,-107.5,360
2024-08-19,52.0,-107.0,90
2024-08-19,52.0,-106.5,180
2024-08-19,52.0,-106.0,180
2024-08-19,52.0,-105.5,270
2024-08-19,52.0,-105.0,180
2024-08-19,52.0,-104.5,180
2024-08-19,52.0,-104.0,450
2024-08-19,52.0,-101.5,360
2024-08-19,52.0,-101.0,1350
2024-08-19,52.0,-100.5,1530
2024-08-19,52.0,-100.0,2700
2024-08-19,52.0,-99.5,2700
2024-08-19,52.0,-99.0,1170
2024-08-19,52.0,-98.5,900
2024-08-19,52.0,-98.0,990
2024-08-19,52.0,-97.5,1890
2024-08-19,52.0,-97.0,1710
2024-08-19,52.0,-96.5,900
2024-08-19,52.0,-96.0,540
2024-08-19,52.0,-95.5,810
2024-08-19,52.0,-95.0,1080
2024-08-19,52.0,-94.5,360
2024-08-19,52.0,-94.0,1080
2024-08-19,52.0,-93.5,540
2024-08-19,52.0,-93.0,360
2024-08-19,52.0,-92.5,90
2024-08-19,52.0,-91.5,180
2024-08-19,52.0,-91.0,180
2024-08-19,52.0,-90.0,90
2024-08-19,52.5,-119.5,90
2024-08-19,52.5,-118.5,90
2024-08-19,52.5,-117.5,90
2024-08-19,52.5,-116.5,270
2024-08-19,52.5,-115.5,360
2024-08-19,52.5,-114.5,180
2024-08-19,52.5,-114.0,90
2024-08-19,52.5,-113.5,270
2024-08-19,52.5,-113.0,90
2024-08-19,52.5,-112.5,270
2024-08-19,52.5,-112.0,180
2024-08-19,52.5,-111.5,270
2024-08-19,52.5,-111.0,540
2024-08-19,52.5,-110.0,450
2024-08-19,52.5,-109.5,180
2024-08-19,52.5,-109.0,450
2024-08-19,52.5,-108.5,90
2024-08-19,52.5,-108.0,540
2024-08-19,52.5,-107.5,450
2024-08-19,52.5,-107.0,450
2024-08-19,52.5,-106.5,270
2024-08-19,52.5,-106.0,90
2024-08-19,52.5,-105.5,270
2024-08-19,52.5,-105.0,90
2024-08-19,52.5,-104.0,90
2024-08-19,52.5,-103.5,450
2024-08-19,52.5,-103.0,180
2024-08-19,52.5,-100.5,360
2024-08-19,52.5,-100.0,2250
2024-08-19,52.5,-99.5,720
2024-08-19,52.5,-99.0,180
2024-08-19,52.5,-98.5,810
2024-08-19,52.5,-98.0,1080
2024-08-19,52.5,-97.5,720
2024-08-19,52.5,-97.0,450
2024-08-19,52.5,-96.5,720
2024-08-19,52.5,-96.0,180
2024-08-19,52.5,-95.5,540
2024-08-19,52.5,-95.0,90
2024-08-19,52.5,-94.5,90
2024-08-19,52.5,-93.5,90
2024-08-19,52.5,-93.0,270
2024-08-19,52.5,-92.5,90
2024-08-19,52.5,-92.0,180
2024-08-19,52.5,-91.5,90
2024-08-19,52.5,-66.0,90
2024-08-19,53.0,-117.0,90
2024-08-19,53.0,-116.5,90
2024-08-19,53.0,-116.0,90
2024-08-19,53.0,-115.5,90
2024-08-19,53.0,-114.0,90
2024-08-19,53.0,-113.5,90
2024-08-19,53.0,-113.0,180
2024-08-19,53.0,-112.5,630
2024-08-19,53.0,-112.0,270
2024-08-19,53.0,-111.5,90
2024-08-19,53.0,-110.0,90
2024-08-19,53.0,-109.5,90
2024-08-19,53.0,-109.0,270
2024-08-19,53.0,-108.5,180
2024-08-19,53.0,-108.0,270
2024-08-19,53.0,-107.5,90
2024-08-19,53.0,-107.0,180
2024-08-19,53.0,-106.5,180
2024-08-19,53.0,-105.5,180
2024-08-19,53.0,-104.5,90
2024-08-19,53.0,-104.0,90
2024-08-19,53.0,-103.0,90
2024-08-19,53.0,-102.5,90
2024-08-19,53.0,-102.0,90
2024-08-19,53.0,-101.0,180
2024-08-19,53.0,-100.0,720
2024-08-19,53.0,-98.5,90
2024-08-19,53.0,-98.0,90
2024-08-19,53.0,-97.0,90
2024-08-19,53.0,-96.5,180
2024-08-19,53.0,-95.0,180
2024-08-19,53.0,-94.5,270
2024-08-19,53.0,-93.5,90
2024-08-19,53.0,-93.0,180
2024-08-19,53.0,-92.5,90
2024-08-19,53.0,-92.0,90
2024-08-19,53.0,-90.0,90
2024-08-19,53.5,-117.0,90
2024-08-19,53.5,-116.5,90
2024-08-19,53.5,-115.5,90
2024-08-19,53.5,-115.0,90
2024-08-19,53.5,-113.5,90
2024-08-19,53.5,-112.5,90
2024-08-19,53.5,-112.0,360
2024-08-19,53.5,-111.5,900
2024-08-19,53.5,-111.0,450
2024-08-19,53.5,-110.5,90
2024-08-19,53.5,-109.0,90
2024-08-19,53.5,-108.5,180
2024-08-19,53.5,-108.0,270
2024-08-19,53.5,-107.0,90
2024-08-19,53.5,-106.5,180
2024-08-19,53.5,-106.0,180
2024-08-19,53.5,-105.5,270
2024-08-19,53.5,-105.0,270
2024-08-19,53.5,-104.5,630
2024-08-19,53.5,-104.0,450
2024-08-19,53.5,-103.5,450
2024-08-19,53.5,-103.0,90
2024-08-19,53.5,-102.0,270
2024-08-19,53.5,-101.5,90
2024-08-19,53.5,-100.5,450
2024-08-19,53.5,-100.0,450
2024-08-19,53.5,-99.5,90
2024-08-19,53.5,-98.5,180
2024-08-19,53.5,-98.0,180
2024-08-19,53.5,-96.0,90
2024-08-19,53.5,-95.0,90
2024-08-19,53.5,-93.5,90
2024-08-19,53.5,-93.0,270
2024-08-19,53.5,-92.5,180
2024-08-19,53.5,-92.0,90
2024-08-19,53.5,-91.5,180
2024-08-19,53.5,-89.5,90
2024-08-19,54.0,-116.5,270
2024-08-19,54.0,-116.0,90
2024-08-19,54.0,-115.0,180
2024-08-19,54.0,-114.5,90
2024-08-19,54.0,-113.5,360
2024-08-19,54.0,-111.0,270
2024-08-19,54.0,-110.5,180
2024-08-19,54.0,-110.0,360
2024-08-19,54.0,-109.0,90
2024-08-19,54.0,-108.5,180
2024-08-19,54.0,-108.0,90
2024-08-19,54.0,-107.5,180
2024-08-19,54.0,-105.5,180
2024-08-19,54.0,-104.5,1260
2024-08-19,54.0,-104.0,180
2024-08-19,54.0,-103.5,360
2024-08-19,54.0,-103.0,540
2024-08-19,54.0,-102.5,900
2024-08-19,54.0,-102.0,720
2024-08-19,54.0,-101.5,180
2024-08-19,54.0,-101.0,270
2024-08-19,54.0,-100.5,360
2024-08-19,54.0,-100.0,360
2024-08-19,54.0,-99.5,90
2024-08-19,54.0,-99.0,180
2024-08-19,54.0,-98.5,270
2024-08-19,54.0,-98.0,360
2024-08-19,54.0,-97.5,360
2024-08-19,54.0,-97.0,90
2024-08-19,54.0,-94.5,90
2024-08-19,54.0,-93.0,180
2024-08-19,54.0,-92.0,90
2024-08-19,54.5,-116.0,450
2024-08-19,54.5,-115.5,270
2024-08-19,54.5,-115.0,540
2024-08-19,54.5,-114.5,180
2024-08-19,54.5,-114.0,180
2024-08-19,54.5,-113.5,90
2024-08-19,54.5,-113.0,90
2024-08-19,54.5,-111.0,90
2024-08-19,54.5,-109.5,540
2024-08-19,54.5,-109.0,90
2024-08-19,54.5,-107.5,90
2024-08-19,54.5,-107.0,270
2024-08-19,54.5,-106.5,270
2024-08-19,54.5,-105.0,180
2024-08-19,54.5,-104.5,180
2024-08-19,54.5,-104.0,180
2024-08-19,54.5,-103.5,90
2024-08-19,54.5,-102.5,360
2024-08-19,54.5,-102.0,270
2024-08-19,54.5,-101.5,180
2024-08-19,54.5,-101.0,180
2024-08-19,54.5,-100.5,450
2024-08-19,54.5,-100.0,360
2024-08-19,54.5,-99.5,540
2024-08-19,54.5,-99.0,180
2024-08-19,54.5,-98.5,270
2024-08-19,54.5,-97.5,450
2024-08-19,54.5,-96.5,180
2024-08-19,54.5,-94.0,180
2024-08-19,54.5,-93.5,450
2024-08-19,54.5,-93.0,180
2024-08-19,54.5,-92.5,90
2024-08-19,54.5,-92.0,360
2024-08-26,20.0,-108.5,90
2024-08-26,20.0,-108.0,90
2024-08-26,20.0,-107.5,180
2024-08-26,20.0,-107.0,270
2024-08-26,20.0,-106.5,360
2024-08-26,20.0,-106.0,3780
2024-08-26,20.0,-105.5,3870
2024-08-26,20.0,-105.0,2250
2024-08-26,20.0,-104.5,1170
2024-08-26,20.0,-104.0,1890
2024-08-26,20.0,-103.5,3060
2024-08-26,20.0,-103.0,2520
2024-08-26,20.0,-102.5,2970
2024-08-26,20.0,-102.0,2160
2024-08-26,20.0,-101.5,3060
2024-08-26,20.0,-101.0,2880
2024-08-26,20.0,-100.5,3060
2024-08-26,20.0,-100.0,2160
2024-08-26,20.0,-99.5,630
2024-08-26,20.0,-99.0,630
2024-08-26,20.0,-98.5,270
2024-08-26,20.0,-98.0,900
2024-08-26,20.0,-97.5,1080
2024-08-26,20.0,-97.0,270
2024-08-26,20.0,-95.5,180
2024-08-26,20.0,-95.0,90
2024-08-26,20.0,-94.5,360
2024-08-26,20.0,-93.5,180
2024-08-26,20.0,-93.0,90
2024-08-26,20.0,-92.5,180
2024-08-26,20.0,-92.0,180
2024-08-26,20.0,-91.0,810
2024-08-26,20.0,-90.5,5940
2024-08-26,20.0,-90.0,1890
2024-08-26,20.0,-89.5,2430
2024-08-26,20.0,-89.0,2700
2024-08-26,20.0,-88.5,1710
2024-08-26,20.0,-88.0,1800
2024-08-26,20.0,-87.5,540
2024-08-26,20.0,-87.0,180
2024-08-26,20.0,-86.5,180
2024-08-26,20.0,-85.5,180
2024-08-26,20.0,-85.0,360
2024-08-26,20.0,-84.5,540
2024-08-26,20.0,-84.0,1080
2024-08-26,20.0,-83.5,1170
2024-08-26,20.0,-83.0,810
2024-08-26,20.0,-82.5,2790
2024-08-26,20.0,-82.0,810
2024-08-26,20.0,-81.5,720
2024-08-26,20.0,-81.0,90
2024-08-26,20.0,-80.5,180
2024-08-26,20.0,-80.0,360
2024-08-26,20.0,-79.5,450
2024-08-26,20.0,-79.0,1710
2024-08-26,20.0,-78.5,1260
2024-08-26,20.0,-78.0,1980
2024-08-26,20.0,-77.5,9090
2024-08-26,20.0,-77.0,8730
2024-08-26,20.0,-76.5,7200
2024-08-26,20.0,-76.0,11790
2024-08-26,20.0,-75.5,6030
2024-08-26,20.0,-75.0,1890
2024-08-26,20.0,-74.5,180
2024-08-26,20.0,-72.5,360
2024-08-26,20.0,-71.0,90
2024-08-26,20.0,-67.5,90
2024-08-26,20.0,-66.5,90
2024-08-26,20.0,-66.0,630
2024-08-26,20.0,-65.5,360
2024-08-26,20.5,-115.0,90
2024-08-26,20.5,-107.5,540
2024-08-26,20.5,-107.0,540
2024-08-26,20.5,-106.5,450
2024-08-26,20.5,-106.0,3330
2024-08-26,20.5,-105.5,3330
2024-08-26,20.5,-105.0,3330
2024-08-26,20.5,-104.5,3240
2024-08-26,20.5,-104.0,4140
2024-08-26,20.5,-103.5,2520
2024-08-26,20.5,-103.0,2340
2024-08-26,20.5,-102.5,1620
2024-08-26,20.5,-102.0,1710
2024-08-26,20.5,-101.5,3150
2024-08-26,20.5,-101.0,3600
2024-08-26,20.5,-100.5,900
2024-08-26,20.5,-100.0,810
2024-08-26,20.5,-99.5,90
2024-08-26,20.5,-99.0,990
2024-08-26,20.5,-98.5,990
2024-08-26,20.5,-98.0,450
2024-08-26,20.5,-97.5,450
2024-08-26,20.5,-97.0,90
2024-08-26,20.5,-96.5,90
2024-08-26,20.5,-95.0,270
2024-08-26,20.5,-94.5,360
2024-08-26,20.5,-94.0,90
2024-08-26,20.5,-93.0,90
2024-08-26,20.5,-91.5,270
2024-08-26,20.5,-91.0,720
2024-08-26,20.5,-90.5,2790
2024-08-26,20.5,-90.0,3600
2024-08-26,20.5,-89.5,4590
2024-08-26,20.5,-89.0,3510
2024-08-26,20.5,-88.5,4770
2024-08-26,20.5,-88.0,4050
2024-08-26,20.5,-87.5,1440
2024-08-26,20.5,-86.5,180
2024-08-26,20.5,-86.0,180
2024-08-26,20.5,-85.5,450
2024-08-26,20.5,-85.0,180
2024-08-26,20.5,-84.5,180
2024-08-26,20.5,-84.0,720
2024-08-26,20.5,-83.5,810
2024-08-26,20.5,-83.0,2520
2024-08-26,20.5,-82.5,1890
2024-08-26,20.5,-82.0,720
2024-08-26,20.5,-81.5,2070
2024-08-26,20.5,-81.0,360
2024-08-26,20.5,-80.5,810
2024-08-26,20.5,-80.0,180
2024-08-26,20.5,-79.5,540
2024-08-26,20.5,-79.0,180
2024-08-26,20.5,-78.5,900
2024-08-26,20.5,-78.0,3690
2024-08-26,20.5,-77.5,5940
2024-08-26,20.5,-77.0,9810
2024-08-26,20.5,-76.5,12780
2024-08-26,20.5,-76.0,4950
2024-08-26,20.5,-75.5,2070
2024-08-26,20.5,-75.0,360
2024-08-26,20.5,-69.0,90
2024-08-26,20.5,-68.0,90
2024-08-26,20.5,-67.5,90
2024-08-26,20.5,-67.0,90
2024-08-26,20.5,-66.5,270
2024-08-26,20.5,-66.0,450
2024-08-26,21.0,-107.5,90
2024-08-26,21.0,-107.0,450
2024-08-26,21.0,-106.5,630
2024-08-26,21.0,-106.0,2880
2024-08-26,21.0,-105.5,2610
2024-08-26,21.0,-105.0,2700
2024-08-26,21.0,-104.5,900
2024-08-26,21.0,-104.0,1350
2024-08-26,21.0,-103.5,630
2024-08-26,21.0,-103.0,2160
2024-08-26,21.0,-102.5,3420
2024-08-26,21.0,-102.0,3060
2024-08-26,21.0,-101.5,1170
2024-08-26,21.0,-101.0,270
2024-08-26,21.0,-100.5,630
2024-08-26,21.0,-100.0,630
2024-08-26,21.0,-99.5,270
2024-08-26,21.0,-99.0,180
2024-08-26,21.0,-98.0,270
2024-08-26,21.0,-97.5,360
2024-08-26,21.0,-95.0,90
2024-08-26,21.0,-94.5,360
2024-08-26,21.0,-94.0,180
2024-08-26,21.0,-93.5,180
2024-08-26,21.0,-92.5,180
2024-08-26,21.0,-90.5,630
2024-08-26,21.0,-90.0,810
2024-08-26,21.0,-89.5,990
2024-08-26,21.0,-89.0,2070
2024-08-26,21.0,-88.5,4680
2024-08-26,21.0,-88.0,2070
2024-08-26,21.0,-87.5,2160
2024-08-26,21.0,-87.0,630
2024-08-26,21.0,-86.5,450
2024-08-26,21.0,-86.0,540
2024-08-26,21.0,-85.5,180
2024-08-26,21.0,-85.0,540
2024-08-26,21.0,-84.5,630
2024-08-26,21.0,-84.0,990
2024-08-26,21.0,-83.5,1080
2024-08-26,21.0,-83.0,1710
2024-08-26,21.0,-82.5,1440
2024-08-26,21.0,-82.0,900
2024-08-26,21.0,-81.5,1620
2024-08-26,21.0,-81.0,1170
2024-08-26,21.0,-80.5,1170
2024-08-26,21.0,-80.0,1080
2024-08-26,21.0,-79.5,720
2024-08-26,21.0,-79.0,1530
2024-08-26,21.0,-78.5,6030
2024-08-26,21.0,-78.0,6570
2024-08-26,21.0,-77.5,4050
2024-08-26,21.0,-77.0,2880
2024-08-26,21.0,-76.5,3600
2024-08-26,21.0,-76.0,270
2024-08-26,21.0,-75.5,180
2024-08-26,21.0,-74.5,270
2024-08-26,21.0,-74.0,180
2024-08-26,21.0,-71.0,180
2024-08-26,21.0,-66.5,90
2024-08-26,21.5,-107.0,90
2024-08-26,21.5,-106.5,720
2024-08-26,21.5,-106.0,1170
2024-08-26,21.5,-105.5,6300
2024-08-26,21.5,-105.0,7830
2024-08-26,21.5,-104.5,2880
2024-08-26,21.5,-104.0,2430
2024-08-26,21.5,-103.5,3240
2024-08-26,21.5,-103.0,2700
2024-08-26,21.5,-102.5,1620
2024-08-26,21.5,-102.0,1980
2024-08-26,21.5,-101.5,270
2024-08-26,21.5,-101.0,540
2024-08-26,21.5,-100.5,270
2024-08-26,21.5,-99.5,1800
2024-08-26,21.5,-98.0,180
2024-08-26,21.5,-97.5,270
2024-08-26,21.5,-95.0,90
2024-08-26,21.5,-93.5,180
2024-08-26,21.5,-92.5,270
2024-08-26,21.5,-92.0,180
2024-08-26,21.5,-91.0,180
2024-08-26,21.5,-90.0,90
2024-08-26,21.5,-89.0,90
2024-08-26,21.5,-87.5,360
2024-08-26,21.5,-86.5,360
2024-08-26,21.5,-86.0,90
2024-08-26,21.5,-85.5,90
2024-08-26,21.5,-85.0,900
2024-08-26,21.5,-84.5,900
2024-08-26,21.5,-84.0,2340
2024-08-26,21.5,-83.5,1440
2024-08-26,21.5,-83.0,1440
2024-08-26,21.5,-82.5,1710
2024-08-26,21.5,-82.0,1530
2024-08-26,21.5,-81.5,1710
2024-08-26,21.5,-81.0,1620
2024-08-26,21.5,-80.5,720
2024-08-26,21.5,-80.0,1890
2024-08-26,21.5,-79.5,3780
2024-08-26,21.5,-79.0,2880
2024-08-26,21.5,-78.5,3870
2024-08-26,21.5,-78.0,4230
2024-08-26,21.5,-77.5,90
2024-08-26,21.5,-77.0,1260
2024-08-26,21.5,-76.5,270
2024-08-26,21.5,-75.5,180
2024-08-26,21.5,-75.0,90
2024-08-26,21.5,-70.5,180
2024-08-26,21.5,-67.0,90
2024-08-26,21.5,-66.5,90
2024-08-26,22.0,-107.0,90
2024-08-26,22.0,-106.5,900
2024-08-26,22.0,-106.0,540
2024-08-26,22.0,-105.5,3600
2024-08-26,22.0,-105.0,5310
2024-08-26,22.0,-104.5,3240
2024-08-26,22.0,-104.0,1080
2024-08-26,22.0,-103.5,1260
2024-08-26,22.0,-103.0,450
2024-08-26,22.0,-102.5,1260
2024-08-26,22.0,-102.0,270
2024-08-26,22.0,-101.5,90
2024-08-26,22.0,-101.0,180
2024-08-26,22.0,-100.5,540
2024-08-26,22.0,-100.0,270
2024-08-26,22.0,-99.5,4230
2024-08-26,22.0,-99.0,180
2024-08-26,22.0,-98.0,360
2024-08-26,22.0,-97.5,720
2024-08-26,22.0,-97.0,90
2024-08-26,22.0,-95.0,180
2024-08-26,22.0,-94.0,270
2024-08-26,22.0,-93.5,270
2024-08-26,22.0,-92.5,180
2024-08-26,22.0,-92.0,450
2024-08-26,22.0,-91.5,360
2024-08-26,22.0,-91.0,90
2024-08-26,22.0,-90.0,270
2024-08-26,22.0,-89.5,90
2024-08-26,22.0,-86.0,180
2024-08-26,22.0,-85.5,360
2024-08-26,22.0,-85.0,630
2024-08-26,22.0,-84.5,3060
2024-08-26,22.0,-84.0,1620
2024-08-26,22.0,-83.5,1170
2024-08-26,22.0,-83.0,2340
2024-08-26,22.0,-82.5,1350
2024-08-26,22.0,-82.0,3510
2024-08-26,22.0,-81.5,1980
2024-08-26,22.0,-81.0,1800
2024-08-26,22.0,-80.5,5670
2024-08-26,22.0,-80.0,5310
2024-08-26,22.0,-79.5,5130
2024-08-26,22.0,-79.0,2700
2024-08-26,22.0,-78.5,2250
2024-08-26,22.0,-78.0,1530
2024-08-26,22.0,-77.5,5130
2024-08-26,22.0,-77.0,3780
2024-08-26,22.0,-76.5,1890
2024-08-26,22.0,-76.0,90
2024-08-26,22.0,-75.5,90
2024-08-26,22.0,-75.0,360
2024-08-26,22.0,-74.5,90
2024-08-26,22.0,-73.5,270
2024-08-26,22.0,-71.0,270
2024-08-26,22.0,-70.5,180
2024-08-26,22.0,-67.5,90
2024-08-26,22.0,-67.0,90
2024-08-26,22.5,-107.5,90
2024-08-26,22.5,-106.5,360
2024-08-26,22.5,-106.0,4590
2024-08-26,22.5,-105.5,8100
2024-08-26,22.5,-105.0,3960
2024-08-26,22.5,-104.5,1440
2024-08-26,22.5,-104.0,1440
2024-08-26,22.5,-103.5,1080
2024-08-26,22.5,-103.0,1260
2024-08-26,22.5,-102.5,450
2024-08-26,22.5,-102.0,270
2024-08-26,22.5,-101.5,180
2024-08-26,22.5,-101.0,180
2024-08-26,22.5,-100.5,90
2024-08-26,22.5,-100.0,720
2024-08-26,22.5,-99.5,4590
2024-08-26,22.5,-99.0,3870
2024-08-26,22.5,-98.5,630
2024-08-26,22.5,-98.0,720
2024-08-26,22.5,-97.5,540
2024-08-26,22.5,-97.0,90
2024-08-26,22.5,-95.0,180
2024-08-26,22.5,-94.5,180
2024-08-26,22.5,-94.0,270
2024-08-26,22.5,-93.0,180
2024-08-26,22.5,-92.5,360
2024-08-26,22.5,-92.0,450
2024-08-26,22.5,-91.5,450
2024-08-26,22.5,-91.0,180
2024-08-26,22.5,-90.5,270
2024-08-26,22.5,-90.0,270
2024-08-26,22.5,-89.5,90
2024-08-26,22.5,-89.0,270
2024-08-26,22.5,-88.5,90
2024-08-26,22.5,-87.0,90
2024-08-26,22.5,-86.5,180
2024-08-26,22.5,-86.0,180
2024-08-26,22.5,-85.5,90
2024-08-26,22.5,-84.5,990
2024-08-26,22.5,-84.0,1620
2024-08-26,22.5,-83.5,3060
2024-08-26,22.5,-83.0,2520
2024-08-26,22.5,-82.5,3420
2024-08-26,22.5,-82.0,7380
2024-08-26,22.5,-81.5,2070
2024-08-26,22.5,-81.0,1350
2024-08-26,22.5,-80.5,2070
2024-08-26,22.5,-80.0,3240
2024-08-26,22.5,-79.5,990
2024-08-26,22.5,-79.0,810
2024-08-26,22.5,-78.5,900
2024-08-26,22.5,-78.0,1170
2024-08-26,22.5,-77.5,720
2024-08-26,22.5,-77.0,2700
2024-08-26,22.5,-76.5,5130
2024-08-26,22.5,-76.0,2880
2024-08-26,22.5,-75.5,1170
2024-08-26,22.5,-75.0,450
2024-08-26,22.5,-74.5,270
2024-08-26,22.5,-72.5,90
2024-08-26,22.5,-71.5,450
2024-08-26,22.5,-71.0,90
2024-08-26,22.5,-70.0,270
2024-08-26,23.0,-107.0,1440
2024-08-26,23.0,-106.5,3870
2024-08-26,23.0,-106.0,10980
2024-08-26,23.0,-105.5,3690
2024-08-26,23.0,-105.0,3600
2024-08-26,23.0,-104.5,1890
2024-08-26,23.0,-104.0,540
2024-08-26,23.0,-103.5,180
2024-08-26,23.0,-103.0,1080
2024-08-26,23.0,-102.5,540
2024-08-26,23.0,-102.0,810
2024-08-26,23.0,-101.5,540
2024-08-26,23.0,-101.0,180
2024-08-26,23.0,-100.5,630
2024-08-26,23.0,-100.0,1260
2024-08-26,23.0,-99.5,4410
2024-08-26,23.0,-99.0,3240
2024-08-26,23.0,-98.5,3060
2024-08-26,23.0,-98.0,450
2024-08-26,23.0,-97.5,360
2024-08-26,23.0,-97.0,90
2024-08-26,23.0,-96.5,180
2024-08-26,23.0,-95.5,270
2024-08-26,23.0,-95.0,90
2024-08-26,23.0,-94.5,450
2024-08-26,23.0,-94.0,630
2024-08-26,23.0,-92.5,540
2024-08-26,23.0,-92.0,270
2024-08-26,23.0,-91.5,540
2024-08-26,23.0,-91.0,540
2024-08-26,23.0,-90.5,540
2024-08-26,23.0,-90.0,270
2024-08-26,23.0,-89.5,90
2024-08-26,23.0,-89.0,450
2024-08-26,23.0,-88.5,90
2024-08-26,23.0,-88.0,90
2024-08-26,23.0,-86.5,540
2024-08-26,23.0,-86.0,540
2024-08-26,23.0,-85.0,270
2024-08-26,23.0,-84.5,1080
2024-08-26,23.0,-84.0,180
2024-08-26,23.0,-83.5,630
2024-08-26,23.0,-83.0,630
2024-08-26,23.0,-82.5,1440
2024-08-26,23.0,-82.0,1080
2024-08-26,23.0,-81.5,1260
2024-08-26,23.0,-81.0,900
2024-08-26,23.0,-80.5,450
2024-08-26,23.0,-80.0,270
2024-08-26,23.0,-79.5,360
2024-08-26,23.0,-79.0,270
2024-08-26,23.0,-78.5,450
2024-08-26,23.0,-78.0,1170
2024-08-26,23.0,-77.5,1260
2024-08-26,23.0,-77.0,720
2024-08-26,23.0,-76.5,2250
2024-08-26,23.0,-76.0,2880
2024-08-26,23.0,-75.5,990
2024-08-26,23.0,-75.0,1710
2024-08-26,23.0,-74.0,90
2024-08-26,23.0,-72.0,90
2024-08-26,23.0,-66.5,90
2024-08-26,23.0,-65.5,90
2024-08-26,23.5,-108.5,90
2024-08-26,23.5,-108.0,1890
2024-08-26,23.5,-107.5,810
2024-08-26,23.5,-107.0,2160
2024-08-26,23.5,-106.5,7830
2024-08-26,23.5,-106.0,4860
2024-08-26,23.5,-105.5,3060
2024-08-26,23.5,-105.0,900
2024-08-26,23.5,-104.5,1170
2024-08-26,23.5,-104.0,990
2024-08-26,23.5,-103.5,270
2024-08-26,23.5,-103.0,720
2024-08-26,23.5,-102.5,630
2024-08-26,23.5,-102.0,900
2024-08-26,23.5,-101.5,810
2024-08-26,23.5,-101.0,1530
2024-08-26,23.5,-100.5,900
2024-08-26,23.5,-100.0,180
2024-08-26,23.5,-99.5,3330
2024-08-26,23.5,-99.0,3780
2024-08-26,23.5,-98.5,3690
2024-08-26,23.5,-98.0,450
2024-08-26,23.5,-97.5,180
2024-08-26,23.5,-97.0,1440
2024-08-26,23.5,-96.5,630
2024-08-26,23.5,-96.0,720
2024-08-26,23.5,-95.5,180
2024-08-26,23.5,-95.0,180
2024-08-26,23.5,-94.5,360
2024-08-26,23.5,-94.0,360
2024-08-26,23.5,-93.5,360
2024-08-26,23.5,-93.0,270
2024-08-26,23.5,-92.5,180
2024-08-26,23.5,-92.0,270
2024-08-26,23.5,-91.5,540
2024-08-26,23.5,-91.0,450
2024-08-26,23.5,-90.5,360
2024-08-26,23.5,-90.0,90
2024-08-26,23.5,-89.5,90
2024-08-26,23.5,-89.0,90
2024-08-26,23.5,-87.0,90
2024-08-26,23.5,-86.5,270
2024-08-26,23.5,-86.0,450
2024-08-26,23.5,-85.0,90
2024-08-26,23.5,-84.0,180
2024-08-26,23.5,-83.5,90
2024-08-26,23.5,-83.0,180
2024-08-26,23.5,-82.5,1080
2024-08-26,23.5,-82.0,270
2024-08-26,23.5,-81.5,1620
2024-08-26,23.5,-81.0,1080
2024-08-26,23.5,-80.5,2340
2024-08-26,23.5,-80.0,1170
2024-08-26,23.5,-79.5,1260
2024-08-26,23.5,-79.0,630
2024-08-26,23.5,-78.5,720
2024-08-26,23.5,-78.0,180
2024-08-26,23.5,-77.5,2070
2024-08-26,23.5,-77.0,1800
2024-08-26,23.5,-76.5,810
2024-08-26,23.5,-76.0,1080
2024-08-26,23.5,-75.5,2070
2024-08-26,23.5,-75.0,360
2024-08-26,23.5,-74.5,90
2024-08-26,23.5,-74.0,180
2024-08-26,23.5,-73.0,90
2024-08-26,23.5,-67.0,90
2024-08-26,23.5,-65.5,270
2024-08-26,24.0,-109.0,1440
2024-08-26,24.0,-108.5,1080
2024-08-26,24.0,-108.0,990
2024-08-26,24.0,-107.5,1530
2024-08-26,24.0,-107.0,5940
2024-08-26,24.0,-106.5,6390
2024-08-26,24.0,-106.0,2070
2024-08-26,24.0,-105.5,540
2024-08-26,24.0,-105.0,360
2024-08-26,24.0,-104.5,540
2024-08-26,24.0,-104.0,360
2024-08-26,24.0,-103.5,1350
2024-08-26,24.0,-103.0,270
2024-08-26,24.0,-102.5,450
2024-08-26,24.0,-102.0,540
2024-08-26,24.0,-101.5,1350
2024-08-26,24.0,-101.0,2340
2024-08-26,24.0,-100.5,630
2024-08-26,24.0,-100.0,2070
2024-08-26,24.0,-99.5,6390
2024-08-26,24.0,-99.0,3240
2024-08-26,24.0,-98.5,1710
2024-08-26,24.0,-97.5,270
2024-08-26,24.0,-97.0,270
2024-08-26,24.0,-96.5,900
2024-08-26,24.0,-96.0,810
2024-08-26,24.0,-95.5,270
2024-08-26,24.0,-95.0,360
2024-08-26,24.0,-94.5,450
2024-08-26,24.0,-94.0,360
2024-08-26,24.0,-93.5,900
2024-08-26,24.0,-93.0,90
2024-08-26,24.0,-92.5,810
2024-08-26,24.0,-92.0,180
2024-08-26,24.0,-91.5,450
2024-08-26,24.0,-91.0,270
2024-08-26,24.0,-90.5,450
2024-08-26,24.0,-90.0,90
2024-08-26,24.0,-89.5,180
2024-08-26,24.0,-89.0,270
2024-08-26,24.0,-88.5,90
2024-08-26,24.0,-88.0,90
2024-08-26,24.0,-87.5,270
2024-08-26,24.0,-87.0,180
2024-08-26,24.0,-86.5,180
2024-08-26,24.0,-86.0,180
2024-08-26,24.0,-85.5,810
2024-08-26,24.0,-85.0,540
2024-08-26,24.0,-83.5,90
2024-08-26,24.0,-83.0,540
2024-08-26,24.0,-82.5,1350
2024-08-26,24.0,-82.0,1260
2024-08-26,24.0,-81.5,2250
2024-08-26,24.0,-81.0,2790
2024-08-26,24.0,-80.5,1080
2024-08-26,24.0,-80.0,3150
2024-08-26,24.0,-79.5,1080
2024-08-26,24.0,-79.0,1260
2024-08-26,24.0,-78.5,810
2024-08-26,24.0,-78.0,1170
2024-08-26,24.0,-77.5,2340
2024-08-26,24.0,-77.0,2070
2024-08-26,24.0,-76.5,900
2024-08-26,24.0,-76.0,630
2024-08-26,24.0,-75.5,900
2024-08-26,24.0,-75.0,900
2024-08-26,24.0,-74.5,180
2024-08-26,24.0,-74.0,180
2024-08-26,24.0,-73.5,90
2024-08-26,24.0,-72.5,90
2024-08-26,24.5,-111.5,360
2024-08-26,24.5,-111.0,90
2024-08-26,24.5,-109.0,90
2024-08-26,24.5,-108.5,2430
2024-08-26,24.5,-108.0,3870
2024-08-26,24.5,-107.5,5040
2024-08-26,24.5,-107.0,6030
2024-08-26,24.5,-106.5,7110
2024-08-26,24.5,-106.0,1170
2024-08-26,24.5,-105.5,540
2024-08-26,24.5,-105.0,540
2024-08-26,24.5,-104.0,180
2024-08-26,24.5,-103.5,540
2024-08-26,24.5,-103.0,180
2024-08-26,24.5,-102.5,720
2024-08-26,24.5,-102.0,630
2024-08-26,24.5,-101.5,630
2024-08-26,24.5,-101.0,2610
2024-08-26,24.5,-100.5,270
2024-08-26,24.5,-100.0,3060
2024-08-26,24.5,-99.5,4140
2024-08-26,24.5,-99.0,2700
2024-08-26,24.5,-98.5,1620
2024-08-26,24.5,-98.0,810
2024-08-26,24.5,-97.5,1080
2024-08-26,24.5,-97.0,630
2024-08-26,24.5,-96.0,900
2024-08-26,24.5,-95.5,720
2024-08-26,24.5,-95.0,810
2024-08-26,24.5,-94.5,270
2024-08-26,24.5,-94.0,630
2024-08-26,24.5,-93.5,360
2024-08-26,24.5,-93.0,1170
2024-08-26,24.5,-92.5,1350
2024-08-26,24.5,-92.0,540
2024-08-26,24.5,-91.5,270
2024-08-26,24.5,-91.0,540
2024-08-26,24.5,-90.5,450
2024-08-26,24.5,-90.0,180
2024-08-26,24.5,-89.5,180
2024-08-26,24.5,-89.0,360
2024-08-26,24.5,-88.5,270
2024-08-26,24.5,-88.0,90
2024-08-26,24.5,-87.5,180
2024-08-26,24.5,-87.0,360
2024-08-26,24.5,-86.5,360
2024-08-26,24.5,-86.0,360
2024-08-26,24.5,-85.5,270
2024-08-26,24.5,-85.0,2160
2024-08-26,24.5,-84.5,1080
2024-08-26,24.5,-84.0,270
2024-08-26,24.5,-83.5,630
2024-08-26,24.5,-83.0,810
2024-08-26,24.5,-82.5,1440
2024-08-26,24.5,-82.0,3330
2024-08-26,24.5,-81.5,4050
2024-08-26,24.5,-81.0,1080
2024-08-26,24.5,-80.5,540
2024-08-26,24.5,-80.0,1260
2024-08-26,24.5,-79.5,2250
2024-08-26,24.5,-79.0,900
2024-08-26,24.5,-78.5,810
2024-08-26,24.5,-78.0,2250
2024-08-26,24.5,-77.5,1440
2024-08-26,24.5,-77.0,2340
2024-08-26,24.5,-76.5,540
2024-08-26,24.5,-76.0,1440
2024-08-26,24.5,-75.5,270
2024-08-26,24.5,-74.0,180
2024-08-26,24.5,-73.5,540
2024-08-26,24.5,-73.0,2070
2024-08-26,24.5,-72.5,180
2024-08-26,24.5,-67.5,90
2024-08-26,25.0,-111.5,1170
2024-08-26,25.0,-109.5,900
2024-08-26,25.0,-109.0,450
2024-08-26,25.0,-108.5,1260
2024-08-26,25.0,-108.0,3870
2024-08-26,25.0,-107.5,4140
2024-08-26,25.0,-107.0,6570
2024-08-26,25.0,-106.5,4230
2024-08-26,25.0,-106.0,540
2024-08-26,25.0,-105.5,180
2024-08-26,25.0,-105.0,450
2024-08-26,25.0,-104.5,270
2024-08-26,25.0,-104.0,180
2024-08-26,25.0,-103.5,540
2024-08-26,25.0,-103.0,360
2024-08-26,25.0,-102.5,450
2024-08-26,25.0,-102.0,540
2024-08-26,25.0,-101.5,360
2024-08-26,25.0,-101.0,990
2024-08-26,25.0,-100.5,1170
2024-08-26,25.0,-100.0,2250
2024-08-26,25.0,-99.5,3510
2024-08-26,25.0,-99.0,3420
2024-08-26,25.0,-98.5,990
2024-08-26,25.0,-98.0,360
2024-08-26,25.0,-97.5,540
2024-08-26,25.0,-97.0,180
2024-08-26,25.0,-96.5,540
2024-08-26,25.0,-96.0,180
2024-08-26,25.0,-95.5,450
2024-08-26,25.0,-95.0,360
2024-08-26,25.0,-94.5,630
2024-08-26,25.0,-94.0,540
2024-08-26,25.0,-93.5,450
2024-08-26,25.0,-93.0,450
2024-08-26,25.0,-92.5,450
2024-08-26,25.0,-92.0,990
2024-08-26,25.0,-91.5,900
2024-08-26,25.0,-91.0,810
2024-08-26,25.0,-90.5,270
2024-08-26,25.0,-89.5,360
2024-08-26,25.0,-89.0,270
2024-08-26,25.0,-87.5,90
2024-08-26,25.0,-87.0,90
2024-08-26,25.0,-86.5,990
2024-08-26,25.0,-86.0,450
2024-08-26,25.0,-85.5,360
2024-08-26,25.0,-85.0,540
2024-08-26,25.0,-84.5,360
2024-08-26,25.0,-84.0,90
2024-08-26,25.0,-83.5,90
2024-08-26,25.0,-83.0,540
2024-08-26,25.0,-82.5,990
2024-08-26,25.0,-82.0,1530
2024-08-26,25.0,-81.5,2610
2024-08-26,25.0,-81.0,1260
2024-08-26,25.0,-80.5,1350
2024-08-26,25.0,-80.0,180
2024-08-26,25.0,-79.5,1080
2024-08-26,25.0,-79.0,810
2024-08-26,25.0,-78.5,630
2024-08-26,25.0,-78.0,270
2024-08-26,25.0,-77.5,1620
2024-08-26,25.0,-77.0,270
2024-08-26,25.0,-76.5,1260
2024-08-26,25.0,-76.0,810
2024-08-26,25.0,-75.5,90
2024-08-26,25.0,-75.0,90
2024-08-26,25.0,-74.5,360
2024-08-26,25.0,-73.5,810
2024-08-26,25.0,-73.0,1260
2024-08-26,25.0,-72.5,360
2024-08-26,25.0,-72.0,90
2024-08-26,25.0,-69.0,90
2024-08-26,25.0,-66.0,90
2024-08-26,25.5,-112.0,990
2024-08-26,25.5,-111.5,360
2024-08-26,25.5,-109.5,630
2024-08-26,25.5,-109.0,2520
2024-08-26,25.5,-108.5,5760
2024-08-26,25.5,-108.0,8010
2024-08-26,25.5,-107.5,6300
2024-08-26,25.5,-107.0,1710
2024-08-26,25.5,-106.5,1350
2024-08-26,25.5,-106.0,900
2024-08-26,25.5,-105.5,360
2024-08-26,25.5,-105.0,450
2024-08-26,25.5,-104.5,810
2024-08-26,25.5,-104.0,900
2024-08-26,25.5,-103.5,450
2024-08-26,25.5,-103.0,90
2024-08-26,25.5,-102.0,360
2024-08-26,25.5,-101.5,270
2024-08-26,25.5,-101.0,360
2024-08-26,25.5,-100.5,1080
2024-08-26,25.5,-100.0,900
2024-08-26,25.5,-99.5,1440
2024-08-26,25.5,-99.0,1080
2024-08-26,25.5,-98.5,1170
2024-08-26,25.5,-98.0,1890
2024-08-26,25.5,-97.5,990
2024-08-26,25.5,-97.0,270
2024-08-26,25.5,-96.5,450
2024-08-26,25.5,-96.0,630
2024-08-26,25.5,-95.5,1080
2024-08-26,25.5,-95.0,540
2024-08-26,25.5,-94.5,450
2024-08-26,25.5,-94.0,720
2024-08-26,25.5,-93.5,1080
2024-08-26,25.5,-93.0,1440
2024-08-26,25.5,-92.5,1080
2024-08-26,25.5,-92.0,810
2024-08-26,25.5,-91.5,990
2024-08-26,25.5,-91.0,180
2024-08-26,25.5,-90.0,720
2024-08-26,25.5,-89.5,180
2024-08-26,25.5,-88.5,90
2024-08-26,25.5,-87.0,360
2024-08-26,25.5,-85.5,180
2024-08-26,25.5,-85.0,90
2024-08-26,25.5,-84.5,90
2024-08-26,25.5,-84.0,450
2024-08-26,25.5,-83.5,270
2024-08-26,25.5,-83.0,900
2024-08-26,25.5,-82.5,1260
2024-08-26,25.5,-82.0,1890
2024-08-26,25.5,-81.5,1980
2024-08-26,25.5,-81.0,2070
2024-08-26,25.5,-80.5,2520
2024-08-26,25.5,-80.0,810
2024-08-26,25.5,-79.5,270
2024-08-26,25.5,-79.0,90
2024-08-26,25.5,-78.5,180
2024-08-26,25.5,-78.0,270
2024-08-26,25.5,-77.5,180
2024-08-26,25.5,-77.0,360
2024-08-26,25.5,-76.5,990
2024-08-26,25.5,-76.0,630
2024-08-26,25.5,-75.5,1440
2024-08-26,25.5,-75.0,90
2024-08-26,25.5,-74.0,810
2024-08-26,25.5,-73.5,90
2024-08-26,25.5,-73.0,90
2024-08-26,25.5,-72.5,90
2024-08-26,25.5,-72.0,180
2024-08-26,25.5,-71.5,270
2024-08-26,25.5,-71.0,90
2024-08-26,25.5,-70.0,90
2024-08-26,25.5,-69.0,270
2024-08-26,26.0,-112.5,360
2024-08-26,26.0,-112.0,2880
2024-08-26,26.0,-109.5,90
2024-08-26,26.0,-109.0,1350
2024-08-26,26.0,-108.5,4860
2024-08-26,26.0,-108.0,5490
2024-08-26,26.0,-107.5,6390
2024-08-26,26.0,-107.0,2970
2024-08-26,26.0,-106.5,1800
2024-08-26,26.0,-106.0,270
2024-08-26,26.0,-105.0,90
2024-08-26,26.0,-104.5,270
2024-08-26,26.0,-104.0,360
2024-08-26,26.0,-103.5,180
2024-08-26,26.0,-103.0,450
2024-08-26,26.0,-102.5,450
2024-08-26,26.0,-102.0,540
2024-08-26,26.0,-101.5,360
2024-08-26,26.0,-101.0,270
2024-08-26,26.0,-100.5,2070
2024-08-26,26.0,-100.0,1440
2024-08-26,26.0,-99.5,1440
2024-08-26,26.0,-99.0,1350
2024-08-26,26.0,-98.5,450
2024-08-26,26.0,-98.0,1080
2024-08-26,26.0,-97.5,270
2024-08-26,26.0,-97.0,270
2024-08-26,26.0,-96.0,720
2024-08-26,26.0,-95.5,810
2024-08-26,26.0,-95.0,1440
2024-08-26,26.0,-94.5,900
2024-08-26,26.0,-94.0,1530
2024-08-26,26.0,-93.5,630
2024-08-26,26.0,-93.0,180
2024-08-26,26.0,-92.5,360
2024-08-26,26.0,-92.0,1080
2024-08-26,26.0,-91.5,630
2024-08-26,26.0,-91.0,1350
2024-08-26,26.0,-90.0,180
2024-08-26,26.0,-89.0,180
2024-08-26,26.0,-87.0,180
2024-08-26,26.0,-86.5,720
2024-08-26,26.0,-86.0,630
2024-08-26,26.0,-85.5,630
2024-08-26,26.0,-85.0,90
2024-08-26,26.0,-84.0,1260
2024-08-26,26.0,-83.5,90
2024-08-26,26.0,-83.0,720
2024-08-26,26.0,-82.5,450
2024-08-26,26.0,-82.0,3150
2024-08-26,26.0,-81.5,4050
2024-08-26,26.0,-81.0,1530
2024-08-26,26.0,-80.5,3690
2024-08-26,26.0,-80.0,990
2024-08-26,26.0,-79.5,90
2024-08-26,26.0,-79.0,270
2024-08-26,26.0,-78.5,180
2024-08-26,26.0,-78.0,540
2024-08-26,26.0,-77.5,180
2024-08-26,26.0,-77.0,270
2024-08-26,26.0,-76.5,1170
2024-08-26,26.0,-75.5,450
2024-08-26,26.0,-75.0,540
2024-08-26,26.0,-74.5,180
2024-08-26,26.0,-74.0,180
2024-08-26,26.0,-73.5,450
2024-08-26,26.0,-73.0,540
2024-08-26,26.0,-72.5,90
2024-08-26,26.0,-72.0,270
2024-08-26,26.0,-71.5,90
2024-08-26,26.0,-70.5,90
2024-08-26,26.5,-112.5,1170
2024-08-26,26.5,-111.0,90
2024-08-26,26.5,-110.0,180
2024-08-26,26.5,-109.5,1350
2024-08-26,26.5,-109.0,900
2024-08-26,26.5,-108.5,4230
2024-08-26,26.5,-108.0,10170
2024-08-26,26.5,-107.5,4500
2024-08-26,26.5,-107.0,1890
2024-08-26,26.5,-106.5,450
2024-08-26,26.5,-106.0,180
2024-08-26,26.5,-105.5,360
2024-08-26,26.5,-105.0,90
2024-08-26,26.5,-104.0,360
2024-08-26,26.5,-103.5,720
2024-08-26,26.5,-103.0,90
2024-08-26,26.5,-102.5,270
2024-08-26,26.5,-101.5,540
2024-08-26,26.5,-101.0,1800
2024-08-26,26.5,-100.5,2160
2024-08-26,26.5,-100.0,270
2024-08-26,26.5,-99.5,270
2024-08-26,26.5,-99.0,2520
2024-08-26,26.5,-98.5,1350
2024-08-26,26.5,-98.0,1530
2024-08-26,26.5,-97.0,90
2024-08-26,26.5,-96.5,90
2024-08-26,26.5,-96.0,1170
2024-08-26,26.5,-95.5,1170
2024-08-26,26.5,-95.0,1710
2024-08-26,26.5,-94.5,1080
2024-08-26,26.5,-94.0,1080
2024-08-26,26.5,-93.5,1170
2024-08-26,26.5,-93.0,1620
2024-08-26,26.5,-92.5,810
2024-08-26,26.5,-92.0,1350
2024-08-26,26.5,-91.5,810
2024-08-26,26.5,-91.0,720
2024-08-26,26.5,-90.5,540
2024-08-26,26.5,-90.0,90
2024-08-26,26.5,-89.5,720
2024-08-26,26.5,-89.0,270
2024-08-26,26.5,-88.5,90
2024-08-26,26.5,-88.0,90
2024-08-26,26.5,-87.0,90
2024-08-26,26.5,-86.5,270
2024-08-26,26.5,-86.0,360
2024-08-26,26.5,-85.5,180
2024-08-26,26.5,-85.0,450
2024-08-26,26.5,-84.5,630
2024-08-26,26.5,-84.0,810
2024-08-26,26.5,-83.5,270
2024-08-26,26.5,-83.0,360
2024-08-26,26.5,-82.5,4590
2024-08-26,26.5,-82.0,3420
2024-08-26,26.5,-81.5,1440
2024-08-26,26.5,-81.0,4230
2024-08-26,26.5,-80.5,630
2024-08-26,26.5,-80.0,720
2024-08-26,26.5,-79.5,1620
2024-08-26,26.5,-79.0,1530
2024-08-26,26.5,-78.5,1890
2024-08-26,26.5,-78.0,720
2024-08-26,26.5,-77.5,90
2024-08-26,26.5,-77.0,450
2024-08-26,26.5,-76.5,180
2024-08-26,26.5,-76.0,900
2024-08-26,26.5,-75.5,810
2024-08-26,26.5,-75.0,360
2024-08-26,26.5,-74.5,180
2024-08-26,26.5,-74.0,90
2024-08-26,26.5,-73.5,180
2024-08-26,26.5,-73.0,540
2024-08-26,26.5,-72.5,990
2024-08-26,26.5,-72.0,90
2024-08-26,27.0,-113.0,90
2024-08-26,27.0,-112.5,180
2024-08-26,27.0,-111.5,90
2024-08-26,27.0,-111.0,1170
2024-08-26,27.0,-110.5,720
2024-08-26,27.0,-110.0,1980
2024-08-26,27.0,-109.5,3330
2024-08-26,27.0,-109.0,2880
2024-08-26,27.0,-108.5,5490
2024-08-26,27.0,-108.0,5940
2024-08-26,27.0,-107.5,1350
2024-08-26,27.0,-107.0,900
2024-08-26,27.0,-106.5,1080
2024-08-26,27.0,-106.0,360
2024-08-26,27.0,-105.5,810
2024-08-26,27.0,-105.0,90
2024-08-26,27.0,-104.5,90
2024-08-26,27.0,-104.0,180
2024-08-26,27.0,-103.5,810
2024-08-26,27.0,-103.0,540
2024-08-26,27.0,-102.5,540
2024-08-26,27.0,-102.0,540
2024-08-26,27.0,-101.5,630
2024-08-26,27.0,-101.0,1080
2024-08-26,27.0,-100.5,1890
2024-08-26,27.0,-100.0,2790
2024-08-26,27.0,-99.5,1170
2024-08-26,27.0,-99.0,990
2024-08-26,27.0,-98.5,990
2024-08-26,27.0,-98.0,1890
2024-08-26,27.0,-97.5,450
2024-08-26,27.0,-97.0,540
2024-08-26,27.0,-96.5,900
2024-08-26,27.0,-96.0,1350
2024-08-26,27.0,-95.5,2160
2024-08-26,27.0,-95.0,1980
2024-08-26,27.0,-94.5,630
2024-08-26,27.0,-94.0,1170
2024-08-26,27.0,-93.5,720
2024-08-26,27.0,-93.0,900
2024-08-26,27.0,-92.5,1080
2024-08-26,27.0,-92.0,360
2024-08-26,27.0,-91.5,720
2024-08-26,27.0,-91.0,450
2024-08-26,27.0,-90.5,630
2024-08-26,27.0,-90.0,1260
2024-08-26,27.0,-89.5,990
2024-08-26,27.0,-88.5,540
2024-08-26,27.0,-88.0,270
2024-08-26,27.0,-87.0,180
2024-08-26,27.0,-86.0,270
2024-08-26,27.0,-85.5,720
2024-08-26,27.0,-85.0,180
2024-08-26,27.0,-84.5,1080
2024-08-26,27.0,-84.0,990
2024-08-26,27.0,-83.5,270
2024-08-26,27.0,-83.0,4320
2024-08-26,27.0,-82.5,4590
2024-08-26,27.0,-82.0,3240
2024-08-26,27.0,-81.5,2070
2024-08-26,27.0,-81.0,2610
2024-08-26,27.0,-80.5,1350
2024-08-26,27.0,-80.0,180
2024-08-26,27.0,-79.5,720
2024-08-26,27.0,-79.0,630
2024-08-26,27.0,-78.0,360
2024-08-26,27.0,-77.5,540
2024-08-26,27.0,-77.0,270
2024-08-26,27.0,-76.5,180
2024-08-26,27.0,-76.0,180
2024-08-26,27.0,-75.5,90
2024-08-26,27.0,-75.0,90
2024-08-26,27.0,-73.5,180
2024-08-26,27.0,-73.0,270
2024-08-26,27.0,-72.5,360
2024-08-26,27.0,-72.0,270
2024-08-26,27.0,-71.5,270
2024-08-26,27.5,-110.5,2340
2024-08-26,27.5,-110.0,5580
2024-08-26,27.5,-109.5,3240
2024-08-26,27.5,-109.0,2340
2024-08-26,27.5,-108.5,4410
2024-08-26,27.5,-108.0,3870
2024-08-26,27.5,-107.5,1260
2024-08-26,27.5,-107.0,360
2024-08-26,27.5,-106.5,1710
2024-08-26,27.5,-106.0,1440
2024-08-26,27.5,-105.5,270
2024-08-26,27.5,-105.0,270
2024-08-26,27.5,-104.5,180
2024-08-26,27.5,-104.0,900
2024-08-26,27.5,-103.5,90
2024-08-26,27.5,-103.0,360
2024-08-26,27.5,-102.5,720
2024-08-26,27.5,-102.0,1980
2024-08-26,27.5,-101.5,720
2024-08-26,27.5,-101.0,630
2024-08-26,27.5,-100.5,1260
2024-08-26,27.5,-100.0,540
2024-08-26,27.5,-99.5,540
2024-08-26,27.5,-98.5,1080
2024-08-26,27.5,-98.0,1080
2024-08-26,27.5,-97.5,630
2024-08-26,27.5,-97.0,180
2024-08-26,27.5,-96.5,1620
2024-08-26,27.5,-96.0,1170
2024-08-26,27.5,-95.5,990
2024-08-26,27.5,-95.0,1260
2024-08-26,27.5,-94.5,1620
2024-08-26,27.5,-94.0,450
2024-08-26,27.5,-93.5,1800
2024-08-26,27.5,-93.0,360
2024-08-26,27.5,-92.5,900
2024-08-26,27.5,-92.0,450
2024-08-26,27.5,-91.5,810
2024-08-26,27.5,-91.0,180
2024-08-26,27.5,-90.5,900
2024-08-26,27.5,-90.0,180
2024-08-26,27.5,-89.5,720
2024-08-26,27.5,-89.0,360
2024-08-26,27.5,-88.5,360
2024-08-26,27.5,-88.0,1170
2024-08-26,27.5,-87.5,1350
2024-08-26,27.5,-87.0,630
2024-08-26,27.5,-86.5,90
2024-08-26,27.5,-86.0,180
2024-08-26,27.5,-85.5,360
2024-08-26,27.5,-85.0,90
2024-08-26,27.5,-84.5,450
2024-08-26,27.5,-84.0,180
2024-08-26,27.5,-83.5,630
2024-08-26,27.5,-83.0,7920
2024-08-26,27.5,-82.5,2610
2024-08-26,27.5,-82.0,2700
2024-08-26,27.5,-81.5,1440
2024-08-26,27.5,-81.0,450
2024-08-26,27.5,-80.5,360
2024-08-26,27.5,-80.0,1080
2024-08-26,27.5,-79.5,90
2024-08-26,27.5,-79.0,270
2024-08-26,27.5,-78.0,810
2024-08-26,27.5,-77.5,540
2024-08-26,27.5,-76.0,180
2024-08-26,27.5,-75.5,180
2024-08-26,27.5,-75.0,180
2024-08-26,27.5,-74.5,90
2024-08-26,27.5,-74.0,180
2024-08-26,27.5,-73.0,270
2024-08-26,27.5,-72.5,180
2024-08-26,27.5,-71.5,270
2024-08-26,28.0,-111.5,450
2024-08-26,28.0,-111.0,3330
2024-08-26,28.0,-110.5,4410
2024-08-26,28.0,-110.0,2250
2024-08-26,28.0,-109.5,2610
2024-08-26,28.0,-109.0,4050
2024-08-26,28.0,-108.5,3060
2024-08-26,28.0,-108.0,2430
2024-08-26,28.0,-107.5,1080
2024-08-26,28.0,-107.0,360
2024-08-26,28.0,-106.5,1260
2024-08-26,28.0,-106.0,270
2024-08-26,28.0,-105.5,180
2024-08-26,28.0,-104.5,450
2024-08-26,28.0,-104.0,810
2024-08-26,28.0,-103.5,540
2024-08-26,28.0,-103.0,450
2024-08-26,28.0,-102.5,540
2024-08-26,28.0,-102.0,2250
2024-08-26,28.0,-101.5,1890
2024-08-26,28.0,-101.0,630
2024-08-26,28.0,-100.5,5130
2024-08-26,28.0,-100.0,1170
2024-08-26,28.0,-99.5,360
2024-08-26,28.0,-99.0,270
2024-08-26,28.0,-98.5,720
2024-08-26,28.0,-98.0,1080
2024-08-26,28.0,-97.5,1170
2024-08-26,28.0,-97.0,630
2024-08-26,28.0,-96.5,720
2024-08-26,28.0,-96.0,1170
2024-08-26,28.0,-95.5,360
2024-08-26,28.0,-95.0,2520
2024-08-26,28.0,-94.5,2070
2024-08-26,28.0,-94.0,540
2024-08-26,28.0,-93.5,1170
2024-08-26,28.0,-93.0,900
2024-08-26,28.0,-92.5,630
2024-08-26,28.0,-92.0,1620
2024-08-26,28.0,-91.5,630
2024-08-26,28.0,-91.0,540
2024-08-26,28.0,-90.5,360
2024-08-26,28.0,-90.0,270
2024-08-26,28.0,-89.5,630
2024-08-26,28.0,-89.0,630
2024-08-26,28.0,-88.5,450
2024-08-26,28.0,-88.0,900
2024-08-26,28.0,-87.5,2070
2024-08-26,28.0,-87.0,360
2024-08-26,28.0,-86.5,180
2024-08-26,28.0,-86.0,450
2024-08-26,28.0,-85.5,180
2024-08-26,28.0,-85.0,630
2024-08-26,28.0,-84.5,90
2024-08-26,28.0,-83.5,810
2024-08-26,28.0,-83.0,6480
2024-08-26,28.0,-82.5,2790
2024-08-26,28.0,-82.0,2340
2024-08-26,28.0,-81.5,2160
2024-08-26,28.0,-81.0,720
2024-08-26,28.0,-80.5,360
2024-08-26,28.0,-80.0,1080
2024-08-26,28.0,-78.5,180
2024-08-26,28.0,-77.5,360
2024-08-26,28.0,-76.0,360
2024-08-26,28.0,-75.0,450
2024-08-26,28.0,-74.5,270
2024-08-26,28.0,-74.0,360
2024-08-26,28.0,-73.0,450
2024-08-26,28.0,-72.0,90
2024-08-26,28.0,-71.5,90
2024-08-26,28.0,-71.0,90
2024-08-26,28.5,-111.5,540
2024-08-26,28.5,-111.0,2250
2024-08-26,28.5,-110.5,2790
2024-08-26,28.5,-110.0,5490
2024-08-26,28.5,-109.5,3150
2024-08-26,28.5,-109.0,1800
2024-08-26,28.5,-108.5,1980
2024-08-26,28.5,-108.0,1350
2024-08-26,28.5,-107.5,1890
2024-08-26,28.5,-107.0,1440
2024-08-26,28.5,-106.5,1710
2024-08-26,28.5,-106.0,360
2024-08-26,28.5,-105.5,450
2024-08-26,28.5,-105.0,180
2024-08-26,28.5,-104.5,810
2024-08-26,28.5,-104.0,540
2024-08-26,28.5,-103.5,540
2024-08-26,28.5,-103.0,540
2024-08-26,28.5,-102.5,1440
2024-08-26,28.5,-102.0,1440
2024-08-26,28.5,-101.5,630
2024-08-26,28.5,-101.0,2250
2024-08-26,28.5,-100.5,540
2024-08-26,28.5,-100.0,2250
2024-08-26,28.5,-99.5,90
2024-08-26,28.5,-99.0,810
2024-08-26,28.5,-98.5,2250
2024-08-26,28.5,-98.0,810
2024-08-26,28.5,-97.5,1530
2024-08-26,28.5,-97.0,720
2024-08-26,28.5,-96.5,180
2024-08-26,28.5,-96.0,1800
2024-08-26,28.5,-95.5,2430
2024-08-26,28.5,-95.0,1530
2024-08-26,28.5,-94.5,1530
2024-08-26,28.5,-94.0,1530
2024-08-26,28.5,-93.5,1620
2024-08-26,28.5,-93.0,810
2024-08-26,28.5,-92.5,1530
2024-08-26,28.5,-92.0,720
2024-08-26,28.5,-91.5,990
2024-08-26,28.5,-91.0,2070
2024-08-26,28.5,-90.5,360
2024-08-26,28.5,-90.0,1170
2024-08-26,28.5,-89.5,810
2024-08-26,28.5,-89.0,1080
2024-08-26,28.5,-88.5,810
2024-08-26,28.5,-88.0,360
2024-08-26,28.5,-87.5,270
2024-08-26,28.5,-87.0,360
2024-08-26,28.5,-86.5,90
2024-08-26,28.5,-86.0,270
2024-08-26,28.5,-85.0,360
2024-08-26,28.5,-84.0,450
2024-08-26,28.5,-83.5,1800
2024-08-26,28.5,-83.0,4950
2024-08-26,28.5,-82.5,1440
2024-08-26,28.5,-82.0,1530
2024-08-26,28.5,-81.5,2880
2024-08-26,28.5,-81.0,180
2024-08-26,28.5,-80.5,90
2024-08-26,28.5,-79.0,90
2024-08-26,28.5,-77.5,90
2024-08-26,28.5,-77.0,90
2024-08-26,28.5,-76.5,270
2024-08-26,28.5,-76.0,360
2024-08-26,28.5,-75.5,90
2024-08-26,28.5,-73.0,90
2024-08-26,28.5,-72.0,180
2024-08-26,28.5,-71.5,450
2024-08-26,28.5,-71.0,540
2024-08-26,28.5,-70.5,360
2024-08-26,28.5,-69.0,90
2024-08-26,29.0,-112.0,990
2024-08-26,29.0,-111.5,2700
2024-08-26,29.0,-111.0,2790
2024-08-26,29.0,-110.5,2880
2024-08-26,29.0,-110.0,3780
2024-08-26,29.0,-109.5,5040
2024-08-26,29.0,-109.0,3060
2024-08-26,29.0,-108.5,2430
2024-08-26,29.0,-108.0,180
2024-08-26,29.0,-107.5,630
2024-08-26,29.0,-107.0,1980
2024-08-26,29.0,-106.5,900
2024-08-26,29.0,-106.0,180
2024-08-26,29.0,-105.5,360
2024-08-26,29.0,-105.0,90
2024-08-26,29.0,-104.0,270
2024-08-26,29.0,-103.5,270
2024-08-26,29.0,-103.0,720
2024-08-26,29.0,-102.5,540
2024-08-26,29.0,-102.0,270
2024-08-26,29.0,-101.5,900
2024-08-26,29.0,-101.0,630
2024-08-26,29.0,-100.5,990
2024-08-26,29.0,-100.0,450
2024-08-26,29.0,-99.5,990
2024-08-26,29.0,-99.0,1260
2024-08-26,29.0,-98.5,1260
2024-08-26,29.0,-98.0,1260
2024-08-26,29.0,-97.5,720
2024-08-26,29.0,-97.0,1080
2024-08-26,29.0,-96.5,1080
2024-08-26,29.0,-96.0,1890
2024-08-26,29.0,-95.5,900
2024-08-26,29.0,-95.0,1800
2024-08-26,29.0,-94.5,1620
2024-08-26,29.0,-94.0,1980
2024-08-26,29.0,-93.5,1620
2024-08-26,29.0,-93.0,1170
2024-08-26,29.0,-92.5,630
2024-08-26,29.0,-92.0,450
2024-08-26,29.0,-91.5,360
2024-08-26,29.0,-91.0,450
2024-08-26,29.0,-90.5,90
2024-08-26,29.0,-90.0,270
2024-08-26,29.0,-89.5,900
2024-08-26,29.0,-89.0,1530
2024-08-26,29.0,-88.5,720
2024-08-26,29.0,-88.0,540
2024-08-26,29.0,-87.5,90
2024-08-26,29.0,-87.0,180
2024-08-26,29.0,-86.5,270
2024-08-26,29.0,-86.0,270
2024-08-26,29.0,-85.5,540
2024-08-26,29.0,-85.0,720
2024-08-26,29.0,-84.0,540
2024-08-26,29.0,-83.5,1800
2024-08-26,29.0,-83.0,5490
2024-08-26,29.0,-82.5,1260
2024-08-26,29.0,-82.0,1530
2024-08-26,29.0,-81.5,450
2024-08-26,29.0,-80.5,270
2024-08-26,29.0,-80.0,90
2024-08-26,29.0,-76.5,180
2024-08-26,29.0,-73.0,360
2024-08-26,29.0,-72.5,540
2024-08-26,29.0,-72.0,270
2024-08-26,29.0,-71.5,720
2024-08-26,29.0,-71.0,180
2024-08-26,29.0,-70.5,360
2024-08-26,29.0,-69.5,90
2024-08-26,29.0,-69.0,360
2024-08-26,29.0,-68.5,90
2024-08-26,29.5,-112.5,1260
2024-08-26,29.5,-112.0,5130
2024-08-26,29.5,-111.5,1980
2024-08-26,29.5,-111.0,1980
2024-08-26,29.5,-110.5,1530
2024-08-26,29.5,-110.0,2520
2024-08-26,29.5,-109.5,3060
2024-08-26,29.5,-109.0,2520
2024-08-26,29.5,-108.5,1980
2024-08-26,29.5,-108.0,1710
2024-08-26,29.5,-107.5,900
2024-08-26,29.5,-107.0,1890
2024-08-26,29.5,-106.5,180
2024-08-26,29.5,-106.0,180
2024-08-26,29.5,-105.5,720
2024-08-26,29.5,-105.0,270
2024-08-26,29.5,-104.5,270
2024-08-26,29.5,-104.0,180
2024-08-26,29.5,-103.5,1260
2024-08-26,29.5,-103.0,270
2024-08-26,29.5,-102.5,540
2024-08-26,29.5,-102.0,990
2024-08-26,29.5,-101.5,540
2024-08-26,29.5,-101.0,270
2024-08-26,29.5,-100.5,180
2024-08-26,29.5,-100.0,540
2024-08-26,29.5,-99.5,990
2024-08-26,29.5,-99.0,900
2024-08-26,29.5,-98.5,540
2024-08-26,29.5,-98.0,360
2024-08-26,29.5,-97.5,1980
2024-08-26,29.5,-97.0,1350
2024-08-26,29.5,-96.5,1170
2024-08-26,29.5,-96.0,1800
2024-08-26,29.5,-95.5,1350
2024-08-26,29.5,-95.0,1080
2024-08-26,29.5,-94.5,2070
2024-08-26,29.5,-94.0,2700
2024-08-26,29.5,-93.5,1080
2024-08-26,29.5,-93.0,360
2024-08-26,29.5,-92.5,2070
2024-08-26,29.5,-92.0,1530
2024-08-26,29.5,-91.5,2070
2024-08-26,29.5,-91.0,720
2024-08-26,29.5,-90.5,1260
2024-08-26,29.5,-90.0,1170
2024-08-26,29.5,-89.5,630
2024-08-26,29.5,-89.0,1440
2024-08-26,29.5,-88.5,810
2024-08-26,29.5,-88.0,270
2024-08-26,29.5,-87.5,270
2024-08-26,29.5,-87.0,90
2024-08-26,29.5,-86.5,270
2024-08-26,29.5,-86.0,180
2024-08-26,29.5,-85.5,2880
2024-08-26,29.5,-85.0,1710
2024-08-26,29.5,-84.5,1530
2024-08-26,29.5,-84.0,810
2024-08-26,29.5,-83.5,3690
2024-08-26,29.5,-83.0,2700
2024-08-26,29.5,-82.5,1620
2024-08-26,29.5,-82.0,630
2024-08-26,29.5,-81.5,270
2024-08-26,29.5,-81.0,90
2024-08-26,29.5,-73.5,360
2024-08-26,29.5,-73.0,90
2024-08-26,29.5,-71.5,90
2024-08-26,29.5,-71.0,90
2024-08-26,29.5,-69.5,90
2024-08-26,29.5,-69.0,270
2024-08-26,29.5,-68.5,90
2024-08-26,30.0,-112.5,2790
2024-08-26,30.0,-112.0,2790
2024-08-26,30.0,-111.5,1620
2024-08-26,30.0,-111.0,720
2024-08-26,30.0,-110.5,1890
2024-08-26,30.0,-110.0,2790
2024-08-26,30.0,-109.5,1620
2024-08-26,30.0,-109.0,2520
2024-08-26,30.0,-108.5,990
2024-08-26,30.0,-108.0,2970
2024-08-26,30.0,-107.5,1530
2024-08-26,30.0,-107.0,990
2024-08-26,30.0,-106.5,630
2024-08-26,30.0,-106.0,720
2024-08-26,30.0,-105.5,720
2024-08-26,30.0,-105.0,720
2024-08-26,30.0,-104.5,540
2024-08-26,30.0,-104.0,90
2024-08-26,30.0,-103.5,1620
2024-08-26,30.0,-103.0,450
2024-08-26,30.0,-102.5,720
2024-08-26,30.0,-102.0,540
2024-08-26,30.0,-101.5,900
2024-08-26,30.0,-100.0,90
2024-08-26,30.0,-99.5,450
2024-08-26,30.0,-99.0,810
2024-08-26,30.0,-98.5,270
2024-08-26,30.0,-98.0,450
2024-08-26,30.0,-97.5,1170
2024-08-26,30.0,-97.0,2520
2024-08-26,30.0,-96.5,630
2024-08-26,30.0,-96.0,4050
2024-08-26,30.0,-95.5,810
2024-08-26,30.0,-95.0,1260
2024-08-26,30.0,-94.5,2880
2024-08-26,30.0,-94.0,630
2024-08-26,30.0,-93.5,900
2024-08-26,30.0,-93.0,450
2024-08-26,30.0,-92.5,1080
2024-08-26,30.0,-92.0,1170
2024-08-26,30.0,-91.5,270
2024-08-26,30.0,-91.0,1170
2024-08-26,30.0,-90.5,1170
2024-08-26,30.0,-90.0,90
2024-08-26,30.0,-89.5,1530
2024-08-26,30.0,-89.0,1710
2024-08-26,30.0,-88.5,810
2024-08-26,30.0,-88.0,360
2024-08-26,30.0,-87.5,180
2024-08-26,30.0,-87.0,180
2024-08-26,30.0,-86.5,990
2024-08-26,30.0,-86.0,2160
2024-08-26,30.0,-85.5,540
2024-08-26,30.0,-85.0,810
2024-08-26,30.0,-84.5,810
2024-08-26,30.0,-84.0,1980
2024-08-26,30.0,-83.5,1890
2024-08-26,30.0,-83.0,1980
2024-08-26,30.0,-82.5,360
2024-08-26,30.0,-82.0,270
2024-08-26,30.0,-80.5,270
2024-08-26,30.0,-80.0,270
2024-08-26,30.0,-76.5,90
2024-08-26,30.0,-76.0,180
2024-08-26,30.0,-74.5,90
2024-08-26,30.0,-71.0,90
2024-08-26,30.0,-70.5,90
2024-08-26,30.0,-69.5,90
2024-08-26,30.0,-69.0,90
2024-08-26,30.5,-112.5,810
2024-08-26,30.5,-112.0,4140
2024-08-26,30.5,-111.5,1260
2024-08-26,30.5,-111.0,2160
2024-08-26,30.5,-110.5,1890
2024-08-26,30.5,-110.0,2250
2024-08-26,30.5,-109.5,1530
2024-08-26,30.5,-109.0,900
2024-08-26,30.5,-108.5,990
2024-08-26,30.5,-108.0,2250
2024-08-26,30.5,-107.5,1620
2024-08-26,30.5,-107.0,1710
2024-08-26,30.5,-106.5,720
2024-08-26,30.5,-106.0,1080
2024-08-26,30.5,-105.5,180
2024-08-26,30.5,-105.0,90
2024-08-26,30.5,-104.5,270
2024-08-26,30.5,-104.0,450
2024-08-26,30.5,-103.5,630
2024-08-26,30.5,-103.0,270
2024-08-26,30.5,-102.5,720
2024-08-26,30.5,-102.0,450
2024-08-26,30.5,-101.5,540
2024-08-26,30.5,-101.0,180
2024-08-26,30.5,-100.5,90
2024-08-26,30.5,-100.0,450
2024-08-26,30.5,-99.0,540
2024-08-26,30.5,-98.5,450
2024-08-26,30.5,-98.0,900
2024-08-26,30.5,-97.5,450
2024-08-26,30.5,-97.0,270
2024-08-26,30.5,-96.5,2250
2024-08-26,30.5,-96.0,3960
2024-08-26,30.5,-95.5,450
2024-08-26,30.5,-95.0,720
2024-08-26,30.5,-94.5,360
2024-08-26,30.5,-94.0,1890
2024-08-26,30.5,-93.5,180
2024-08-26,30.5,-93.0,1080
2024-08-26,30.5,-92.5,2160
2024-08-26,30.5,-92.0,720
2024-08-26,30.5,-91.5,1710
2024-08-26,30.5,-91.0,2250
2024-08-26,30.5,-90.5,630
2024-08-26,30.5,-90.0,180
2024-08-26,30.5,-89.5,360
2024-08-26,30.5,-89.0,810
2024-08-26,30.5,-88.5,1260
2024-08-26,30.5,-88.0,1980
2024-08-26,30.5,-87.5,2340
2024-08-26,30.5,-87.0,630
2024-08-26,30.5,-86.5,1350
2024-08-26,30.5,-86.0,1080
2024-08-26,30.5,-85.5,990
2024-08-26,30.5,-85.0,90
2024-08-26,30.5,-84.5,180
2024-08-26,30.5,-84.0,1260
2024-08-26,30.5,-83.5,540
2024-08-26,30.5,-83.0,90
2024-08-26,30.5,-82.5,540
2024-08-26,30.5,-80.0,180
2024-08-26,30.5,-74.0,90
2024-08-26,30.5,-73.5,180
2024-08-26,30.5,-73.0,90
2024-08-26,30.5,-71.0,90
2024-08-26,30.5,-70.5,90
2024-08-26,30.5,-68.5,90
2024-08-26,31.0,-115.5,810
2024-08-26,31.0,-113.0,90
2024-08-26,31.0,-112.5,2070
2024-08-26,31.0,-112.0,1890
2024-08-26,31.0,-111.5,1620
2024-08-26,31.0,-111.0,1260
2024-08-26,31.0,-110.5,810
2024-08-26,31.0,-110.0,360
2024-08-26,31.0,-109.5,720
2024-08-26,31.0,-109.0,540
2024-08-26,31.0,-108.5,720
2024-08-26,31.0,-108.0,360
2024-08-26,31.0,-107.5,810
2024-08-26,31.0,-107.0,1260
2024-08-26,31.0,-106.5,810
2024-08-26,31.0,-106.0,540
2024-08-26,31.0,-105.0,90
2024-08-26,31.0,-104.5,360
2024-08-26,31.0,-104.0,450
2024-08-26,31.0,-103.5,900
2024-08-26,31.0,-103.0,270
2024-08-26,31.0,-102.5,360
2024-08-26,31.0,-102.0,270
2024-08-26,31.0,-101.5,90
2024-08-26,31.0,-101.0,90
2024-08-26,31.0,-100.5,270
2024-08-26,31.0,-100.0,90
2024-08-26,31.0,-98.5,450
2024-08-26,31.0,-98.0,540
2024-08-26,31.0,-97.5,180
2024-08-26,31.0,-97.0,180
2024-08-26,31.0,-96.5,180
2024-08-26,31.0,-96.0,1620
2024-08-26,31.0,-95.5,2970
2024-08-26,31.0,-95.0,450
2024-08-26,31.0,-94.5,450
2024-08-26,31.0,-94.0,900
2024-08-26,31.0,-93.5,1080
2024-08-26,31.0,-93.0,180
2024-08-26,31.0,-92.5,1440
2024-08-26,31.0,-92.0,720
2024-08-26,31.0,-91.5,1710
2024-08-26,31.0,-91.0,540
2024-08-26,31.0,-90.5,360
2024-08-26,31.0,-90.0,630
2024-08-26,31.0,-89.5,360
2024-08-26,31.0,-89.0,1260
2024-08-26,31.0,-88.5,1620
2024-08-26,31.0,-88.0,2070
2024-08-26,31.0,-87.5,270
2024-08-26,31.0,-87.0,1080
2024-08-26,31.0,-86.5,2250
2024-08-26,31.0,-86.0,360
2024-08-26,31.0,-85.5,90
2024-08-26,31.0,-84.5,450
2024-08-26,31.0,-82.0,90
2024-08-26,31.0,-80.5,180
2024-08-26,31.0,-80.0,180
2024-08-26,31.0,-73.0,90
2024-08-26,31.0,-72.5,90
2024-08-26,31.5,-113.0,90
2024-08-26,31.5,-112.5,1080
2024-08-26,31.5,-112.0,630
2024-08-26,31.5,-111.5,540
2024-08-26,31.5,-111.0,360
2024-08-26,31.5,-110.5,180
2024-08-26,31.5,-110.0,450
2024-08-26,31.5,-109.5,630
2024-08-26,31.5,-109.0,1080
2024-08-26,31.5,-108.5,810
2024-08-26,31.5,-108.0,900
2024-08-26,31.5,-107.5,1350
2024-08-26,31.5,-107.0,720
2024-08-26,31.5,-106.5,450
2024-08-26,31.5,-106.0,90
2024-08-26,31.5,-105.5,90
2024-08-26,31.5,-105.0,90
2024-08-26,31.5,-104.5,90
2024-08-26,31.5,-103.5,450
2024-08-26,31.5,-103.0,1440
2024-08-26,31.5,-102.5,720
2024-08-26,31.5,-102.0,90
2024-08-26,31.5,-101.5,90
2024-08-26,31.5,-101.0,180
2024-08-26,31.5,-100.5,180
2024-08-26,31.5,-100.0,450
2024-08-26,31.5,-99.0,180
2024-08-26,31.5,-98.5,90
2024-08-26,31.5,-98.0,540
2024-08-26,31.5,-97.5,450
2024-08-26,31.5,-96.5,180
2024-08-26,31.5,-96.0,1800
2024-08-26,31.5,-95.5,1530
2024-08-26,31.5,-95.0,1530
2024-08-26,31.5,-94.5,1440
2024-08-26,31.5,-94.0,360
2024-08-26,31.5,-93.5,450
2024-08-26,31.5,-93.0,180
2024-08-26,31.5,-92.5,540
2024-08-26,31.5,-91.5,1350
2024-08-26,31.5,-91.0,810
2024-08-26,31.5,-90.5,540
2024-08-26,31.5,-90.0,1080
2024-08-26,31.5,-89.5,2340
2024-08-26,31.5,-89.0,1260
2024-08-26,31.5,-88.5,1260
2024-08-26,31.5,-88.0,270
2024-08-26,31.5,-87.5,90
2024-08-26,31.5,-87.0,540
2024-08-26,31.5,-86.5,630
2024-08-26,31.5,-86.0,450
2024-08-26,31.5,-85.5,360
2024-08-26,31.5,-84.5,90
2024-08-26,31.5,-79.5,360
2024-08-26,31.5,-79.0,90
2024-08-26,31.5,-78.5,90
2024-08-26,31.5,-75.5,180
2024-08-26,31.5,-71.5,180
2024-08-26,32.0,-113.0,360
2024-08-26,32.0,-112.5,450
2024-08-26,32.0,-112.0,720
2024-08-26,32.0,-111.5,810
2024-08-26,32.0,-111.0,630
2024-08-26,32.0,-110.5,990
2024-08-26,32.0,-110.0,360
2024-08-26,32.0,-109.5,540
2024-08-26,32.0,-109.0,180
2024-08-26,32.0,-108.5,540
2024-08-26,32.0,-108.0,1080
2024-08-26,32.0,-107.5,360
2024-08-26,32.0,-107.0,450
2024-08-26,32.0,-106.5,450
2024-08-26,32.0,-106.0,90
2024-08-26,32.0,-104.5,270
2024-08-26,32.0,-103.5,360
2024-08-26,32.0,-103.0,540
2024-08-26,32.0,-102.5,270
2024-08-26,32.0,-102.0,630
2024-08-26,32.0,-101.5,630
2024-08-26,32.0,-101.0,540
2024-08-26,32.0,-100.5,180
2024-08-26,32.0,-100.0,360
2024-08-26,32.0,-99.5,630
2024-08-26,32.0,-99.0,90
2024-08-26,32.0,-98.5,360
2024-08-26,32.0,-98.0,180
2024-08-26,32.0,-97.5,450
2024-08-26,32.0,-96.0,1080
2024-08-26,32.0,-95.5,1260
2024-08-26,32.0,-95.0,1530
2024-08-26,32.0,-94.5,900
2024-08-26,32.0,-94.0,630
2024-08-26,32.0,-93.5,360
2024-08-26,32.0,-93.0,630
2024-08-26,32.0,-92.5,1620
2024-08-26,32.0,-92.0,90
2024-08-26,32.0,-91.5,270
2024-08-26,32.0,-91.0,1170
2024-08-26,32.0,-90.5,1170
2024-08-26,32.0,-90.0,630
2024-08-26,32.0,-89.5,1530
2024-08-26,32.0,-89.0,540
2024-08-26,32.0,-88.5,540
2024-08-26,32.0,-87.5,990
2024-08-26,32.0,-87.0,720
2024-08-26,32.0,-86.5,2610
2024-08-26,32.0,-85.5,270
2024-08-26,32.0,-85.0,450
2024-08-26,32.0,-84.5,720
2024-08-26,32.0,-84.0,540
2024-08-26,32.0,-83.5,90
2024-08-26,32.0,-79.0,90
2024-08-26,32.0,-77.0,90
2024-08-26,32.0,-76.0,90
2024-08-26,32.0,-73.5,90
2024-08-26,32.0,-72.5,270
2024-08-26,32.0,-71.5,90
2024-08-26,32.0,-70.5,90
2024-08-26,32.0,-68.0,90
2024-08-26,32.0,-66.5,360
2024-08-26,32.0,-65.5,90
2024-08-26,32.5,-116.0,540
2024-08-26,32.5,-112.5,270
2024-08-26,32.5,-112.0,90
2024-08-26,32.5,-111.5,360
2024-08-26,32.5,-111.0,270
2024-08-26,32.5,-110.5,630
2024-08-26,32.5,-110.0,900
2024-08-26,32.5,-109.5,1170
2024-08-26,32.5,-109.0,630
2024-08-26,32.5,-108.5,1440
2024-08-26,32.5,-108.0,1980
2024-08-26,32.5,-107.5,1080
2024-08-26,32.5,-106.5,360
2024-08-26,32.5,-106.0,360
2024-08-26,32.5,-105.5,540
2024-08-26,32.5,-105.0,810
2024-08-26,32.5,-104.5,540
2024-08-26,32.5,-103.5,450
2024-08-26,32.5,-103.0,1080
2024-08-26,32.5,-102.5,270
2024-08-26,32.5,-102.0,450
2024-08-26,32.5,-101.5,810
2024-08-26,32.5,-101.0,90
2024-08-26,32.5,-100.5,90
2024-08-26,32.5,-100.0,630
2024-08-26,32.5,-99.5,810
2024-08-26,32.5,-99.0,270
2024-08-26,32.5,-98.5,360
2024-08-26,32.5,-98.0,90
2024-08-26,32.5,-97.5,270
2024-08-26,32.5,-96.5,360
2024-08-26,32.5,-96.0,90
2024-08-26,32.5,-95.5,630
2024-08-26,32.5,-95.0,1800
2024-08-26,32.5,-94.5,180
2024-08-26,32.5,-94.0,720
2024-08-26,32.5,-93.5,540
2024-08-26,32.5,-93.0,630
2024-08-26,32.5,-92.5,810
2024-08-26,32.5,-92.0,360
2024-08-26,32.5,-91.5,270
2024-08-26,32.5,-91.0,450
2024-08-26,32.5,-90.5,450
2024-08-26,32.5,-90.0,270
2024-08-26,32.5,-89.5,720
2024-08-26,32.5,-89.0,1080
2024-08-26,32.5,-88.0,450
2024-08-26,32.5,-87.5,2070
2024-08-26,32.5,-87.0,720
2024-08-26,32.5,-86.5,1530
2024-08-26,32.5,-86.0,900
2024-08-26,32.5,-85.5,180
2024-08-26,32.5,-85.0,1530
2024-08-26,32.5,-84.5,180
2024-08-26,32.5,-84.0,1260
2024-08-26,32.5,-83.5,1170
2024-08-26,32.5,-83.0,2250
2024-08-26,32.5,-77.0,180
2024-08-26,32.5,-76.0,90
2024-08-26,32.5,-75.5,1170
2024-08-26,32.5,-74.5,90
2024-08-26,32.5,-74.0,270
2024-08-26,32.5,-73.0,180
2024-08-26,32.5,-72.5,1170
2024-08-26,32.5,-72.0,360
2024-08-26,32.5,-71.5,540
2024-08-26,32.5,-71.0,90
2024-08-26,32.5,-66.0,90
2024-08-26,33.0,-115.5,180
2024-08-26,33.0,-115.0,90
2024-08-26,33.0,-114.5,360
2024-08-26,33.0,-114.0,270
2024-08-26,33.0,-113.0,180
2024-08-26,33.0,-111.5,630
2024-08-26,33.0,-111.0,540
2024-08-26,33.0,-110.5,360
2024-08-26,33.0,-110.0,1080
2024-08-26,33.0,-109.5,1800
2024-08-26,33.0,-109.0,1350
2024-08-26,33.0,-108.5,1170
2024-08-26,33.0,-108.0,720
2024-08-26,33.0,-107.5,540
2024-08-26,33.0,-107.0,90
2024-08-26,33.0,-106.5,90
2024-08-26,33.0,-106.0,990
2024-08-26,33.0,-105.5,1080
2024-08-26,33.0,-105.0,360
2024-08-26,33.0,-104.5,1080
2024-08-26,33.0,-104.0,1620
2024-08-26,33.0,-103.5,450
2024-08-26,33.0,-103.0,180
2024-08-26,33.0,-102.5,90
2024-08-26,33.0,-102.0,990
2024-08-26,33.0,-100.5,270
2024-08-26,33.0,-100.0,1260
2024-08-26,33.0,-99.5,990
2024-08-26,33.0,-99.0,630
2024-08-26,33.0,-98.5,270
2024-08-26,33.0,-98.0,270
2024-08-26,33.0,-97.5,90
2024-08-26,33.0,-97.0,630
2024-08-26,33.0,-96.5,450
2024-08-26,33.0,-96.0,180
2024-08-26,33.0,-95.5,180
2024-08-26,33.0,-95.0,450
2024-08-26,33.0,-94.0,900
2024-08-26,33.0,-93.5,360
2024-08-26,33.0,-93.0,90
2024-08-26,33.0,-92.5,270
2024-08-26,33.0,-90.5,360
2024-08-26,33.0,-90.0,630
2024-08-26,33.0,-89.5,360
2024-08-26,33.0,-89.0,990
2024-08-26,33.0,-88.5,360
2024-08-26,33.0,-88.0,270
2024-08-26,33.0,-87.5,1710
2024-08-26,33.0,-87.0,900
2024-08-26,33.0,-86.5,630
2024-08-26,33.0,-86.0,270
2024-08-26,33.0,-85.5,630
2024-08-26,33.0,-85.0,180
2024-08-26,33.0,-84.5,540
2024-08-26,33.0,-84.0,2070
2024-08-26,33.0,-83.5,1080
2024-08-26,33.0,-83.0,2970
2024-08-26,33.0,-82.5,1170
2024-08-26,33.0,-82.0,2790
2024-08-26,33.0,-77.5,90
2024-08-26,33.0,-77.0,990
2024-08-26,33.0,-76.5,270
2024-08-26,33.0,-76.0,180
2024-08-26,33.0,-75.5,270
2024-08-26,33.0,-75.0,630
2024-08-26,33.0,-74.5,270
2024-08-26,33.0,-74.0,90
2024-08-26,33.0,-73.0,90
2024-08-26,33.0,-72.5,1350
2024-08-26,33.0,-72.0,3420
2024-08-26,33.0,-71.5,5850
2024-08-26,33.0,-71.0,900
2024-08-26,33.0,-70.5,90
2024-08-26,33.0,-70.0,90
2024-08-26,33.0,-68.5,90
2024-08-26,33.0,-65.5,90
2024-08-26,33.5,-117.0,90
2024-08-26,33.5,-113.5,270
2024-08-26,33.5,-112.5,90
2024-08-26,33.5,-112.0,1260
2024-08-26,33.5,-111.5,810
2024-08-26,33.5,-111.0,630
2024-08-26,33.5,-110.5,2160
2024-08-26,33.5,-110.0,720
2024-08-26,33.5,-109.5,360
2024-08-26,33.5,-109.0,720
2024-08-26,33.5,-108.5,540
2024-08-26,33.5,-108.0,900
2024-08-26,33.5,-107.5,720
2024-08-26,33.5,-107.0,540
2024-08-26,33.5,-106.5,360
2024-08-26,33.5,-106.0,270
2024-08-26,33.5,-105.5,270
2024-08-26,33.5,-105.0,630
2024-08-26,33.5,-104.5,1440
2024-08-26,33.5,-104.0,630
2024-08-26,33.5,-103.5,180
2024-08-26,33.5,-103.0,90
2024-08-26,33.5,-102.5,180
2024-08-26,33.5,-102.0,90
2024-08-26,33.5,-101.0,90
2024-08-26,33.5,-100.5,180
2024-08-26,33.5,-98.5,90
2024-08-26,33.5,-97.5,90
2024-08-26,33.5,-97.0,90
2024-08-26,33.5,-96.5,180
2024-08-26,33.5,-96.0,90
2024-08-26,33.5,-95.0,90
2024-08-26,33.5,-94.0,360
2024-08-26,33.5,-93.5,270
2024-08-26,33.5,-93.0,1710
2024-08-26,33.5,-92.5,1440
2024-08-26,33.5,-92.0,90
2024-08-26,33.5,-91.0,90
2024-08-26,33.5,-90.5,720
2024-08-26,33.5,-90.0,900
2024-08-26,33.5,-89.5,900
2024-08-26,33.5,-89.0,810
2024-08-26,33.5,-88.5,810
2024-08-26,33.5,-88.0,1620
2024-08-26,33.5,-87.5,1710
2024-08-26,33.5,-87.0,1620
2024-08-26,33.5,-86.5,360
2024-08-26,33.5,-86.0,450
2024-08-26,33.5,-85.5,180
2024-08-26,33.5,-85.0,2340
2024-08-26,33.5,-84.5,1890
2024-08-26,33.5,-84.0,1620
2024-08-26,33.5,-83.5,720
2024-08-26,33.5,-83.0,360
2024-08-26,33.5,-82.5,900
2024-08-26,33.5,-82.0,720
2024-08-26,33.5,-81.5,2250
2024-08-26,33.5,-81.0,540
2024-08-26,33.5,-80.5,540
2024-08-26,33.5,-77.0,90
2024-08-26,33.5,-76.5,1260
2024-08-26,33.5,-76.0,2970
2024-08-26,33.5,-75.5,1620
2024-08-26,33.5,-75.0,1620
2024-08-26,33.5,-74.5,810
2024-08-26,33.5,-74.0,360
2024-08-26,33.5,-73.0,540
2024-08-26,33.5,-72.5,3780
2024-08-26,33.5,-72.0,4680
2024-08-26,33.5,-71.5,8370
2024-08-26,33.5,-71.0,540
2024-08-26,33.5,-70.5,180
2024-08-26,33.5,-66.0,90
2024-08-26,33.5,-65.5,90
2024-08-26,34.0,-115.0,180
2024-08-26,34.0,-114.5,90
2024-08-26,34.0,-114.0,270
2024-08-26,34.0,-113.5,180
2024-08-26,34.0,-113.0,630
2024-08-26,34.0,-112.5,450
2024-08-26,34.0,-112.0,720
2024-08-26,34.0,-111.5,2160
2024-08-26,34.0,-111.0,2250
2024-08-26,34.0,-110.5,450
2024-08-26,34.0,-110.0,360
2024-08-26,34.0,-109.5,180
2024-08-26,34.0,-109.0,270
2024-08-26,34.0,-108.5,540
2024-08-26,34.0,-108.0,180
2024-08-26,34.0,-107.5,90
2024-08-26,34.0,-107.0,450
2024-08-26,34.0,-106.5,720
2024-08-26,34.0,-106.0,360
2024-08-26,34.0,-105.5,270
2024-08-26,34.0,-105.0,270
2024-08-26,34.0,-104.5,1890
2024-08-26,34.0,-104.0,1800
2024-08-26,34.0,-103.5,1440
2024-08-26,34.0,-103.0,900
2024-08-26,34.0,-102.5,540
2024-08-26,34.0,-102.0,90
2024-08-26,34.0,-101.5,180
2024-08-26,34.0,-98.5,90
2024-08-26,34.0,-98.0,270
2024-08-26,34.0,-97.5,90
2024-08-26,34.0,-97.0,270
2024-08-26,34.0,-96.5,180
2024-08-26,34.0,-96.0,180
2024-08-26,34.0,-95.5,360
2024-08-26,34.0,-95.0,450
2024-08-26,34.0,-93.5,90
2024-08-26,34.0,-93.0,540
2024-08-26,34.0,-92.5,630
2024-08-26,34.0,-92.0,90
2024-08-26,34.0,-91.5,270
2024-08-26,34.0,-91.0,270
2024-08-26,34.0,-90.5,810
2024-08-26,34.0,-90.0,2250
2024-08-26,34.0,-89.5,360
2024-08-26,34.0,-89.0,1800
2024-08-26,34.0,-88.5,1710
2024-08-26,34.0,-88.0,2070
2024-08-26,34.0,-87.5,810
2024-08-26,34.0,-86.0,270
2024-08-26,34.0,-85.5,1170
2024-08-26,34.0,-85.0,3600
2024-08-26,34.0,-84.5,1890
2024-08-26,34.0,-84.0,900
2024-08-26,34.0,-83.5,2070
2024-08-26,34.0,-83.0,720
2024-08-26,34.0,-82.5,2430
2024-08-26,34.0,-82.0,540
2024-08-26,34.0,-81.5,90
2024-08-26,34.0,-81.0,990
2024-08-26,34.0,-80.5,720
2024-08-26,34.0,-80.0,90
2024-08-26,34.0,-79.5,180
2024-08-26,34.0,-78.5,360
2024-08-26,34.0,-78.0,180
2024-08-26,34.0,-76.0,90
2024-08-26,34.0,-75.5,540
2024-08-26,34.0,-75.0,1800
2024-08-26,34.0,-74.5,270
2024-08-26,34.0,-74.0,180
2024-08-26,34.0,-73.5,270
2024-08-26,34.0,-73.0,1260
2024-08-26,34.0,-72.5,7200
2024-08-26,34.0,-72.0,360
2024-08-26,34.0,-71.5,4500
2024-08-26,34.0,-71.0,1890
2024-08-26,34.0,-70.5,1890
2024-08-26,34.0,-69.5,90
2024-08-26,34.5,-115.0,360
2024-08-26,34.5,-113.5,270
2024-08-26,34.5,-113.0,180
2024-08-26,34.5,-111.5,450
2024-08-26,34.5,-111.0,180
2024-08-26,34.5,-110.5,180
2024-08-26,34.5,-110.0,270
2024-08-26,34.5,-109.5,270
2024-08-26,34.5,-109.0,180
2024-08-26,34.5,-108.5,270
2024-08-26,34.5,-108.0,1080
2024-08-26,34.5,-107.0,360
2024-08-26,34.5,-106.5,270
2024-08-26,34.5,-106.0,540
2024-08-26,34.5,-105.5,810
2024-08-26,34.5,-105.0,540
2024-08-26,34.5,-104.5,360
2024-08-26,34.5,-104.0,2250
2024-08-26,34.5,-103.5,1170
2024-08-26,34.5,-103.0,540
2024-08-26,34.5,-102.5,270
2024-08-26,34.5,-102.0,180
2024-08-26,34.5,-101.5,90
2024-08-26,34.5,-98.0,270
2024-08-26,34.5,-97.5,180
2024-08-26,34.5,-97.0,360
2024-08-26,34.5,-96.5,360
2024-08-26,34.5,-96.0,270
2024-08-26,34.5,-95.5,90
2024-08-26,34.5,-95.0,450
2024-08-26,34.5,-94.5,270
2024-08-26,34.5,-94.0,720
2024-08-26,34.5,-93.5,810
2024-08-26,34.5,-93.0,180
2024-08-26,34.5,-92.5,180
2024-08-26,34.5,-92.0,450
2024-08-26,34.5,-91.5,450
2024-08-26,34.5,-91.0,450
2024-08-26,34.5,-90.5,900
2024-08-26,34.5,-90.0,2250
2024-08-26,34.5,-89.5,1530
2024-08-26,34.5,-89.0,1260
2024-08-26,34.5,-88.5,900
2024-08-26,34.5,-88.0,990
2024-08-26,34.5,-87.5,360
2024-08-26,34.5,-87.0,450
2024-08-26,34.5,-86.5,810
2024-08-26,34.5,-86.0,540
2024-08-26,34.5,-85.5,630
2024-08-26,34.5,-85.0,810
2024-08-26,34.5,-84.5,810
2024-08-26,34.5,-84.0,1890
2024-08-26,34.5,-83.5,540
2024-08-26,34.5,-83.0,1620
2024-08-26,34.5,-82.5,1440
2024-08-26,34.5,-82.0,900
2024-08-26,34.5,-81.5,270
2024-08-26,34.5,-81.0,1440
2024-08-26,34.5,-80.5,1440
2024-08-26,34.5,-80.0,1260
2024-08-26,34.5,-79.5,270
2024-08-26,34.5,-79.0,1080
2024-08-26,34.5,-78.5,2250
2024-08-26,34.5,-78.0,720
2024-08-26,34.5,-77.5,180
2024-08-26,34.5,-77.0,630
2024-08-26,34.5,-75.0,270
2024-08-26,34.5,-74.5,270
2024-08-26,34.5,-74.0,90
2024-08-26,34.5,-73.0,990
2024-08-26,34.5,-72.5,1350
2024-08-26,34.5,-72.0,90
2024-08-26,34.5,-71.5,450
2024-08-26,34.5,-71.0,1800
2024-08-26,34.5,-70.5,2880
2024-08-26,34.5,-67.5,270
2024-08-26,34.5,-66.5,180
2024-08-26,35.0,-115.0,90
2024-08-26,35.0,-114.5,180
2024-08-26,35.0,-113.5,90
2024-08-26,35.0,-113.0,180
2024-08-26,35.0,-112.5,90
2024-08-26,35.0,-112.0,360
2024-08-26,35.0,-111.5,270
2024-08-26,35.0,-111.0,90
2024-08-26,35.0,-110.5,180
2024-08-26,35.0,-109.5,630
2024-08-26,35.0,-109.0,720
2024-08-26,35.0,-108.5,540
2024-08-26,35.0,-108.0,90
2024-08-26,35.0,-107.5,810
2024-08-26,35.0,-107.0,90
2024-08-26,35.0,-106.5,360
2024-08-26,35.0,-106.0,630
2024-08-26,35.0,-105.5,1440
2024-08-26,35.0,-105.0,810
2024-08-26,35.0,-104.5,720
2024-08-26,35.0,-104.0,1980
2024-08-26,35.0,-103.5,1620
2024-08-26,35.0,-103.0,900
2024-08-26,35.0,-102.5,360
2024-08-26,35.0,-102.0,540
2024-08-26,35.0,-101.0,180
2024-08-26,35.0,-97.0,630
2024-08-26,35.0,-96.5,450
2024-08-26,35.0,-96.0,270
2024-08-26,35.0,-95.5,630
2024-08-26,35.0,-95.0,270
2024-08-26,35.0,-94.5,90
2024-08-26,35.0,-94.0,450
2024-08-26,35.0,-93.5,90
2024-08-26,35.0,-92.0,180
2024-08-26,35.0,-91.5,270
2024-08-26,35.0,-91.0,450
2024-08-26,35.0,-90.5,90
2024-08-26,35.0,-90.0,1530
2024-08-26,35.0,-89.5,810
2024-08-26,35.0,-89.0,1440
2024-08-26,35.0,-88.5,1080
2024-08-26,35.0,-88.0,990
2024-08-26,35.0,-87.5,360
2024-08-26,35.0,-87.0,540
2024-08-26,35.0,-86.5,450
2024-08-26,35.0,-86.0,1710
2024-08-26,35.0,-85.5,1350
2024-08-26,35.0,-85.0,1710
2024-08-26,35.0,-84.5,1080
2024-08-26,35.0,-84.0,720
2024-08-26,35.0,-83.5,720
2024-08-26,35.0,-83.0,2340
2024-08-26,35.0,-82.5,720
2024-08-26,35.0,-82.0,2610
2024-08-26,35.0,-81.5,4410
2024-08-26,35.0,-81.0,5490
2024-08-26,35.0,-80.5,1260
2024-08-26,35.0,-80.0,2160
2024-08-26,35.0,-79.5,1350
2024-08-26,35.0,-79.0,720
2024-08-26,35.0,-78.5,180
2024-08-26,35.0,-78.0,2790
2024-08-26,35.0,-77.5,1890
2024-08-26,35.0,-77.0,450
2024-08-26,35.0,-76.5,630
2024-08-26,35.0,-76.0,360
2024-08-26,35.0,-75.5,90
2024-08-26,35.0,-75.0,90
2024-08-26,35.0,-74.5,1440
2024-08-26,35.0,-73.5,1080
2024-08-26,35.0,-73.0,1800
2024-08-26,35.0,-72.5,90
2024-08-26,35.0,-72.0,270
2024-08-26,35.0,-71.5,450
2024-08-26,35.0,-71.0,270
2024-08-26,35.0,-70.5,450
2024-08-26,35.0,-68.0,180
2024-08-26,35.0,-67.5,90
2024-08-26,35.0,-67.0,180
2024-08-26,35.0,-66.0,90
2024-08-26,35.5,-115.0,270
2024-08-26,35.5,-114.5,90
2024-08-26,35.5,-114.0,90
2024-08-26,35.5,-113.5,270
2024-08-26,35.5,-113.0,630
2024-08-26,35.5,-112.5,180
2024-08-26,35.5,-111.5,450
2024-08-26,35.5,-111.0,360
2024-08-26,35.5,-110.5,630
2024-08-26,35.5,-110.0,360
2024-08-26,35.5,-109.5,270
2024-08-26,35.5,-109.0,180
2024-08-26,35.5,-108.5,270
2024-08-26,35.5,-108.0,180
2024-08-26,35.5,-107.5,90
2024-08-26,35.5,-107.0,900
2024-08-26,35.5,-106.5,360
2024-08-26,35.5,-106.0,810
2024-08-26,35.5,-105.5,900
2024-08-26,35.5,-105.0,900
2024-08-26,35.5,-104.5,810
2024-08-26,35.5,-104.0,990
2024-08-26,35.5,-103.5,720
2024-08-26,35.5,-103.0,720
2024-08-26,35.5,-102.5,90
2024-08-26,35.5,-102.0,180
2024-08-26,35.5,-101.0,90
2024-08-26,35.5,-97.0,360
2024-08-26,35.5,-96.5,360
2024-08-26,35.5,-95.5,360
2024-08-26,35.5,-95.0,360
2024-08-26,35.5,-94.5,90
2024-08-26,35.5,-94.0,360
2024-08-26,35.5,-93.5,90
2024-08-26,35.5,-93.0,270
2024-08-26,35.5,-92.5,90
2024-08-26,35.5,-92.0,90
2024-08-26,35.5,-91.5,270
2024-08-26,35.5,-91.0,90
2024-08-26,35.5,-90.5,180
2024-08-26,35.5,-90.0,1080
2024-08-26,35.5,-89.5,450
2024-08-26,35.5,-89.0,270
2024-08-26,35.5,-88.5,180
2024-08-26,35.5,-88.0,720
2024-08-26,35.5,-87.5,810
2024-08-26,35.5,-87.0,630
2024-08-26,35.5,-86.5,900
2024-08-26,35.5,-86.0,360
2024-08-26,35.5,-85.5,1170
2024-08-26,35.5,-85.0,1170
2024-08-26,35.5,-84.5,1260
2024-08-26,35.5,-84.0,270
2024-08-26,35.5,-83.5,540
2024-08-26,35.5,-83.0,900
2024-08-26,35.5,-82.5,1440
2024-08-26,35.5,-82.0,1980
2024-08-26,35.5,-81.5,90
2024-08-26,35.5,-81.0,1350
2024-08-26,35.5,-80.5,2790
2024-08-26,35.5,-80.0,2790
2024-08-26,35.5,-79.5,4140
2024-08-26,35.5,-79.0,3240
2024-08-26,35.5,-78.5,1890
2024-08-26,35.5,-78.0,1260
2024-08-26,35.5,-77.5,1530
2024-08-26,35.5,-77.0,810
2024-08-26,35.5,-76.5,1080
2024-08-26,35.5,-76.0,1440
2024-08-26,35.5,-75.0,90
2024-08-26,35.5,-74.5,1080
2024-08-26,35.5,-74.0,2070
2024-08-26,35.5,-73.5,1350
2024-08-26,35.5,-73.0,1350
2024-08-26,35.5,-72.5,1080
2024-08-26,35.5,-72.0,1350
2024-08-26,35.5,-69.0,180
2024-08-26,35.5,-68.5,4140
2024-08-26,35.5,-68.0,540
2024-08-26,35.5,-67.5,990
2024-08-26,35.5,-66.5,90
2024-08-26,36.0,-115.0,90
2024-08-26,36.0,-114.0,90
2024-08-26,36.0,-113.0,90
2024-08-26,36.0,-112.5,180
2024-08-26,36.0,-111.5,180
2024-08-26,36.0,-111.0,90
2024-08-26,36.0,-110.0,90
2024-08-26,36.0,-109.5,360
2024-08-26,36.0,-109.0,180
2024-08-26,36.0,-108.0,270
2024-08-26,36.0,-107.0,270
2024-08-26,36.0,-106.5,180
2024-08-26,36.0,-106.0,450
2024-08-26,36.0,-105.5,810
2024-08-26,36.0,-105.0,990
2024-08-26,36.0,-104.5,270
2024-08-26,36.0,-104.0,1440
2024-08-26,36.0,-103.5,2340
2024-08-26,36.0,-103.0,1620
2024-08-26,36.0,-102.5,360
2024-08-26,36.0,-102.0,90
2024-08-26,36.0,-101.5,180
2024-08-26,36.0,-101.0,90
2024-08-26,36.0,-96.5,450
2024-08-26,36.0,-96.0,540
2024-08-26,36.0,-95.5,720
2024-08-26,36.0,-95.0,180
2024-08-26,36.0,-94.5,540
2024-08-26,36.0,-94.0,450
2024-08-26,36.0,-93.5,360
2024-08-26,36.0,-93.0,270
2024-08-26,36.0,-92.5,360
2024-08-26,36.0,-92.0,180
2024-08-26,36.0,-90.5,180
2024-08-26,36.0,-90.0,360
2024-08-26,36.0,-88.5,90
2024-08-26,36.0,-88.0,270
2024-08-26,36.0,-87.5,540
2024-08-26,36.0,-87.0,360
2024-08-26,36.0,-86.5,810
2024-08-26,36.0,-86.0,1170
2024-08-26,36.0,-85.5,450
2024-08-26,36.0,-85.0,1080
2024-08-26,36.0,-84.5,630
2024-08-26,36.0,-84.0,720
2024-08-26,36.0,-83.5,990
2024-08-26,36.0,-83.0,180
2024-08-26,36.0,-82.5,630
2024-08-26,36.0,-82.0,3240
2024-08-26,36.0,-81.5,1440
2024-08-26,36.0,-81.0,1800
2024-08-26,36.0,-80.5,1800
2024-08-26,36.0,-80.0,1440
2024-08-26,36.0,-79.5,2160
2024-08-26,36.0,-79.0,2520
2024-08-26,36.0,-78.5,990
2024-08-26,36.0,-78.0,180
2024-08-26,36.0,-77.5,450
2024-08-26,36.0,-77.0,270
2024-08-26,36.0,-76.5,630
2024-08-26,36.0,-76.0,90
2024-08-26,36.0,-74.5,90
2024-08-26,36.0,-74.0,90
2024-08-26,36.0,-73.5,5040
2024-08-26,36.0,-73.0,1260
2024-08-26,36.0,-72.5,3420
2024-08-26,36.0,-72.0,630
2024-08-26,36.0,-71.5,1980
2024-08-26,36.0,-71.0,540
2024-08-26,36.0,-70.5,990
2024-08-26,36.0,-70.0,450
2024-08-26,36.0,-69.5,180
2024-08-26,36.0,-69.0,450
2024-08-26,36.0,-68.0,900
2024-08-26,36.0,-67.5,270
2024-08-26,36.0,-67.0,270
2024-08-26,36.5,-112.0,90
2024-08-26,36.5,-111.5,90
2024-08-26,36.5,-111.0,270
2024-08-26,36.5,-109.5,90
2024-08-26,36.5,-109.0,90
2024-08-26,36.5,-108.0,360
2024-08-26,36.5,-107.5,540
2024-08-26,36.5,-107.0,270
2024-08-26,36.5,-106.5,180
2024-08-26,36.5,-106.0,360
2024-08-26,36.5,-105.5,540
2024-08-26,36.5,-105.0,990
2024-08-26,36.5,-104.5,90
2024-08-26,36.5,-104.0,450
2024-08-26,36.5,-103.5,1530
2024-08-26,36.5,-103.0,1980
2024-08-26,36.5,-102.5,270
2024-08-26,36.5,-102.0,180
2024-08-26,36.5,-101.5,270
2024-08-26,36.5,-101.0,1080
2024-08-26,36.5,-100.5,180
2024-08-26,36.5,-96.0,180
2024-08-26,36.5,-95.5,540
2024-08-26,36.5,-95.0,720
2024-08-26,36.5,-94.5,360
2024-08-26,36.5,-94.0,270
2024-08-26,36.5,-93.5,180
2024-08-26,36.5,-93.0,450
2024-08-26,36.5,-92.0,180
2024-08-26,36.5,-91.5,90
2024-08-26,36.5,-91.0,540
2024-08-26,36.5,-89.5,270
2024-08-26,36.5,-87.0,360
2024-08-26,36.5,-86.5,270
2024-08-26,36.5,-86.0,180
2024-08-26,36.5,-85.5,990
2024-08-26,36.5,-85.0,1440
2024-08-26,36.5,-84.5,810
2024-08-26,36.5,-84.0,180
2024-08-26,36.5,-83.5,540
2024-08-26,36.5,-83.0,990
2024-08-26,36.5,-82.5,1620
2024-08-26,36.5,-82.0,2250
2024-08-26,36.5,-81.5,4500
2024-08-26,36.5,-81.0,1980
2024-08-26,36.5,-80.5,1260
2024-08-26,36.5,-80.0,1530
2024-08-26,36.5,-79.0,450
2024-08-26,36.5,-78.5,450
2024-08-26,36.5,-78.0,1890
2024-08-26,36.5,-77.5,1170
2024-08-26,36.5,-77.0,630
2024-08-26,36.5,-76.5,630
2024-08-26,36.5,-76.0,180
2024-08-26,36.5,-75.5,180
2024-08-26,36.5,-75.0,1350
2024-08-26,36.5,-74.5,90
2024-08-26,36.5,-74.0,1350
2024-08-26,36.5,-73.5,1170
2024-08-26,36.5,-73.0,4410
2024-08-26,36.5,-72.5,1350
2024-08-26,36.5,-72.0,1530
2024-08-26,36.5,-71.5,1350
2024-08-26,36.5,-71.0,180
2024-08-26,36.5,-70.5,360
2024-08-26,36.5,-69.5,450
2024-08-26,36.5,-69.0,1080
2024-08-26,36.5,-68.5,900
2024-08-26,36.5,-68.0,1980
2024-08-26,36.5,-67.5,90
2024-08-26,36.5,-67.0,90
2024-08-26,37.0,-114.0,90
2024-08-26,37.0,-112.0,90
2024-08-26,37.0,-110.0,90
2024-08-26,37.0,-109.0,90
2024-08-26,37.0,-108.5,270
2024-08-26,37.0,-108.0,360
2024-08-26,37.0,-107.5,450
2024-08-26,37.0,-107.0,540
2024-08-26,37.0,-106.5,180
2024-08-26,37.0,-105.5,180
2024-08-26,37.0,-105.0,180
2024-08-26,37.0,-104.5,270
2024-08-26,37.0,-104.0,1170
2024-08-26,37.0,-103.5,540
2024-08-26,37.0,-103.0,1620
2024-08-26,37.0,-102.5,3330
2024-08-26,37.0,-102.0,1890
2024-08-26,37.0,-101.5,720
2024-08-26,37.0,-101.0,1440
2024-08-26,37.0,-100.5,630
2024-08-26,37.0,-100.0,270
2024-08-26,37.0,-99.5,270
2024-08-26,37.0,-99.0,360
2024-08-26,37.0,-98.0,90
2024-08-26,37.0,-96.5,270
2024-08-26,37.0,-96.0,270
2024-08-26,37.0,-95.0,450
2024-08-26,37.0,-94.5,90
2024-08-26,37.0,-94.0,450
2024-08-26,37.0,-93.5,270
2024-08-26,37.0,-93.0,270
2024-08-26,37.0,-92.0,270
2024-08-26,37.0,-91.5,1260
2024-08-26,37.0,-91.0,1170
2024-08-26,37.0,-90.5,360
2024-08-26,37.0,-90.0,360
2024-08-26,37.0,-89.5,540
2024-08-26,37.0,-89.0,90
2024-08-26,37.0,-88.5,1350
2024-08-26,37.0,-88.0,450
2024-08-26,37.0,-87.5,270
2024-08-26,37.0,-87.0,540
2024-08-26,37.0,-86.5,90
2024-08-26,37.0,-86.0,180
2024-08-26,37.0,-85.5,360
2024-08-26,37.0,-85.0,450
2024-08-26,37.0,-84.5,990
2024-08-26,37.0,-84.0,1440
2024-08-26,37.0,-83.5,540
2024-08-26,37.0,-83.0,990
2024-08-26,37.0,-82.5,360
2024-08-26,37.0,-82.0,1530
2024-08-26,37.0,-81.5,2970
2024-08-26,37.0,-81.0,4050
2024-08-26,37.0,-80.5,6300
2024-08-26,37.0,-80.0,3420
2024-08-26,37.0,-79.5,3510
2024-08-26,37.0,-79.0,810
2024-08-26,37.0,-78.5,3060
2024-08-26,37.0,-78.0,2520
2024-08-26,37.0,-77.5,720
2024-08-26,37.0,-77.0,90
2024-08-26,37.0,-76.5,810
2024-08-26,37.0,-76.0,990
2024-08-26,37.0,-75.5,540
2024-08-26,37.0,-75.0,270
2024-08-26,37.0,-74.5,630
2024-08-26,37.0,-74.0,810
2024-08-26,37.0,-73.5,1620
2024-08-26,37.0,-73.0,2700
2024-08-26,37.0,-72.5,3240
2024-08-26,37.0,-72.0,1170
2024-08-26,37.0,-71.5,1710
2024-08-26,37.0,-71.0,450
2024-08-26,37.0,-70.5,90
2024-08-26,37.0,-70.0,270
2024-08-26,37.0,-69.5,450
2024-08-26,37.0,-69.0,180
2024-08-26,37.0,-68.5,1170
2024-08-26,37.0,-68.0,1260
2024-08-26,37.0,-67.5,270
2024-08-26,37.0,-67.0,450
2024-08-26,37.5,-110.5,90
2024-08-26,37.5,-110.0,90
2024-08-26,37.5,-109.5,90
2024-08-26,37.5,-109.0,270
2024-08-26,37.5,-108.5,180
2024-08-26,37.5,-108.0,270
2024-08-26,37.5,-107.5,180
2024-08-26,37.5,-107.0,90
2024-08-26,37.5,-106.5,360
2024-08-26,37.5,-106.0,90
2024-08-26,37.5,-105.5,90
2024-08-26,37.5,-104.0,360
2024-08-26,37.5,-103.5,630
2024-08-26,37.5,-103.0,540
2024-08-26,37.5,-102.5,1620
2024-08-26,37.5,-102.0,3330
2024-08-26,37.5,-101.5,2520
2024-08-26,37.5,-101.0,1170
2024-08-26,37.5,-100.5,450
2024-08-26,37.5,-100.0,630
2024-08-26,37.5,-99.5,450
2024-08-26,37.5,-99.0,90
2024-08-26,37.5,-96.5,90
2024-08-26,37.5,-96.0,180
2024-08-26,37.5,-95.0,90
2024-08-26,37.5,-94.0,180
2024-08-26,37.5,-93.5,720
2024-08-26,37.5,-93.0,2610
2024-08-26,37.5,-92.0,810
2024-08-26,37.5,-91.5,720
2024-08-26,37.5,-91.0,1530
2024-08-26,37.5,-90.5,3960
2024-08-26,37.5,-90.0,900
2024-08-26,37.5,-89.5,1350
2024-08-26,37.5,-89.0,1170
2024-08-26,37.5,-88.5,990
2024-08-26,37.5,-88.0,360
2024-08-26,37.5,-87.5,450
2024-08-26,37.5,-87.0,450
2024-08-26,37.5,-86.5,90
2024-08-26,37.5,-86.0,90
2024-08-26,37.5,-85.5,180
2024-08-26,37.5,-85.0,720
2024-08-26,37.5,-84.5,1080
2024-08-26,37.5,-84.0,1620
2024-08-26,37.5,-83.5,2430
2024-08-26,37.5,-83.0,2430
2024-08-26,37.5,-82.5,810
2024-08-26,37.5,-82.0,1080
2024-08-26,37.5,-81.5,2700
2024-08-26,37.5,-81.0,3420
2024-08-26,37.5,-80.5,2520
2024-08-26,37.5,-80.0,5490
2024-08-26,37.5,-79.5,4230
2024-08-26,37.5,-79.0,1710
2024-08-26,37.5,-78.5,3960
2024-08-26,37.5,-78.0,5040
2024-08-26,37.5,-77.5,990
2024-08-26,37.5,-77.0,270
2024-08-26,37.5,-76.5,900
2024-08-26,37.5,-76.0,180
2024-08-26,37.5,-75.5,810
2024-08-26,37.5,-75.0,3870
2024-08-26,37.5,-74.5,1170
2024-08-26,37.5,-74.0,450
2024-08-26,37.5,-73.5,630
2024-08-26,37.5,-73.0,3150
2024-08-26,37.5,-72.5,2610
2024-08-26,37.5,-72.0,1620
2024-08-26,37.5,-71.5,270
2024-08-26,37.5,-70.0,90
2024-08-26,37.5,-69.5,90
2024-08-26,37.5,-68.5,90
2024-08-26,37.5,-68.0,90
2024-08-26,37.5,-67.5,90
2024-08-26,37.5,-67.0,90
2024-08-26,38.0,-110.5,90
2024-08-26,38.0,-110.0,270
2024-08-26,38.0,-109.5,90
2024-08-26,38.0,-109.0,270
2024-08-26,38.0,-108.5,90
2024-08-26,38.0,-108.0,90
2024-08-26,38.0,-107.5,90
2024-08-26,38.0,-106.0,180
2024-08-26,38.0,-105.5,90
2024-08-26,38.0,-104.0,180
2024-08-26,38.0,-103.5,90
2024-08-26,38.0,-103.0,630
2024-08-26,38.0,-102.5,900
2024-08-26,38.0,-102.0,2610
2024-08-26,38.0,-101.5,2340
2024-08-26,38.0,-101.0,2250
2024-08-26,38.0,-100.5,540
2024-08-26,38.0,-100.0,1440
2024-08-26,38.0,-99.5,900
2024-08-26,38.0,-99.0,810
2024-08-26,38.0,-98.5,270
2024-08-26,38.0,-98.0,90
2024-08-26,38.0,-97.5,90
2024-08-26,38.0,-96.0,360
2024-08-26,38.0,-95.0,180
2024-08-26,38.0,-94.5,270
2024-08-26,38.0,-94.0,180
2024-08-26,38.0,-93.5,360
2024-08-26,38.0,-93.0,1260
2024-08-26,38.0,-92.5,3150
2024-08-26,38.0,-92.0,1890
2024-08-26,38.0,-91.5,810
2024-08-26,38.0,-91.0,3420
2024-08-26,38.0,-90.5,2790
2024-08-26,38.0,-90.0,5940
2024-08-26,38.0,-89.5,5490
2024-08-26,38.0,-89.0,2160
2024-08-26,38.0,-88.5,630
2024-08-26,38.0,-88.0,990
2024-08-26,38.0,-87.5,90
2024-08-26,38.0,-86.5,180
2024-08-26,38.0,-86.0,1440
2024-08-26,38.0,-85.5,90
2024-08-26,38.0,-85.0,1890
2024-08-26,38.0,-84.5,1620
2024-08-26,38.0,-84.0,2160
2024-08-26,38.0,-83.5,2880
2024-08-26,38.0,-83.0,3870
2024-08-26,38.0,-82.5,2520
2024-08-26,38.0,-82.0,3420
2024-08-26,38.0,-81.5,2070
2024-08-26,38.0,-81.0,2430
2024-08-26,38.0,-80.5,2880
2024-08-26,38.0,-80.0,1800
2024-08-26,38.0,-79.5,4500
2024-08-26,38.0,-79.0,2520
2024-08-26,38.0,-78.5,3060
2024-08-26,38.0,-78.0,6930
2024-08-26,38.0,-77.5,3420
2024-08-26,38.0,-77.0,900
2024-08-26,38.0,-76.5,180
2024-08-26,38.0,-76.0,360
2024-08-26,38.0,-75.5,1080
2024-08-26,38.0,-75.0,2700
2024-08-26,38.0,-74.5,1170
2024-08-26,38.0,-74.0,720
2024-08-26,38.0,-73.5,180
2024-08-26,38.0,-73.0,360
2024-08-26,38.0,-72.5,180
2024-08-26,38.0,-72.0,270
2024-08-26,38.0,-66.0,90
2024-08-26,38.5,-109.5,360
2024-08-26,38.5,-109.0,540
2024-08-26,38.5,-108.5,90
2024-08-26,38.5,-108.0,90
2024-08-26,38.5,-107.5,360
2024-08-26,38.5,-106.5,180
2024-08-26,38.5,-106.0,90
2024-08-26,38.5,-105.5,270
2024-08-26,38.5,-105.0,90
2024-08-26,38.5,-104.5,360
2024-08-26,38.5,-102.5,180
2024-08-26,38.5,-102.0,810
2024-08-26,38.5,-101.5,630
2024-08-26,38.5,-101.0,990
2024-08-26,38.5,-100.5,2250
2024-08-26,38.5,-100.0,1890
2024-08-26,38.5,-99.5,360
2024-08-26,38.5,-99.0,540
2024-08-26,38.5,-98.5,1530
2024-08-26,38.5,-98.0,450
2024-08-26,38.5,-97.5,990
2024-08-26,38.5,-97.0,270
2024-08-26,38.5,-96.5,180
2024-08-26,38.5,-96.0,90
2024-08-26,38.5,-95.5,450
2024-08-26,38.5,-95.0,2250
2024-08-26,38.5,-94.5,990
2024-08-26,38.5,-94.0,90
2024-08-26,38.5,-93.5,630
2024-08-26,38.5,-93.0,180
2024-08-26,38.5,-92.5,180
2024-08-26,38.5,-92.0,450
2024-08-26,38.5,-91.5,2070
2024-08-26,38.5,-91.0,540
2024-08-26,38.5,-90.5,1890
2024-08-26,38.5,-90.0,1620
2024-08-26,38.5,-89.5,450
2024-08-26,38.5,-89.0,1890
2024-08-26,38.5,-88.5,180
2024-08-26,38.5,-88.0,180
2024-08-26,38.5,-87.5,90
2024-08-26,38.5,-86.5,720
2024-08-26,38.5,-86.0,990
2024-08-26,38.5,-85.5,540
2024-08-26,38.5,-85.0,2430
2024-08-26,38.5,-84.5,2340
2024-08-26,38.5,-84.0,2520
2024-08-26,38.5,-83.5,2520
2024-08-26,38.5,-83.0,3060
2024-08-26,38.5,-82.5,3240
2024-08-26,38.5,-82.0,2970
2024-08-26,38.5,-81.5,1980
2024-08-26,38.5,-81.0,3330
2024-08-26,38.5,-80.5,2070
2024-08-26,38.5,-80.0,2340
2024-08-26,38.5,-79.5,2430
2024-08-26,38.5,-79.0,1800
2024-08-26,38.5,-78.5,2520
2024-08-26,38.5,-78.0,6750
2024-08-26,38.5,-77.5,3600
2024-08-26,38.5,-77.0,810
2024-08-26,38.5,-76.5,180
2024-08-26,38.5,-75.5,90
2024-08-26,38.5,-75.0,90
2024-08-26,38.5,-74.5,450
2024-08-26,38.5,-74.0,450
2024-08-26,38.5,-73.5,90
2024-08-26,38.5,-72.0,90
2024-08-26,39.0,-110.0,90
2024-08-26,39.0,-109.0,1530
2024-08-26,39.0,-108.5,630
2024-08-26,39.0,-108.0,90
2024-08-26,39.0,-102.5,360
2024-08-26,39.0,-102.0,90
2024-08-26,39.0,-101.5,360
2024-08-26,39.0,-101.0,810
2024-08-26,39.0,-100.5,1890
2024-08-26,39.0,-100.0,810
2024-08-26,39.0,-99.5,270
2024-08-26,39.0,-99.0,1170
2024-08-26,39.0,-98.5,450
2024-08-26,39.0,-98.0,630
2024-08-26,39.0,-97.5,900
2024-08-26,39.0,-97.0,1260
2024-08-26,39.0,-96.5,90
2024-08-26,39.0,-96.0,990
2024-08-26,39.0,-95.5,1260
2024-08-26,39.0,-95.0,1530
2024-08-26,39.0,-94.5,180
2024-08-26,39.0,-94.0,2340
2024-08-26,39.0,-93.5,1080
2024-08-26,39.0,-93.0,1260
2024-08-26,39.0,-92.5,1080
2024-08-26,39.0,-92.0,2070
2024-08-26,39.0,-91.5,990
2024-08-26,39.0,-91.0,2340
2024-08-26,39.0,-90.5,1800
2024-08-26,39.0,-90.0,2700
2024-08-26,39.0,-89.5,1440
2024-08-26,39.0,-89.0,720
2024-08-26,39.0,-88.5,360
2024-08-26,39.0,-88.0,990
2024-08-26,39.0,-87.5,450
2024-08-26,39.0,-87.0,270
2024-08-26,39.0,-86.5,2250
2024-08-26,39.0,-86.0,450
2024-08-26,39.0,-85.5,90
2024-08-26,39.0,-85.0,540
2024-08-26,39.0,-84.5,1440
2024-08-26,39.0,-84.0,720
2024-08-26,39.0,-83.5,990
2024-08-26,39.0,-83.0,1170
2024-08-26,39.0,-82.5,1710
2024-08-26,39.0,-82.0,2880
2024-08-26,39.0,-81.5,5400
2024-08-26,39.0,-81.0,2970
2024-08-26,39.0,-80.5,540
2024-08-26,39.0,-80.0,1890
2024-08-26,39.0,-79.5,1620
2024-08-26,39.0,-79.0,4410
2024-08-26,39.0,-78.5,3330
2024-08-26,39.0,-78.0,1350
2024-08-26,39.0,-77.5,3150
2024-08-26,39.0,-77.0,1080
2024-08-26,39.0,-76.5,810
2024-08-26,39.0,-76.0,90
2024-08-26,39.0,-75.5,270
2024-08-26,39.0,-75.0,180
2024-08-26,39.0,-74.5,630
2024-08-26,39.0,-74.0,90
2024-08-26,39.0,-73.5,90
2024-08-26,39.0,-72.5,90
2024-08-26,39.0,-72.0,90
2024-08-26,39.0,-71.5,90
2024-08-26,39.0,-71.0,90
2024-08-26,39.0,-70.5,1080
2024-08-26,39.0,-70.0,180
2024-08-26,39.0,-69.0,180
2024-08-26,39.5,-109.5,180
2024-08-26,39.5,-109.0,90
2024-08-26,39.5,-108.5,540
2024-08-26,39.5,-108.0,180
2024-08-26,39.5,-104.5,90
2024-08-26,39.5,-104.0,270
2024-08-26,39.5,-103.5,90
2024-08-26,39.5,-102.5,90
2024-08-26,39.5,-102.0,450
2024-08-26,39.5,-101.5,630
2024-08-26,39.5,-101.0,1530
2024-08-26,39.5,-100.5,900
2024-08-26,39.5,-100.0,720
2024-08-26,39.5,-99.5,900
2024-08-26,39.5,-99.0,630
2024-08-26,39.5,-98.5,1350
2024-08-26,39.5,-98.0,1170
2024-08-26,39.5,-97.5,450
2024-08-26,39.5,-97.0,810
2024-08-26,39.5,-96.5,720
2024-08-26,39.5,-96.0,450
2024-08-26,39.5,-95.5,720
2024-08-26,39.5,-95.0,1170
2024-08-26,39.5,-94.5,1440
2024-08-26,39.5,-94.0,1620
2024-08-26,39.5,-93.5,810
2024-08-26,39.5,-93.0,1980
2024-08-26,39.5,-92.5,5940
2024-08-26,39.5,-92.0,1890
2024-08-26,39.5,-91.5,540
2024-08-26,39.5,-91.0,990
2024-08-26,39.5,-90.5,3060
2024-08-26,39.5,-90.0,2970
2024-08-26,39.5,-89.5,2430
2024-08-26,39.5,-89.0,900
2024-08-26,39.5,-88.5,900
2024-08-26,39.5,-88.0,1890
2024-08-26,39.5,-87.5,1800
2024-08-26,39.5,-87.0,1260
2024-08-26,39.5,-86.5,3780
2024-08-26,39.5,-86.0,630
2024-08-26,39.5,-85.5,270
2024-08-26,39.5,-85.0,360
2024-08-26,39.5,-82.5,180
2024-08-26,39.5,-82.0,720
2024-08-26,39.5,-81.5,2340
2024-08-26,39.5,-81.0,2250
2024-08-26,39.5,-80.5,2340
2024-08-26,39.5,-80.0,2070
2024-08-26,39.5,-79.5,3600
2024-08-26,39.5,-79.0,10350
2024-08-26,39.5,-78.5,5040
2024-08-26,39.5,-78.0,1890
2024-08-26,39.5,-77.5,900
2024-08-26,39.5,-77.0,90
2024-08-26,39.5,-75.5,180
2024-08-26,39.5,-75.0,90
2024-08-26,39.5,-74.5,270
2024-08-26,39.5,-74.0,90
2024-08-26,39.5,-72.0,180
2024-08-26,39.5,-71.0,180
2024-08-26,39.5,-70.5,90
2024-08-26,39.5,-69.5,90
2024-08-26,39.5,-69.0,270
2024-08-26,39.5,-68.5,540
2024-08-26,39.5,-68.0,270
2024-08-26,39.5,-67.5,180
2024-08-26,39.5,-67.0,720
2024-08-26,39.5,-66.5,450
2024-08-26,39.5,-66.0,360
2024-08-26,40.0,-116.5,90
2024-08-26,40.0,-110.0,90
2024-08-26,40.0,-109.5,180
2024-08-26,40.0,-109.0,180
2024-08-26,40.0,-108.5,180
2024-08-26,40.0,-105.5,90
2024-08-26,40.0,-105.0,90
2024-08-26,40.0,-104.0,630
2024-08-26,40.0,-103.5,360
2024-08-26,40.0,-103.0,540
2024-08-26,40.0,-102.0,90
2024-08-26,40.0,-101.5,990
2024-08-26,40.0,-101.0,1260
2024-08-26,40.0,-100.5,810
2024-08-26,40.0,-100.0,360
2024-08-26,40.0,-99.5,1890
2024-08-26,40.0,-99.0,1440
2024-08-26,40.0,-98.5,900
2024-08-26,40.0,-98.0,810
2024-08-26,40.0,-97.0,1620
2024-08-26,40.0,-96.5,450
2024-08-26,40.0,-96.0,450
2024-08-26,40.0,-95.5,360
2024-08-26,40.0,-95.0,360
2024-08-26,40.0,-94.5,630
2024-08-26,40.0,-94.0,810
2024-08-26,40.0,-93.5,360
2024-08-26,40.0,-93.0,5850
2024-08-26,40.0,-92.5,3240
2024-08-26,40.0,-92.0,1890
2024-08-26,40.0,-91.5,1800
2024-08-26,40.0,-90.5,90
2024-08-26,40.0,-90.0,450
2024-08-26,40.0,-89.5,1170
2024-08-26,40.0,-89.0,2250
2024-08-26,40.0,-88.5,4680
2024-08-26,40.0,-88.0,4500
2024-08-26,40.0,-87.5,540
2024-08-26,40.0,-87.0,720
2024-08-26,40.0,-86.5,2430
2024-08-26,40.0,-86.0,1620
2024-08-26,40.0,-85.5,1620
2024-08-26,40.0,-85.0,270
2024-08-26,40.0,-83.0,630
2024-08-26,40.0,-82.5,180
2024-08-26,40.0,-81.5,270
2024-08-26,40.0,-81.0,270
2024-08-26,40.0,-80.5,2790
2024-08-26,40.0,-80.0,1620
2024-08-26,40.0,-79.5,2070
2024-08-26,40.0,-79.0,6570
2024-08-26,40.0,-78.5,900
2024-08-26,40.0,-78.0,450
2024-08-26,40.0,-77.5,2160
2024-08-26,40.0,-77.0,90
2024-08-26,40.0,-74.5,810
2024-08-26,40.0,-74.0,180
2024-08-26,40.0,-73.5,180
2024-08-26,40.0,-72.0,270
2024-08-26,40.0,-69.0,180
2024-08-26,40.0,-68.5,630
2024-08-26,40.0,-68.0,1530
2024-08-26,40.0,-67.5,180
2024-08-26,40.0,-67.0,180
2024-08-26,40.0,-66.5,180
2024-08-26,40.0,-66.0,270
2024-08-26,40.5,-115.5,90
2024-08-26,40.5,-110.0,180
2024-08-26,40.5,-109.5,180
2024-08-26,40.5,-107.5,90
2024-08-26,40.5,-105.5,90
2024-08-26,40.5,-105.0,180
2024-08-26,40.5,-103.5,540
2024-08-26,40.5,-103.0,360
2024-08-26,40.5,-102.5,180
2024-08-26,40.5,-101.0,1080
2024-08-26,40.5,-100.5,630
2024-08-26,40.5,-100.0,1710
2024-08-26,40.5,-99.5,630
2024-08-26,40.5,-99.0,450
2024-08-26,40.5,-98.5,1530
2024-08-26,40.5,-98.0,1440
2024-08-26,40.5,-97.5,270
2024-08-26,40.5,-97.0,180
2024-08-26,40.5,-96.5,180
2024-08-26,40.5,-96.0,630
2024-08-26,40.5,-95.5,1530
2024-08-26,40.5,-95.0,1980
2024-08-26,40.5,-94.5,630
2024-08-26,40.5,-94.0,360
2024-08-26,40.5,-93.5,990
2024-08-26,40.5,-93.0,2790
2024-08-26,40.5,-92.5,1890
2024-08-26,40.5,-92.0,5760
2024-08-26,40.5,-91.5,4050
2024-08-26,40.5,-91.0,4230
2024-08-26,40.5,-90.5,5490
2024-08-26,40.5,-90.0,2340
2024-08-26,40.5,-89.5,2700
2024-08-26,40.5,-89.0,810
2024-08-26,40.5,-88.5,2970
2024-08-26,40.5,-88.0,5130
2024-08-26,40.5,-87.5,2160
2024-08-26,40.5,-87.0,3240
2024-08-26,40.5,-86.5,270
2024-08-26,40.5,-86.0,1080
2024-08-26,40.5,-85.5,1260
2024-08-26,40.5,-85.0,360
2024-08-26,40.5,-84.5,270
2024-08-26,40.5,-83.5,180
2024-08-26,40.5,-83.0,90
2024-08-26,40.5,-82.5,450
2024-08-26,40.5,-82.0,450
2024-08-26,40.5,-81.5,90
2024-08-26,40.5,-81.0,810
2024-08-26,40.5,-80.5,270
2024-08-26,40.5,-80.0,270
2024-08-26,40.5,-79.5,720
2024-08-26,40.5,-79.0,450
2024-08-26,40.5,-78.5,1440
2024-08-26,40.5,-78.0,1080
2024-08-26,40.5,-77.5,6840
2024-08-26,40.5,-77.0,360
2024-08-26,40.5,-76.5,180
2024-08-26,40.5,-76.0,90
2024-08-26,40.5,-75.5,90
2024-08-26,40.5,-75.0,990
2024-08-26,40.5,-74.5,450
2024-08-26,40.5,-73.5,1350
2024-08-26,40.5,-73.0,180
2024-08-26,40.5,-72.5,90
2024-08-26,40.5,-72.0,450
2024-08-26,40.5,-70.5,90
2024-08-26,40.5,-70.0,1170
2024-08-26,41.0,-115.5,90
2024-08-26,41.0,-114.5,90
2024-08-26,41.0,-110.5,90
2024-08-26,41.0,-109.0,180
2024-08-26,41.0,-107.5,90
2024-08-26,41.0,-103.5,90
2024-08-26,41.0,-103.0,450
2024-08-26,41.0,-101.0,180
2024-08-26,41.0,-100.0,90
2024-08-26,41.0,-99.5,720
2024-08-26,41.0,-99.0,720
2024-08-26,41.0,-98.5,180
2024-08-26,41.0,-98.0,810
2024-08-26,41.0,-97.5,450
2024-08-26,41.0,-97.0,270
2024-08-26,41.0,-96.5,630
2024-08-26,41.0,-96.0,720
2024-08-26,41.0,-95.5,2160
2024-08-26,41.0,-95.0,2520
2024-08-26,41.0,-94.5,2340
2024-08-26,41.0,-94.0,1620
2024-08-26,41.0,-93.5,360
2024-08-26,41.0,-93.0,360
2024-08-26,41.0,-92.5,450
2024-08-26,41.0,-92.0,1620
2024-08-26,41.0,-91.5,1710
2024-08-26,41.0,-91.0,360
2024-08-26,41.0,-90.5,4050
2024-08-26,41.0,-90.0,3510
2024-08-26,41.0,-89.5,5040
2024-08-26,41.0,-89.0,4950
2024-08-26,41.0,-88.5,3510
2024-08-26,41.0,-88.0,4050
2024-08-26,41.0,-87.5,2880
2024-08-26,41.0,-87.0,630
2024-08-26,41.0,-86.5,1710
2024-08-26,41.0,-86.0,1440
2024-08-26,41.0,-85.5,900
2024-08-26,41.0,-85.0,180
2024-08-26,41.0,-84.5,180
2024-08-26,41.0,-84.0,450
2024-08-26,41.0,-83.5,1260
2024-08-26,41.0,-83.0,630
2024-08-26,41.0,-82.5,270
2024-08-26,41.0,-82.0,1350
2024-08-26,41.0,-81.5,360
2024-08-26,41.0,-81.0,810
2024-08-26,41.0,-80.5,720
2024-08-26,41.0,-80.0,270
2024-08-26,41.0,-79.5,90
2024-08-26,41.0,-78.5,450
2024-08-26,41.0,-78.0,1080
2024-08-26,41.0,-77.5,990
2024-08-26,41.0,-77.0,900
2024-08-26,41.0,-76.5,810
2024-08-26,41.0,-76.0,540
2024-08-26,41.0,-75.0,90
2024-08-26,41.0,-73.5,360
2024-08-26,41.0,-73.0,900
2024-08-26,41.0,-72.0,2430
2024-08-26,41.0,-71.0,180
2024-08-26,41.0,-70.5,270
2024-08-26,41.0,-70.0,270
2024-08-26,41.5,-113.0,90
2024-08-26,41.5,-111.5,90
2024-08-26,41.5,-110.5,90
2024-08-26,41.5,-108.5,90
2024-08-26,41.5,-104.0,90
2024-08-26,41.5,-103.5,90
2024-08-26,41.5,-103.0,90
2024-08-26,41.5,-102.5,630
2024-08-26,41.5,-101.5,90
2024-08-26,41.5,-100.5,180
2024-08-26,41.5,-99.0,90
2024-08-26,41.5,-98.5,450
2024-08-26,41.5,-98.0,1620
2024-08-26,41.5,-97.0,180
2024-08-26,41.5,-96.5,450
2024-08-26,41.5,-96.0,720
2024-08-26,41.5,-95.5,990
2024-08-26,41.5,-95.0,1800
2024-08-26,41.5,-94.5,1890
2024-08-26,41.5,-94.0,1800
2024-08-26,41.5,-93.5,720
2024-08-26,41.5,-93.0,1080
2024-08-26,41.5,-92.5,270
2024-08-26,41.5,-92.0,360
2024-08-26,41.5,-91.5,540
2024-08-26,41.5,-91.0,1350
2024-08-26,41.5,-90.5,360
2024-08-26,41.5,-90.0,1260
2024-08-26,41.5,-89.5,630
2024-08-26,41.5,-89.0,1620
2024-08-26,41.5,-88.5,5490
2024-08-26,41.5,-88.0,5760
2024-08-26,41.5,-87.5,2070
2024-08-26,41.5,-87.0,1350
2024-08-26,41.5,-86.5,3240
2024-08-26,41.5,-86.0,1980
2024-08-26,41.5,-85.5,1890
2024-08-26,41.5,-85.0,540
2024-08-26,41.5,-84.5,1710
2024-08-26,41.5,-84.0,1620
2024-08-26,41.5,-83.5,810
2024-08-26,41.5,-83.0,1710
2024-08-26,41.5,-82.5,1080
2024-08-26,41.5,-82.0,360
2024-08-26,41.5,-81.5,180
2024-08-26,41.5,-81.0,1620
2024-08-26,41.5,-80.5,270
2024-08-26,41.5,-80.0,90
2024-08-26,41.5,-78.5,90
2024-08-26,41.5,-78.0,900
2024-08-26,41.5,-77.5,90
2024-08-26,41.5,-77.0,90
2024-08-26,41.5,-76.5,180
2024-08-26,41.5,-75.5,90
2024-08-26,41.5,-73.5,180
2024-08-26,41.5,-73.0,720
2024-08-26,41.5,-72.5,450
2024-08-26,41.5,-72.0,1620
2024-08-26,41.5,-71.5,630
2024-08-26,41.5,-71.0,2430
2024-08-26,41.5,-70.5,1260
2024-08-26,41.5,-70.0,180
2024-08-26,41.5,-69.5,180
2024-08-26,42.0,-113.0,180
2024-08-26,42.0,-112.0,90
2024-08-26,42.0,-111.5,90
2024-08-26,42.0,-111.0,540
2024-08-26,42.0,-110.5,360
2024-08-26,42.0,-110.0,90
2024-08-26,42.0,-109.5,90
2024-08-26,42.0,-108.0,180
2024-08-26,42.0,-107.0,90
2024-08-26,42.0,-104.5,180
2024-08-26,42.0,-104.0,540
2024-08-26,42.0,-103.5,270
2024-08-26,42.0,-102.5,1350
2024-08-26,42.0,-102.0,1800
2024-08-26,42.0,-101.5,810
2024-08-26,42.0,-101.0,540
2024-08-26,42.0,-100.5,270
2024-08-26,42.0,-100.0,450
2024-08-26,42.0,-99.5,90
2024-08-26,42.0,-99.0,900
2024-08-26,42.0,-98.5,90
2024-08-26,42.0,-98.0,1170
2024-08-26,42.0,-97.5,90
2024-08-26,42.0,-97.0,900
2024-08-26,42.0,-96.5,450
2024-08-26,42.0,-96.0,270
2024-08-26,42.0,-95.5,2070
2024-08-26,42.0,-95.0,2160
2024-08-26,42.0,-94.5,1620
2024-08-26,42.0,-94.0,1980
2024-08-26,42.0,-93.5,1350
2024-08-26,42.0,-93.0,630
2024-08-26,42.0,-92.5,540
2024-08-26,42.0,-92.0,1710
2024-08-26,42.0,-91.5,270
2024-08-26,42.0,-91.0,1530
2024-08-26,42.0,-90.5,990
2024-08-26,42.0,-90.0,720
2024-08-26,42.0,-89.5,270
2024-08-26,42.0,-89.0,1890
2024-08-26,42.0,-88.5,4860
2024-08-26,42.0,-88.0,2520
2024-08-26,42.0,-87.5,360
2024-08-26,42.0,-87.0,720
2024-08-26,42.0,-86.0,450
2024-08-26,42.0,-85.5,720
2024-08-26,42.0,-85.0,1890
2024-08-26,42.0,-84.5,1890
2024-08-26,42.0,-84.0,3330
2024-08-26,42.0,-83.5,2070
2024-08-26,42.0,-83.0,3150
2024-08-26,42.0,-82.5,900
2024-08-26,42.0,-82.0,450
2024-08-26,42.0,-81.5,1620
2024-08-26,42.0,-81.0,1710
2024-08-26,42.0,-80.5,270
2024-08-26,42.0,-80.0,450
2024-08-26,42.0,-77.5,90
2024-08-26,42.0,-73.5,270
2024-08-26,42.0,-73.0,450
2024-08-26,42.0,-72.5,540
2024-08-26,42.0,-72.0,90
2024-08-26,42.0,-71.5,90
2024-08-26,42.0,-70.5,90
2024-08-26,42.5,-120.0,90
2024-08-26,42.5,-112.5,90
2024-08-26,42.5,-111.0,360
2024-08-26,42.5,-110.5,270
2024-08-26,42.5,-110.0,180
2024-08-26,42.5,-109.0,720
2024-08-26,42.5,-108.5,270
2024-08-26,42.5,-107.5,270
2024-08-26,42.5,-107.0,90
2024-08-26,42.5,-105.5,90
2024-08-26,42.5,-105.0,90
2024-08-26,42.5,-104.5,450
2024-08-26,42.5,-103.5,270
2024-08-26,42.5,-103.0,1170
2024-08-26,42.5,-102.5,990
2024-08-26,42.5,-102.0,1080
2024-08-26,42.5,-101.5,630
2024-08-26,42.5,-101.0,1080
2024-08-26,42.5,-100.5,270
2024-08-26,42.5,-100.0,810
2024-08-26,42.5,-99.5,900
2024-08-26,42.5,-99.0,360
2024-08-26,42.5,-98.5,270
2024-08-26,42.5,-98.0,360
2024-08-26,42.5,-97.0,270
2024-08-26,42.5,-96.5,630
2024-08-26,42.5,-96.0,630
2024-08-26,42.5,-95.5,1350
2024-08-26,42.5,-95.0,540
2024-08-26,42.5,-94.5,1800
2024-08-26,42.5,-94.0,450
2024-08-26,42.5,-93.5,990
2024-08-26,42.5,-93.0,1350
2024-08-26,42.5,-92.5,1350
2024-08-26,42.5,-92.0,1170
2024-08-26,42.5,-91.5,1350
2024-08-26,42.5,-90.5,270
2024-08-26,42.5,-90.0,450
2024-08-26,42.5,-89.5,720
2024-08-26,42.5,-89.0,1980
2024-08-26,42.5,-88.5,1440
2024-08-26,42.5,-88.0,90
2024-08-26,42.5,-87.0,990
2024-08-26,42.5,-86.5,810
2024-08-26,42.5,-86.0,270
2024-08-26,42.5,-85.5,2340
2024-08-26,42.5,-85.0,720
2024-08-26,42.5,-84.5,2520
2024-08-26,42.5,-84.0,2700
2024-08-26,42.5,-83.5,720
2024-08-26,42.5,-83.0,1620
2024-08-26,42.5,-82.5,630
2024-08-26,42.5,-82.0,1080
2024-08-26,42.5,-81.5,630
2024-08-26,42.5,-81.0,1800
2024-08-26,42.5,-80.5,90
2024-08-26,42.5,-80.0,180
2024-08-26,42.5,-79.5,270
2024-08-26,42.5,-77.0,90
2024-08-26,42.5,-74.5,180
2024-08-26,42.5,-73.5,90
2024-08-26,42.5,-73.0,900
2024-08-26,42.5,-72.5,630
2024-08-26,42.5,-72.0,180
2024-08-26,42.5,-70.5,90
2024-08-26,43.0,-120.5,90
2024-08-26,43.0,-112.0,180
2024-08-26,43.0,-110.0,180
2024-08-26,43.0,-108.5,1080
2024-08-26,43.0,-108.0,180
2024-08-26,43.0,-107.5,270
2024-08-26,43.0,-106.5,270
2024-08-26,43.0,-106.0,180
2024-08-26,43.0,-105.5,360
2024-08-26,43.0,-105.0,180
2024-08-26,43.0,-104.0,90
2024-08-26,43.0,-103.5,180
2024-08-26,43.0,-103.0,360
2024-08-26,43.0,-102.5,180
2024-08-26,43.0,-102.0,180
2024-08-26,43.0,-101.5,900
2024-08-26,43.0,-101.0,720
2024-08-26,43.0,-100.5,900
2024-08-26,43.0,-100.0,360
2024-08-26,43.0,-99.5,1530
2024-08-26,43.0,-99.0,1800
2024-08-26,43.0,-98.5,2250
2024-08-26,43.0,-98.0,90
2024-08-26,43.0,-97.5,2430
2024-08-26,43.0,-97.0,450
2024-08-26,43.0,-96.5,900
2024-08-26,43.0,-96.0,1170
2024-08-26,43.0,-95.5,90
2024-08-26,43.0,-95.0,270
2024-08-26,43.0,-94.5,1530
2024-08-26,43.0,-94.0,1080
2024-08-26,43.0,-93.5,810
2024-08-26,43.0,-93.0,3600
2024-08-26,43.0,-92.5,1620
2024-08-26,43.0,-92.0,450
2024-08-26,43.0,-91.5,2430
2024-08-26,43.0,-91.0,1620
2024-08-26,43.0,-90.5,180
2024-08-26,43.0,-90.0,360
2024-08-26,43.0,-89.5,1440
2024-08-26,43.0,-89.0,450
2024-08-26,43.0,-88.5,720
2024-08-26,43.0,-88.0,90
2024-08-26,43.0,-87.5,900
2024-08-26,43.0,-87.0,900
2024-08-26,43.0,-86.5,360
2024-08-26,43.0,-86.0,270
2024-08-26,43.0,-85.5,450
2024-08-26,43.0,-85.0,2250
2024-08-26,43.0,-84.5,1080
2024-08-26,43.0,-84.0,1980
2024-08-26,43.0,-83.5,1800
2024-08-26,43.0,-83.0,1260
2024-08-26,43.0,-82.5,4500
2024-08-26,43.0,-82.0,4410
2024-08-26,43.0,-81.5,720
2024-08-26,43.0,-81.0,270
2024-08-26,43.0,-80.5,720
2024-08-26,43.0,-80.0,540
2024-08-26,43.0,-79.5,360
2024-08-26,43.0,-78.5,180
2024-08-26,43.0,-77.0,90
2024-08-26,43.0,-72.5,90
2024-08-26,43.0,-72.0,270
2024-08-26,43.0,-71.5,270
2024-08-26,43.0,-71.0,180
2024-08-26,43.5,-122.0,180
2024-08-26,43.5,-111.5,360
2024-08-26,43.5,-111.0,90
2024-08-26,43.5,-110.5,180
2024-08-26,43.5,-109.5,180
2024-08-26,43.5,-109.0,180
2024-08-26,43.5,-108.0,270
2024-08-26,43.5,-107.5,360
2024-08-26,43.5,-107.0,180
2024-08-26,43.5,-106.0,90
2024-08-26,43.5,-105.5,1260
2024-08-26,43.5,-105.0,540
2024-08-26,43.5,-104.5,90
2024-08-26,43.5,-104.0,180
2024-08-26,43.5,-103.5,270
2024-08-26,43.5,-103.0,180
2024-08-26,43.5,-102.5,450
2024-08-26,43.5,-102.0,270
2024-08-26,43.5,-101.5,270
2024-08-26,43.5,-100.5,180
2024-08-26,43.5,-100.0,810
2024-08-26,43.5,-99.5,2610
2024-08-26,43.5,-99.0,2250
2024-08-26,43.5,-98.5,630
2024-08-26,43.5,-98.0,180
2024-08-26,43.5,-97.5,1170
2024-08-26,43.5,-97.0,1800
2024-08-26,43.5,-96.5,1710
2024-08-26,43.5,-96.0,1170
2024-08-26,43.5,-95.5,900
2024-08-26,43.5,-95.0,270
2024-08-26,43.5,-94.5,360
2024-08-26,43.5,-94.0,1080
2024-08-26,43.5,-93.5,810
2024-08-26,43.5,-93.0,1530
2024-08-26,43.5,-92.5,1710
2024-08-26,43.5,-92.0,3510
2024-08-26,43.5,-91.5,2070
2024-08-26,43.5,-91.0,540
2024-08-26,43.5,-90.5,540
2024-08-26,43.5,-90.0,990
2024-08-26,43.5,-89.5,540
2024-08-26,43.5,-89.0,1710
2024-08-26,43.5,-88.5,1170
2024-08-26,43.5,-88.0,2160
2024-08-26,43.5,-87.5,2880
2024-08-26,43.5,-87.0,720
2024-08-26,43.5,-86.5,810
2024-08-26,43.5,-86.0,720
2024-08-26,43.5,-85.5,810
2024-08-26,43.5,-85.0,630
2024-08-26,43.5,-84.5,1260
2024-08-26,43.5,-84.0,540
2024-08-26,43.5,-83.5,180
2024-08-26,43.5,-83.0,360
2024-08-26,43.5,-82.5,450
2024-08-26,43.5,-82.0,1440
2024-08-26,43.5,-81.5,90
2024-08-26,43.5,-81.0,90
2024-08-26,43.5,-80.5,90
2024-08-26,43.5,-80.0,450
2024-08-26,43.5,-79.5,180
2024-08-26,43.5,-79.0,180
2024-08-26,43.5,-78.5,180
2024-08-26,43.5,-77.5,90
2024-08-26,43.5,-74.0,360
2024-08-26,43.5,-73.0,270
2024-08-26,43.5,-72.0,540
2024-08-26,43.5,-71.5,540
2024-08-26,43.5,-71.0,180
2024-08-26,44.0,-112.5,90
2024-08-26,44.0,-111.5,90
2024-08-26,44.0,-110.5,90
2024-08-26,44.0,-109.0,90
2024-08-26,44.0,-108.0,450
2024-08-26,44.0,-107.5,90
2024-08-26,44.0,-107.0,180
2024-08-26,44.0,-106.5,90
2024-08-26,44.0,-105.0,720
2024-08-26,44.0,-104.5,540
2024-08-26,44.0,-104.0,180
2024-08-26,44.0,-103.5,540
2024-08-26,44.0,-103.0,450
2024-08-26,44.0,-102.5,450
2024-08-26,44.0,-102.0,1080
2024-08-26,44.0,-101.5,1350
2024-08-26,44.0,-100.0,90
2024-08-26,44.0,-99.5,3690
2024-08-26,44.0,-99.0,2070
2024-08-26,44.0,-98.5,1530
2024-08-26,44.0,-98.0,1440
2024-08-26,44.0,-97.5,1260
2024-08-26,44.0,-97.0,1620
2024-08-26,44.0,-96.5,1530
2024-08-26,44.0,-96.0,720
2024-08-26,44.0,-95.5,1350
2024-08-26,44.0,-95.0,3330
2024-08-26,44.0,-94.5,1980
2024-08-26,44.0,-94.0,810
2024-08-26,44.0,-93.5,990
2024-08-26,44.0,-93.0,540
2024-08-26,44.0,-92.5,810
2024-08-26,44.0,-92.0,4050
2024-08-26,44.0,-91.5,2520
2024-08-26,44.0,-91.0,1350
2024-08-26,44.0,-90.5,1620
2024-08-26,44.0,-90.0,1260
2024-08-26,44.0,-89.5,900
2024-08-26,44.0,-89.0,2430
2024-08-26,44.0,-88.5,3600
2024-08-26,44.0,-88.0,450
2024-08-26,44.0,-87.5,1710
2024-08-26,44.0,-87.0,90
2024-08-26,44.0,-86.5,630
2024-08-26,44.0,-85.5,1890
2024-08-26,44.0,-85.0,90
2024-08-26,44.0,-84.5,720
2024-08-26,44.0,-84.0,90
2024-08-26,44.0,-83.5,540
2024-08-26,44.0,-83.0,360
2024-08-26,44.0,-82.5,90
2024-08-26,44.0,-82.0,270
2024-08-26,44.0,-81.5,180
2024-08-26,44.0,-81.0,1170
2024-08-26,44.0,-80.5,360
2024-08-26,44.0,-80.0,270
2024-08-26,44.0,-79.5,180
2024-08-26,44.0,-79.0,180
2024-08-26,44.0,-78.5,180
2024-08-26,44.0,-72.0,270
2024-08-26,44.0,-71.5,180
2024-08-26,44.0,-70.5,90
2024-08-26,44.0,-69.0,90
2024-08-26,44.5,-112.5,90
2024-08-26,44.5,-112.0,180
2024-08-26,44.5,-109.5,90
2024-08-26,44.5,-109.0,180
2024-08-26,44.5,-108.5,270
2024-08-26,44.5,-108.0,90
2024-08-26,44.5,-107.5,270
2024-08-26,44.5,-107.0,180
2024-08-26,44.5,-106.0,180
2024-08-26,44.5,-105.5,540
2024-08-26,44.5,-105.0,180
2024-08-26,44.5,-104.5,90
2024-08-26,44.5,-104.0,90
2024-08-26,44.5,-103.5,810
2024-08-26,44.5,-103.0,360
2024-08-26,44.5,-102.5,90
2024-08-26,44.5,-102.0,540
2024-08-26,44.5,-101.5,630
2024-08-26,44.5,-101.0,270
2024-08-26,44.5,-99.5,270
2024-08-26,44.5,-99.0,1800
2024-08-26,44.5,-98.5,4140
2024-08-26,44.5,-98.0,1980
2024-08-26,44.5,-97.5,3150
2024-08-26,44.5,-97.0,3600
2024-08-26,44.5,-96.5,3600
2024-08-26,44.5,-96.0,1350
2024-08-26,44.5,-95.5,90
2024-08-26,44.5,-95.0,2970
2024-08-26,44.5,-94.5,2070
2024-08-26,44.5,-94.0,6930
2024-08-26,44.5,-93.5,3690
2024-08-26,44.5,-93.0,6210
2024-08-26,44.5,-92.5,7650
2024-08-26,44.5,-92.0,5310
2024-08-26,44.5,-91.5,2880
2024-08-26,44.5,-91.0,2520
2024-08-26,44.5,-90.5,1080
2024-08-26,44.5,-90.0,1170
2024-08-26,44.5,-89.5,450
2024-08-26,44.5,-89.0,2250
2024-08-26,44.5,-88.5,540
2024-08-26,44.5,-88.0,720
2024-08-26,44.5,-86.5,180
2024-08-26,44.5,-85.5,540
2024-08-26,44.5,-84.5,360
2024-08-26,44.5,-84.0,270
2024-08-26,44.5,-83.5,900
2024-08-26,44.5,-81.5,90
2024-08-26,44.5,-81.0,180
2024-08-26,44.5,-80.5,360
2024-08-26,44.5,-80.0,630
2024-08-26,44.5,-79.5,270
2024-08-26,44.5,-79.0,360
2024-08-26,44.5,-78.5,270
2024-08-26,44.5,-78.0,90
2024-08-26,44.5,-77.5,90
2024-08-26,44.5,-77.0,90
2024-08-26,44.5,-73.5,180
2024-08-26,44.5,-72.0,360
2024-08-26,44.5,-71.5,180
2024-08-26,44.5,-71.0,90
2024-08-26,44.5,-70.5,180
2024-08-26,44.5,-70.0,270
2024-08-26,45.0,-112.0,180
2024-08-26,45.0,-111.5,90
2024-08-26,45.0,-110.5,90
2024-08-26,45.0,-110.0,90
2024-08-26,45.0,-109.0,90
2024-08-26,45.0,-108.0,270
2024-08-26,45.0,-107.5,180
2024-08-26,45.0,-107.0,180
2024-08-26,45.0,-106.0,90
2024-08-26,45.0,-105.5,900
2024-08-26,45.0,-105.0,900
2024-08-26,45.0,-104.5,90
2024-08-26,45.0,-102.0,90
2024-08-26,45.0,-101.5,90
2024-08-26,45.0,-101.0,90
2024-08-26,45.0,-100.5,90
2024-08-26,45.0,-99.0,810
2024-08-26,45.0,-98.5,1710
2024-08-26,45.0,-98.0,450
2024-08-26,45.0,-97.0,360
2024-08-26,45.0,-96.5,360
2024-08-26,45.0,-96.0,450
2024-08-26,45.0,-95.5,2520
2024-08-26,45.0,-95.0,1080
2024-08-26,45.0,-94.5,1800
2024-08-26,45.0,-94.0,2790
2024-08-26,45.0,-93.5,2340
2024-08-26,45.0,-93.0,5850
2024-08-26,45.0,-92.5,1440
2024-08-26,45.0,-92.0,2520
2024-08-26,45.0,-91.5,720
2024-08-26,45.0,-91.0,2700
2024-08-26,45.0,-90.5,90
2024-08-26,45.0,-90.0,990
2024-08-26,45.0,-89.5,270
2024-08-26,45.0,-89.0,270
2024-08-26,45.0,-88.5,270
2024-08-26,45.0,-88.0,90
2024-08-26,45.0,-86.5,90
2024-08-26,45.0,-86.0,90
2024-08-26,45.0,-83.0,180
2024-08-26,45.0,-75.5,90
2024-08-26,45.0,-75.0,270
2024-08-26,45.0,-74.5,90
2024-08-26,45.0,-74.0,180
2024-08-26,45.0,-72.0,630
2024-08-26,45.0,-70.5,180
2024-08-26,45.5,-112.0,180
2024-08-26,45.5,-108.0,90
2024-08-26,45.5,-107.5,180
2024-08-26,45.5,-106.0,360
2024-08-26,45.5,-105.5,900
2024-08-26,45.5,-105.0,180
2024-08-26,45.5,-104.5,270
2024-08-26,45.5,-104.0,180
2024-08-26,45.5,-101.5,180
2024-08-26,45.5,-101.0,540
2024-08-26,45.5,-100.5,2700
2024-08-26,45.5,-100.0,1530
2024-08-26,45.5,-99.5,990
2024-08-26,45.5,-99.0,270
2024-08-26,45.5,-98.5,450
2024-08-26,45.5,-97.5,180
2024-08-26,45.5,-96.5,180
2024-08-26,45.5,-96.0,540
2024-08-26,45.5,-95.5,1620
2024-08-26,45.5,-95.0,1620
2024-08-26,45.5,-94.5,1890
2024-08-26,45.5,-94.0,3600
2024-08-26,45.5,-93.5,1980
2024-08-26,45.5,-93.0,2790
2024-08-26,45.5,-92.5,3060
2024-08-26,45.5,-92.0,1890
2024-08-26,45.5,-91.5,1260
2024-08-26,45.5,-91.0,720
2024-08-26,45.5,-90.5,720
2024-08-26,45.5,-90.0,810
2024-08-26,45.5,-89.5,180
2024-08-26,45.5,-88.5,540
2024-08-26,45.5,-88.0,270
2024-08-26,45.5,-87.5,450
2024-08-26,45.5,-86.5,360
2024-08-26,45.5,-77.0,180
2024-08-26,45.5,-75.5,90
2024-08-26,45.5,-74.5,180
2024-08-26,45.5,-71.5,180
2024-08-26,45.5,-71.0,90
2024-08-26,45.5,-70.5,90
2024-08-26,45.5,-70.0,270
2024-08-26,45.5,-69.5,270
2024-08-26,45.5,-66.5,90
2024-08-26,46.0,-113.5,90
2024-08-26,46.0,-110.5,90
2024-08-26,46.0,-110.0,90
2024-08-26,46.0,-107.0,90
2024-08-26,46.0,-106.5,90
2024-08-26,46.0,-106.0,180
2024-08-26,46.0,-101.5,90
2024-08-26,46.0,-101.0,1260
2024-08-26,46.0,-100.5,2520
2024-08-26,46.0,-100.0,1800
2024-08-26,46.0,-99.5,810
2024-08-26,46.0,-99.0,90
2024-08-26,46.0,-98.5,90
2024-08-26,46.0,-98.0,90
2024-08-26,46.0,-97.5,450
2024-08-26,46.0,-97.0,540
2024-08-26,46.0,-96.5,630
2024-08-26,46.0,-96.0,2340
2024-08-26,46.0,-95.5,630
2024-08-26,46.0,-95.0,540
2024-08-26,46.0,-94.5,630
2024-08-26,46.0,-94.0,630
2024-08-26,46.0,-93.5,360
2024-08-26,46.0,-93.0,180
2024-08-26,46.0,-92.5,360
2024-08-26,46.0,-92.0,1170
2024-08-26,46.0,-91.5,1080
2024-08-26,46.0,-91.0,990
2024-08-26,46.0,-90.5,900
2024-08-26,46.0,-90.0,720
2024-08-26,46.0,-89.5,360
2024-08-26,46.0,-88.5,90
2024-08-26,46.0,-88.0,270
2024-08-26,46.0,-87.5,720
2024-08-26,46.0,-87.0,90
2024-08-26,46.0,-84.5,90
2024-08-26,46.0,-78.5,90
2024-08-26,46.0,-76.0,90
2024-08-26,46.0,-69.0,180
2024-08-26,46.0,-66.5,90
2024-08-26,46.0,-66.0,90
2024-08-26,46.0,-65.5,180
2024-08-26,46.5,-104.5,90
2024-08-26,46.5,-101.5,180
2024-08-26,46.5,-101.0,2880
2024-08-26,46.5,-100.5,2520
2024-08-26,46.5,-100.0,990
2024-08-26,46.5,-99.5,4320
2024-08-26,46.5,-99.0,810
2024-08-26,46.5,-98.5,900
2024-08-26,46.5,-98.0,2430
2024-08-26,46.5,-97.5,1080
2024-08-26,46.5,-97.0,720
2024-08-26,46.5,-96.5,900
2024-08-26,46.5,-96.0,270
2024-08-26,46.5,-95.5,270
2024-08-26,46.5,-95.0,270
2024-08-26,46.5,-94.5,90
2024-08-26,46.5,-94.0,270
2024-08-26,46.5,-93.5,90
2024-08-26,46.5,-93.0,90
2024-08-26,46.5,-91.5,720
2024-08-26,46.5,-91.0,540
2024-08-26,46.5,-90.5,450
2024-08-26,46.5,-90.0,450
2024-08-26,46.5,-89.5,1170
2024-08-26,46.5,-89.0,2430
2024-08-26,46.5,-88.5,2610
2024-08-26,46.5,-88.0,1980
2024-08-26,46.5,-87.5,2700
2024-08-26,46.5,-87.0,360
2024-08-26,46.5,-86.5,90
2024-08-26,46.5,-85.0,90
2024-08-26,46.5,-83.0,180
2024-08-26,46.5,-82.5,180
2024-08-26,46.5,-81.5,270
2024-08-26,46.5,-81.0,450
2024-08-26,46.5,-80.5,180
2024-08-26,46.5,-80.0,270
2024-08-26,46.5,-79.5,90
2024-08-26,46.5,-79.0,180
2024-08-26,46.5,-78.5,180
2024-08-26,46.5,-78.0,450
2024-08-26,46.5,-77.0,180
2024-08-26,46.5,-76.0,90
2024-08-26,46.5,-67.5,90
2024-08-26,46.5,-66.0,90
2024-08-26,47.0,-107.5,90
2024-08-26,47.0,-101.5,90
2024-08-26,47.0,-101.0,360
2024-08-26,47.0,-100.5,3510
2024-08-26,47.0,-100.0,5040
2024-08-26,47.0,-99.5,3780
2024-08-26,47.0,-99.0,5940
2024-08-26,47.0,-98.5,2880
2024-08-26,47.0,-98.0,3150
2024-08-26,47.0,-97.5,3060
2024-08-26,47.0,-97.0,1350
2024-08-26,47.0,-96.5,1260
2024-08-26,47.0,-96.0,1440
2024-08-26,47.0,-95.5,180
2024-08-26,47.0,-95.0,540
2024-08-26,47.0,-94.5,630
2024-08-26,47.0,-93.5,270
2024-08-26,47.0,-93.0,180
2024-08-26,47.0,-92.0,720
2024-08-26,47.0,-91.5,450
2024-08-26,47.0,-91.0,900
2024-08-26,47.0,-90.5,270
2024-08-26,47.0,-89.5,270
2024-08-26,47.0,-89.0,360
2024-08-26,47.0,-88.5,1620
2024-08-26,47.0,-88.0,1350
2024-08-26,47.0,-87.5,990
2024-08-26,47.0,-87.0,1260
2024-08-26,47.0,-86.5,180
2024-08-26,47.0,-86.0,90
2024-08-26,47.0,-85.5,90
2024-08-26,47.0,-84.0,90
2024-08-26,47.0,-83.5,360
2024-08-26,47.0,-83.0,270
2024-08-26,47.0,-82.5,720
2024-08-26,47.0,-82.0,90
2024-08-26,47.0,-81.5,270
2024-08-26,47.0,-81.0,180
2024-08-26,47.0,-80.5,180
2024-08-26,47.0,-80.0,720
2024-08-26,47.0,-79.5,180
2024-08-26,47.0,-79.0,270
2024-08-26,47.0,-78.5,180
2024-08-26,47.0,-78.0,360
2024-08-26,47.0,-76.0,180
2024-08-26,47.0,-73.5,90
2024-08-26,47.0,-72.5,90
2024-08-26,47.5,-122.0,90
2024-08-26,47.5,-101.5,450
2024-08-26,47.5,-101.0,360
2024-08-26,47.5,-100.5,2160
2024-08-26,47.5,-100.0,3060
2024-08-26,47.5,-99.5,3510
2024-08-26,47.5,-99.0,2160
2024-08-26,47.5,-98.5,2340
2024-08-26,47.5,-98.0,3240
2024-08-26,47.5,-97.5,6030
2024-08-26,47.5,-97.0,3060
2024-08-26,47.5,-96.5,1800
2024-08-26,47.5,-96.0,900
2024-08-26,47.5,-95.5,540
2024-08-26,47.5,-95.0,450
2024-08-26,47.5,-94.5,360
2024-08-26,47.5,-94.0,720
2024-08-26,47.5,-93.5,270
2024-08-26,47.5,-93.0,180
2024-08-26,47.5,-91.5,720
2024-08-26,47.5,-91.0,180
2024-08-26,47.5,-90.5,630
2024-08-26,47.5,-90.0,1080
2024-08-26,47.5,-89.5,1800
2024-08-26,47.5,-88.5,360
2024-08-26,47.5,-88.0,270
2024-08-26,47.5,-87.5,720
2024-08-26,47.5,-87.0,2970
2024-08-26,47.5,-86.5,2880
2024-08-26,47.5,-86.0,2430
2024-08-26,47.5,-85.5,180
2024-08-26,47.5,-85.0,90
2024-08-26,47.5,-84.0,90
2024-08-26,47.5,-83.5,450
2024-08-26,47.5,-83.0,360
2024-08-26,47.5,-82.5,450
2024-08-26,47.5,-82.0,1080
2024-08-26,47.5,-81.5,360
2024-08-26,47.5,-81.0,540
2024-08-26,47.5,-80.5,90
2024-08-26,47.5,-80.0,450
2024-08-26,47.5,-79.5,180
2024-08-26,47.5,-78.0,270
2024-08-26,47.5,-77.5,180
2024-08-26,47.5,-77.0,450
2024-08-26,47.5,-76.5,180
2024-08-26,47.5,-76.0,90
2024-08-26,47.5,-75.5,90
2024-08-26,47.5,-75.0,180
2024-08-26,47.5,-74.0,90
2024-08-26,48.0,-101.5,90
2024-08-26,48.0,-101.0,450
2024-08-26,48.0,-100.5,1530
2024-08-26,48.0,-100.0,2430
2024-08-26,48.0,-99.5,900
2024-08-26,48.0,-99.0,900
2024-08-26,48.0,-98.5,1800
2024-08-26,48.0,-98.0,1170
2024-08-26,48.0,-97.5,1080
2024-08-26,48.0,-97.0,450
2024-08-26,48.0,-96.5,630
2024-08-26,48.0,-96.0,540
2024-08-26,48.0,-95.5,360
2024-08-26,48.0,-95.0,990
2024-08-26,48.0,-94.5,90
2024-08-26,48.0,-94.0,1170
2024-08-26,48.0,-93.5,270
2024-08-26,48.0,-93.0,180
2024-08-26,48.0,-92.5,270
2024-08-26,48.0,-92.0,360
2024-08-26,48.0,-91.5,180
2024-08-26,48.0,-91.0,90
2024-08-26,48.0,-90.5,450
2024-08-26,48.0,-90.0,810
2024-08-26,48.0,-89.5,1710
2024-08-26,48.0,-89.0,360
2024-08-26,48.0,-88.0,360
2024-08-26,48.0,-87.5,270
2024-08-26,48.0,-87.0,90
2024-08-26,48.0,-86.5,630
2024-08-26,48.0,-86.0,540
2024-08-26,48.0,-85.5,720
2024-08-26,48.0,-85.0,270
2024-08-26,48.0,-84.5,180
2024-08-26,48.0,-84.0,90
2024-08-26,48.0,-83.5,450
2024-08-26,48.0,-83.0,450
2024-08-26,48.0,-82.5,180
2024-08-26,48.0,-82.0,540
2024-08-26,48.0,-80.5,90
2024-08-26,48.0,-79.5,90
2024-08-26,48.0,-79.0,270
2024-08-26,48.0,-78.5,90
2024-08-26,48.0,-78.0,90
2024-08-26,48.0,-77.5,270
2024-08-26,48.0,-77.0,90
2024-08-26,48.0,-76.5,180
2024-08-26,48.0,-76.0,270
2024-08-26,48.0,-75.5,270
2024-08-26,48.5,-101.0,1170
2024-08-26,48.5,-100.5,720
2024-08-26,48.5,-100.0,360
2024-08-26,48.5,-99.5,1710
2024-08-26,48.5,-99.0,1080
2024-08-26,48.5,-98.5,720
2024-08-26,48.5,-96.0,180
2024-08-26,48.5,-95.0,90
2024-08-26,48.5,-94.5,450
2024-08-26,48.5,-94.0,540
2024-08-26,48.5,-93.5,270
2024-08-26,48.5,-93.0,180
2024-08-26,48.5,-92.0,540
2024-08-26,48.5,-91.5,270
2024-08-26,48.5,-90.0,180
2024-08-26,48.5,-89.5,360
2024-08-26,48.5,-89.0,90
2024-08-26,48.5,-88.5,1350
2024-08-26,48.5,-88.0,1620
2024-08-26,48.5,-87.5,1170
2024-08-26,48.5,-87.0,810
2024-08-26,48.5,-86.5,90
2024-08-26,48.5,-86.0,90
2024-08-26,48.5,-85.5,180
2024-08-26,48.5,-84.5,90
2024-08-26,48.5,-84.0,90
2024-08-26,48.5,-83.5,270
2024-08-26,48.5,-83.0,540
2024-08-26,48.5,-82.5,180
2024-08-26,48.5,-82.0,90
2024-08-26,48.5,-81.0,90
2024-08-26,48.5,-80.0,90
2024-08-26,48.5,-79.5,90
2024-08-26,48.5,-79.0,90
2024-08-26,48.5,-78.5,360
2024-08-26,48.5,-78.0,90
2024-08-26,48.5,-77.5,180
2024-08-26,48.5,-77.0,180
2024-08-26,48.5,-76.0,90
2024-08-26,48.5,-75.5,360
2024-08-26,48.5,-74.5,90
2024-08-26,49.0,-118.0,90
2024-08-26,49.0,-117.5,90
2024-08-26,49.0,-112.0,90
2024-08-26,49.0,-100.5,450
2024-08-26,49.0,-100.0,1800
2024-08-26,49.0,-99.5,810
2024-08-26,49.0,-99.0,1530
2024-08-26,49.0,-98.0,180
2024-08-26,49.0,-94.5,90
2024-08-26,49.0,-94.0,450
2024-08-26,49.0,-93.5,180
2024-08-26,49.0,-93.0,180
2024-08-26,49.0,-92.5,90
2024-08-26,49.0,-92.0,270
2024-08-26,49.0,-91.5,810
2024-08-26,49.0,-91.0,360
2024-08-26,49.0,-90.5,90
2024-08-26,49.0,-89.0,90
2024-08-26,49.0,-88.0,90
2024-08-26,49.0,-87.0,180
2024-08-26,49.0,-82.0,90
2024-08-26,49.0,-81.5,90
2024-08-26,49.0,-79.5,720
2024-08-26,49.0,-79.0,630
2024-08-26,49.0,-78.5,90
2024-08-26,49.0,-78.0,360
2024-08-26,49.0,-77.0,90
2024-08-26,49.0,-76.5,180
2024-08-26,49.0,-76.0,810
2024-08-26,49.0,-75.5,180
2024-08-26,49.0,-75.0,90
2024-08-26,49.5,-117.5,270
2024-08-26,49.5,-116.5,90
2024-08-26,49.5,-112.5,90
2024-08-26,49.5,-112.0,90
2024-08-26,49.5,-111.0,90
2024-08-26,49.5,-109.5,90
2024-08-26,49.5,-109.0,90
2024-08-26,49.5,-99.5,270
2024-08-26,49.5,-99.0,630
2024-08-26,49.5,-98.5,630
2024-08-26,49.5,-98.0,360
2024-08-26,49.5,-97.5,90
2024-08-26,49.5,-97.0,90
2024-08-26,49.5,-96.0,90
2024-08-26,49.5,-94.5,90
2024-08-26,49.5,-94.0,180
2024-08-26,49.5,-92.5,90
2024-08-26,49.5,-91.5,180
2024-08-26,49.5,-90.0,360
2024-08-26,49.5,-89.5,90
2024-08-26,49.5,-89.0,90
2024-08-26,49.5,-82.5,90
2024-08-26,49.5,-81.5,180
2024-08-26,49.5,-80.5,90
2024-08-26,49.5,-80.0,90
2024-08-26,49.5,-79.5,90
2024-08-26,49.5,-79.0,270
2024-08-26,49.5,-78.5,180
2024-08-26,49.5,-77.5,90
2024-08-26,49.5,-76.5,180
2024-08-26,49.5,-76.0,900
2024-08-26,49.5,-75.5,180
2024-08-26,49.5,-69.0,270
2024-08-26,50.0,-108.5,90
2024-08-26,50.0,-98.5,270
2024-08-26,50.0,-98.0,90
2024-08-26,50.0,-97.0,540
2024-08-26,50.0,-96.0,90
2024-08-26,50.0,-95.5,90
2024-08-26,50.0,-95.0,180
2024-08-26,50.0,-94.5,90
2024-08-26,50.0,-94.0,90
2024-08-26,50.0,-93.0,90
2024-08-26,50.0,-92.5,180
2024-08-26,50.0,-92.0,90
2024-08-26,50.0,-91.0,360
2024-08-26,50.0,-79.5,180
2024-08-26,50.0,-78.5,90
2024-08-26,50.0,-78.0,540
2024-08-26,50.0,-77.0,180
2024-08-26,50.0,-76.5,180
2024-08-26,50.0,-76.0,90
2024-08-26,50.0,-75.0,90
2024-08-26,50.0,-70.5,90
2024-08-26,50.0,-69.5,90
2024-08-26,50.0,-69.0,180
2024-08-26,50.0,-68.5,90
2024-08-26,50.0,-68.0,90
2024-08-26,50.0,-67.5,90
2024-08-26,50.5,-117.0,90
2024-08-26,50.5,-109.5,90
2024-08-26,50.5,-100.0,90
2024-08-26,50.5,-99.5,90
2024-08-26,50.5,-99.0,270
2024-08-26,50.5,-98.0,360
2024-08-26,50.5,-97.5,90
2024-08-26,50.5,-97.0,540
2024-08-26,50.5,-96.5,360
2024-08-26,50.5,-96.0,180
2024-08-26,50.5,-95.5,540
2024-08-26,50.5,-95.0,180
2024-08-26,50.5,-94.5,180
2024-08-26,50.5,-94.0,90
2024-08-26,50.5,-93.5,360
2024-08-26,50.5,-93.0,90
2024-08-26,50.5,-92.0,90
2024-08-26,50.5,-91.5,180
2024-08-26,50.5,-90.5,90
2024-08-26,50.5,-84.0,90
2024-08-26,50.5,-82.0,90
2024-08-26,50.5,-81.5,270
2024-08-26,50.5,-81.0,810
2024-08-26,50.5,-80.0,540
2024-08-26,50.5,-79.5,1170
2024-08-26,50.5,-79.0,180
2024-08-26,50.5,-78.5,360
2024-08-26,50.5,-77.5,90
2024-08-26,50.5,-77.0,90
2024-08-26,50.5,-76.5,90
2024-08-26,50.5,-73.0,90
2024-08-26,50.5,-72.5,90
2024-08-26,50.5,-71.5,180
2024-08-26,50.5,-70.5,180
2024-08-26,50.5,-70.0,180
2024-08-26,50.5,-69.0,90
2024-08-26,50.5,-68.0,90
2024-08-26,51.0,-109.0,90
2024-08-26,51.0,-97.0,90
2024-08-26,51.0,-96.5,450
2024-08-26,51.0,-96.0,180
2024-08-26,51.0,-95.5,90
2024-08-26,51.0,-95.0,90
2024-08-26,51.0,-94.0,90
2024-08-26,51.0,-93.5,180
2024-08-26,51.0,-92.5,270
2024-08-26,51.0,-92.0,180
2024-08-26,51.0,-91.5,90
2024-08-26,51.0,-91.0,90
2024-08-26,51.0,-81.0,180
2024-08-26,51.0,-80.0,720
2024-08-26,51.0,-79.5,1170
2024-08-26,51.0,-79.0,720
2024-08-26,51.0,-78.5,450
2024-08-26,51.0,-78.0,360
2024-08-26,51.0,-77.5,180
2024-08-26,51.0,-75.0,90
2024-08-26,51.0,-73.5,180
2024-08-26,51.5,-111.5,90
2024-08-26,51.5,-101.5,90
2024-08-26,51.5,-99.0,90
2024-08-26,51.5,-98.0,180
2024-08-26,51.5,-97.5,270
2024-08-26,51.5,-96.5,360
2024-08-26,51.5,-96.0,270
2024-08-26,51.5,-95.5,270
2024-08-26,51.5,-94.5,360
2024-08-26,51.5,-92.5,450
2024-08-26,51.5,-91.0,90
2024-08-26,51.5,-89.0,90
2024-08-26,51.5,-85.0,90
2024-08-26,51.5,-84.5,90
2024-08-26,51.5,-79.5,270
2024-08-26,51.5,-78.5,630
2024-08-26,51.5,-78.0,90
2024-08-26,51.5,-77.0,90
2024-08-26,51.5,-76.0,90
2024-08-26,51.5,-75.0,90
2024-08-26,51.5,-74.0,90
2024-08-26,51.5,-72.5,180
2024-08-26,51.5,-72.0,90
2024-08-26,52.0,-115.5,180
2024-08-26,52.0,-115.0,90
2024-08-26,52.0,-109.0,90
2024-08-26,52.0,-100.5,360
2024-08-26,52.0,-100.0,270
2024-08-26,52.0,-99.5,450
2024-08-26,52.0,-99.0,450
2024-08-26,52.0,-98.5,900
2024-08-26,52.0,-98.0,630
2024-08-26,52.0,-97.5,270
2024-08-26,52.0,-97.0,90
2024-08-26,52.0,-96.5,360
2024-08-26,52.0,-96.0,90
2024-08-26,52.0,-94.0,90
2024-08-26,52.0,-92.5,90
2024-08-26,52.0,-90.5,90
2024-08-26,52.0,-90.0,90
2024-08-26,52.0,-85.5,270
2024-08-26,52.0,-81.0,90
2024-08-26,52.0,-79.5,360
2024-08-26,52.0,-79.0,360
2024-08-26,52.0,-78.5,270
2024-08-26,52.0,-78.0,450
2024-08-26,52.0,-77.5,90
2024-08-26,52.0,-77.0,180
2024-08-26,52.0,-75.5,180
2024-08-26,52.0,-75.0,450
2024-08-26,52.0,-74.5,270
2024-08-26,52.0,-70.0,90
2024-08-26,52.0,-69.5,90
2024-08-26,52.0,-66.5,90
2024-08-26,52.0,-66.0,180
2024-08-26,52.5,-103.5,90
2024-08-26,52.5,-101.0,90
2024-08-26,52.5,-100.0,180
2024-08-26,52.5,-99.5,810
2024-08-26,52.5,-99.0,900
2024-08-26,52.5,-98.5,360
2024-08-26,52.5,-97.5,180
2024-08-26,52.5,-97.0,270
2024-08-26,52.5,-96.5,180
2024-08-26,52.5,-94.5,90
2024-08-26,52.5,-93.5,90
2024-08-26,52.5,-92.0,90
2024-08-26,52.5,-90.5,90
2024-08-26,52.5,-90.0,90
2024-08-26,52.5,-88.5,90
2024-08-26,52.5,-80.5,90
2024-08-26,52.5,-78.0,90
2024-08-26,52.5,-77.0,90
2024-08-26,52.5,-76.5,90
2024-08-26,52.5,-76.0,90
2024-08-26,52.5,-75.0,180
2024-08-26,52.5,-68.5,90
2024-08-26,53.0,-108.0,90
2024-08-26,53.0,-103.5,90
2024-08-26,53.0,-101.0,450
2024-08-26,53.0,-100.5,90
2024-08-26,53.0,-100.0,180
2024-08-26,53.0,-99.5,180
2024-08-26,53.0,-99.0,540
2024-08-26,53.0,-98.5,270
2024-08-26,53.0,-98.0,90
2024-08-26,53.0,-96.5,90
2024-08-26,53.0,-96.0,90
2024-08-26,53.0,-95.5,180
2024-08-26,53.0,-95.0,90
2024-08-26,53.0,-93.5,90
2024-08-26,53.0,-90.0,90
2024-08-26,53.0,-89.5,90
2024-08-26,53.0,-89.0,90
2024-08-26,53.0,-88.0,90
2024-08-26,53.0,-76.5,90
2024-08-26,53.0,-75.5,180
2024-08-26,53.0,-75.0,90
2024-08-26,53.5,-105.5,90
2024-08-26,53.5,-101.5,90
2024-08-26,53.5,-101.0,90
2024-08-26,53.5,-99.0,360
2024-08-26,53.5,-98.5,180
2024-08-26,53.5,-98.0,270
2024-08-26,53.5,-97.5,90
2024-08-26,53.5,-97.0,90
2024-08-26,53.5,-96.0,180
2024-08-26,53.5,-95.0,90
2024-08-26,53.5,-77.0,90
2024-08-26,53.5,-76.5,180
2024-08-26,53.5,-76.0,270
2024-08-26,53.5,-75.5,180
2024-08-26,53.5,-74.0,270
2024-08-26,54.0,-109.0,90
2024-08-26,54.0,-108.0,90
2024-08-26,54.0,-101.0,90
2024-08-26,54.0,-100.0,90
2024-08-26,54.0,-99.5,90
2024-08-26,54.0,-99.0,90
2024-08-26,54.0,-98.5,270
2024-08-26,54.0,-97.0,270
2024-08-26,54.0,-96.5,180
2024-08-26,54.0,-80.0,90
2024-08-26,54.0,-79.0,180
2024-08-26,54.0,-78.5,360
2024-08-26,54.0,-78.0,270
2024-08-26,54.0,-77.5,450
2024-08-26,54.0,-77.0,90
2024-08-26,54.0,-76.5,1260
2024-08-26,54.0,-76.0,540
2024-08-26,54.0,-75.5,90
2024-08-26,54.0,-75.0,90
2024-08-26,54.0,-74.0,90
2024-08-26,54.5,-108.0,90
2024-08-26,54.5,-107.5,90
2024-08-26,54.5,-107.0,90
2024-08-26,54.5,-106.5,90
2024-08-26,54.5,-101.0,90
2024-08-26,54.5,-99.5,90
2024-08-26,54.5,-98.0,180
2024-08-26,54.5,-97.5,90
2024-08-26,54.5,-96.5,180
2024-08-26,54.5,-82.0,180
2024-08-26,54.5,-81.5,90
2024-08-26,54.5,-81.0,270
2024-08-26,54.5,-80.5,90
2024-08-26,54.5,-79.5,180
2024-08-26,54.5,-79.0,180
2024-08-26,54.5,-78.5,90
2024-08-26,54.5,-78.0,360
2024-08-26,54.5,-77.5,90
2024-08-26,54.5,-77.0,630
2024-08-26,54.5,-76.5,180
2024-09-02,20.0,-111.5,180
2024-09-02,20.0,-111.0,450
2024-09-02,20.0,-109.5,90
2024-09-02,20.0,-108.5,90
2024-09-02,20.0,-108.0,270
2024-09-02,20.0,-107.5,1170
2024-09-02,20.0,-107.0,450
2024-09-02,20.0,-106.5,360
2024-09-02,20.0,-106.0,540
2024-09-02,20.0,-105.5,4050
2024-09-02,20.0,-105.0,3150
2024-09-02,20.0,-104.5,1080
2024-09-02,20.0,-104.0,1530
2024-09-02,20.0,-103.5,1080
2024-09-02,20.0,-103.0,1980
2024-09-02,20.0,-102.5,4140
2024-09-02,20.0,-102.0,1440
2024-09-02,20.0,-101.5,2070
2024-09-02,20.0,-101.0,3150
2024-09-02,20.0,-100.5,3420
2024-09-02,20.0,-100.0,1080
2024-09-02,20.0,-99.5,270
2024-09-02,20.0,-99.0,900
2024-09-02,20.0,-98.5,720
2024-09-02,20.0,-98.0,1530
2024-09-02,20.0,-97.5,720
2024-09-02,20.0,-97.0,540
2024-09-02,20.0,-96.5,720
2024-09-02,20.0,-96.0,180
2024-09-02,20.0,-95.5,90
2024-09-02,20.0,-95.0,270
2024-09-02,20.0,-94.5,360
2024-09-02,20.0,-94.0,270
2024-09-02,20.0,-93.5,900
2024-09-02,20.0,-93.0,360
2024-09-02,20.0,-91.5,1260
2024-09-02,20.0,-91.0,3150
2024-09-02,20.0,-90.5,4230
2024-09-02,20.0,-90.0,810
2024-09-02,20.0,-89.5,1440
2024-09-02,20.0,-89.0,1350
2024-09-02,20.0,-88.5,450
2024-09-02,20.0,-88.0,540
2024-09-02,20.0,-87.5,180
2024-09-02,20.0,-87.0,270
2024-09-02,20.0,-86.5,90
2024-09-02,20.0,-86.0,90
2024-09-02,20.0,-85.5,360
2024-09-02,20.0,-85.0,450
2024-09-02,20.0,-84.5,270
2024-09-02,20.0,-84.0,180
2024-09-02,20.0,-83.5,180
2024-09-02,20.0,-83.0,90
2024-09-02,20.0,-82.5,810
2024-09-02,20.0,-82.0,360
2024-09-02,20.0,-81.0,180
2024-09-02,20.0,-80.5,990
2024-09-02,20.0,-80.0,180
2024-09-02,20.0,-79.5,720
2024-09-02,20.0,-79.0,1980
2024-09-02,20.0,-78.5,2340
2024-09-02,20.0,-78.0,3960
2024-09-02,20.0,-77.5,8370
2024-09-02,20.0,-77.0,5220
2024-09-02,20.0,-76.5,4860
2024-09-02,20.0,-76.0,6210
2024-09-02,20.0,-75.5,2970
2024-09-02,20.0,-75.0,360
2024-09-02,20.0,-74.5,180
2024-09-02,20.0,-74.0,90
2024-09-02,20.0,-73.0,360
2024-09-02,20.0,-72.0,720
2024-09-02,20.0,-71.5,450
2024-09-02,20.0,-71.0,180
2024-09-02,20.0,-70.5,270
2024-09-02,20.0,-70.0,90
2024-09-02,20.0,-69.5,270
2024-09-02,20.0,-69.0,450
2024-09-02,20.0,-68.0,90
2024-09-02,20.0,-67.0,540
2024-09-02,20.0,-66.5,270
2024-09-02,20.0,-66.0,450
2024-09-02,20.0,-65.5,90
2024-09-02,20.5,-111.0,90
2024-09-02,20.5,-110.5,90
2024-09-02,20.5,-110.0,90
2024-09-02,20.5,-108.5,450
2024-09-02,20.5,-108.0,540
2024-09-02,20.5,-107.5,540
2024-09-02,20.5,-107.0,90
2024-09-02,20.5,-106.5,450
2024-09-02,20.5,-106.0,1800
2024-09-02,20.5,-105.5,2700
2024-09-02,20.5,-105.0,1800
2024-09-02,20.5,-104.5,3780
2024-09-02,20.5,-104.0,2430
2024-09-02,20.5,-103.5,2160
2024-09-02,20.5,-103.0,1620
2024-09-02,20.5,-102.5,2430
2024-09-02,20.5,-102.0,2520
2024-09-02,20.5,-101.5,2250
2024-09-02,20.5,-101.0,1080
2024-09-02,20.5,-100.5,1350
2024-09-02,20.5,-100.0,180
2024-09-02,20.5,-99.0,720
2024-09-02,20.5,-98.5,1260
2024-09-02,20.5,-98.0,360
2024-09-02,20.5,-97.5,1350
2024-09-02,20.5,-97.0,1080
2024-09-02,20.5,-96.5,270
2024-09-02,20.5,-96.0,450
2024-09-02,20.5,-95.5,630
2024-09-02,20.5,-95.0,900
2024-09-02,20.5,-94.5,270
2024-09-02,20.5,-93.5,90
2024-09-02,20.5,-91.5,450
2024-09-02,20.5,-91.0,540
2024-09-02,20.5,-90.5,3060
2024-09-02,20.5,-90.0,1710
2024-09-02,20.5,-89.5,1350
2024-09-02,20.5,-89.0,2340
2024-09-02,20.5,-88.5,90
2024-09-02,20.5,-88.0,630
2024-09-02,20.5,-87.5,270
2024-09-02,20.5,-86.0,90
2024-09-02,20.5,-85.0,180
2024-09-02,20.5,-84.5,540
2024-09-02,20.5,-84.0,90
2024-09-02,20.5,-83.5,360
2024-09-02,20.5,-83.0,180
2024-09-02,20.5,-82.5,810
2024-09-02,20.5,-82.0,180
2024-09-02,20.5,-81.5,630
2024-09-02,20.5,-81.0,990
2024-09-02,20.5,-80.5,630
2024-09-02,20.5,-80.0,270
2024-09-02,20.5,-79.5,1980
2024-09-02,20.5,-79.0,2250
2024-09-02,20.5,-78.5,3240
2024-09-02,20.5,-78.0,3150
2024-09-02,20.5,-77.5,3510
2024-09-02,20.5,-77.0,2880
2024-09-02,20.5,-76.5,5040
2024-09-02,20.5,-76.0,810
2024-09-02,20.5,-75.5,1530
2024-09-02,20.5,-75.0,630
2024-09-02,20.5,-74.0,270
2024-09-02,20.5,-72.5,270
2024-09-02,20.5,-70.5,180
2024-09-02,20.5,-70.0,450
2024-09-02,20.5,-69.5,270
2024-09-02,20.5,-69.0,90
2024-09-02,20.5,-68.5,90
2024-09-02,20.5,-67.5,180
2024-09-02,20.5,-67.0,360
2024-09-02,20.5,-66.5,360
2024-09-02,20.5,-66.0,90
2024-09-02,20.5,-65.5,900
2024-09-02,21.0,-110.5,90
2024-09-02,21.0,-110.0,180
2024-09-02,21.0,-107.5,90
2024-09-02,21.0,-107.0,450
2024-09-02,21.0,-106.5,540
2024-09-02,21.0,-106.0,1260
2024-09-02,21.0,-105.5,6300
2024-09-02,21.0,-105.0,2430
2024-09-02,21.0,-104.5,990
2024-09-02,21.0,-104.0,2070
2024-09-02,21.0,-103.5,2340
2024-09-02,21.0,-103.0,990
2024-09-02,21.0,-102.5,1260
2024-09-02,21.0,-102.0,2070
2024-09-02,21.0,-101.5,450
2024-09-02,21.0,-101.0,1170
2024-09-02,21.0,-100.5,270
2024-09-02,21.0,-100.0,90
2024-09-02,21.0,-99.5,270
2024-09-02,21.0,-99.0,180
2024-09-02,21.0,-98.5,900
2024-09-02,21.0,-97.5,630
2024-09-02,21.0,-97.0,450
2024-09-02,21.0,-96.5,630
2024-09-02,21.0,-96.0,450
2024-09-02,21.0,-95.5,810
2024-09-02,21.0,-95.0,630
2024-09-02,21.0,-94.5,270
2024-09-02,21.0,-93.0,180
2024-09-02,21.0,-92.5,270
2024-09-02,21.0,-92.0,180
2024-09-02,21.0,-91.5,720
2024-09-02,21.0,-91.0,540
2024-09-02,21.0,-90.5,450
2024-09-02,21.0,-90.0,900
2024-09-02,21.0,-89.5,1530
2024-09-02,21.0,-89.0,2430
2024-09-02,21.0,-88.5,2880
2024-09-02,21.0,-88.0,1710
2024-09-02,21.0,-87.5,630
2024-09-02,21.0,-87.0,270
2024-09-02,21.0,-86.5,270
2024-09-02,21.0,-86.0,90
2024-09-02,21.0,-85.5,180
2024-09-02,21.0,-85.0,180
2024-09-02,21.0,-84.0,180
2024-09-02,21.0,-83.5,630
2024-09-02,21.0,-83.0,180
2024-09-02,21.0,-82.0,360
2024-09-02,21.0,-81.5,90
2024-09-02,21.0,-81.0,810
2024-09-02,21.0,-80.5,1260
2024-09-02,21.0,-80.0,630
2024-09-02,21.0,-79.5,2880
2024-09-02,21.0,-79.0,6570
2024-09-02,21.0,-78.5,1350
2024-09-02,21.0,-78.0,1260
2024-09-02,21.0,-77.5,450
2024-09-02,21.0,-77.0,810
2024-09-02,21.0,-71.0,90
2024-09-02,21.0,-70.5,90
2024-09-02,21.0,-69.5,90
2024-09-02,21.0,-69.0,90
2024-09-02,21.0,-68.5,90
2024-09-02,21.0,-67.5,180
2024-09-02,21.0,-66.5,180
2024-09-02,21.0,-66.0,810
2024-09-02,21.0,-65.5,270
2024-09-02,21.5,-107.0,270
2024-09-02,21.5,-106.5,990
2024-09-02,21.5,-106.0,2700
2024-09-02,21.5,-105.5,4770
2024-09-02,21.5,-105.0,4500
2024-09-02,21.5,-104.5,1980
2024-09-02,21.5,-104.0,810
2024-09-02,21.5,-103.5,1530
2024-09-02,21.5,-103.0,540
2024-09-02,21.5,-102.5,1980
2024-09-02,21.5,-102.0,2610
2024-09-02,21.5,-101.5,1170
2024-09-02,21.5,-101.0,90
2024-09-02,21.5,-99.5,1080
2024-09-02,21.5,-98.5,90
2024-09-02,21.5,-98.0,180
2024-09-02,21.5,-97.5,180
2024-09-02,21.5,-97.0,360
2024-09-02,21.5,-96.5,540
2024-09-02,21.5,-96.0,360
2024-09-02,21.5,-95.5,1350
2024-09-02,21.5,-95.0,720
2024-09-02,21.5,-94.5,450
2024-09-02,21.5,-94.0,270
2024-09-02,21.5,-93.5,90
2024-09-02,21.5,-93.0,180
2024-09-02,21.5,-92.5,360
2024-09-02,21.5,-92.0,90
2024-09-02,21.5,-91.5,540
2024-09-02,21.5,-91.0,90
2024-09-02,21.5,-90.0,450
2024-09-02,21.5,-89.5,540
2024-09-02,21.5,-88.5,90
2024-09-02,21.5,-88.0,90
2024-09-02,21.5,-87.5,90
2024-09-02,21.5,-87.0,90
2024-09-02,21.5,-86.5,90
2024-09-02,21.5,-86.0,360
2024-09-02,21.5,-85.5,270
2024-09-02,21.5,-85.0,450
2024-09-02,21.5,-84.5,360
2024-09-02,21.5,-84.0,180
2024-09-02,21.5,-83.5,1980
2024-09-02,21.5,-83.0,540
2024-09-02,21.5,-82.0,450
2024-09-02,21.5,-81.5,900
2024-09-02,21.5,-81.0,720
2024-09-02,21.5,-80.5,720
2024-09-02,21.5,-80.0,2430
2024-09-02,21.5,-79.5,1530
2024-09-02,21.5,-79.0,1440
2024-09-02,21.5,-78.5,3060
2024-09-02,21.5,-78.0,1350
2024-09-02,21.5,-77.5,180
2024-09-02,21.5,-76.5,90
2024-09-02,21.5,-71.0,90
2024-09-02,21.5,-70.5,90
2024-09-02,21.5,-70.0,90
2024-09-02,21.5,-69.5,180
2024-09-02,21.5,-68.5,180
2024-09-02,21.5,-66.5,180
2024-09-02,21.5,-66.0,180
2024-09-02,21.5,-65.5,270
2024-09-02,22.0,-108.0,90
2024-09-02,22.0,-107.5,270
2024-09-02,22.0,-106.5,270
2024-09-02,22.0,-106.0,5760
2024-09-02,22.0,-105.5,3420
2024-09-02,22.0,-105.0,2610
2024-09-02,22.0,-104.5,3330
2024-09-02,22.0,-104.0,1350
2024-09-02,22.0,-103.5,1080
2024-09-02,22.0,-103.0,810
2024-09-02,22.0,-102.5,1170
2024-09-02,22.0,-102.0,1440
2024-09-02,22.0,-101.5,270
2024-09-02,22.0,-100.0,180
2024-09-02,22.0,-99.5,1260
2024-09-02,22.0,-99.0,1350
2024-09-02,22.0,-98.5,180
2024-09-02,22.0,-97.5,360
2024-09-02,22.0,-97.0,540
2024-09-02,22.0,-96.5,270
2024-09-02,22.0,-96.0,810
2024-09-02,22.0,-95.5,990
2024-09-02,22.0,-94.5,720
2024-09-02,22.0,-94.0,90
2024-09-02,22.0,-93.0,90
2024-09-02,22.0,-92.5,270
2024-09-02,22.0,-92.0,270
2024-09-02,22.0,-91.5,360
2024-09-02,22.0,-90.5,270
2024-09-02,22.0,-90.0,90
2024-09-02,22.0,-89.5,90
2024-09-02,22.0,-88.0,90
2024-09-02,22.0,-87.5,180
2024-09-02,22.0,-86.5,180
2024-09-02,22.0,-86.0,270
2024-09-02,22.0,-85.5,180
2024-09-02,22.0,-85.0,900
2024-09-02,22.0,-84.5,1980
2024-09-02,22.0,-84.0,450
2024-09-02,22.0,-83.5,180
2024-09-02,22.0,-83.0,180
2024-09-02,22.0,-82.5,810
2024-09-02,22.0,-82.0,4410
2024-09-02,22.0,-81.5,1980
2024-09-02,22.0,-81.0,3510
2024-09-02,22.0,-80.5,2610
2024-09-02,22.0,-80.0,2250
2024-09-02,22.0,-79.5,1710
2024-09-02,22.0,-79.0,3150
2024-09-02,22.0,-78.5,1890
2024-09-02,22.0,-78.0,540
2024-09-02,22.0,-76.5,90
2024-09-02,22.0,-75.0,90
2024-09-02,22.0,-73.5,90
2024-09-02,22.0,-72.5,90
2024-09-02,22.0,-70.5,90
2024-09-02,22.0,-70.0,270
2024-09-02,22.0,-69.0,270
2024-09-02,22.0,-68.0,180
2024-09-02,22.0,-67.0,90
2024-09-02,22.0,-66.5,180
2024-09-02,22.5,-108.5,450
2024-09-02,22.5,-108.0,90
2024-09-02,22.5,-107.5,270
2024-09-02,22.5,-107.0,900
2024-09-02,22.5,-106.5,810
2024-09-02,22.5,-106.0,1260
2024-09-02,22.5,-105.5,2160
2024-09-02,22.5,-105.0,2160
2024-09-02,22.5,-104.5,720
2024-09-02,22.5,-104.0,450
2024-09-02,22.5,-103.5,270
2024-09-02,22.5,-103.0,450
2024-09-02,22.5,-102.5,90
2024-09-02,22.5,-102.0,810
2024-09-02,22.5,-101.5,270
2024-09-02,22.5,-100.5,90
2024-09-02,22.5,-100.0,180
2024-09-02,22.5,-99.5,2340
2024-09-02,22.5,-99.0,630
2024-09-02,22.5,-98.5,180
2024-09-02,22.5,-97.5,270
2024-09-02,22.5,-97.0,720
2024-09-02,22.5,-96.5,270
2024-09-02,22.5,-96.0,720
2024-09-02,22.5,-95.5,180
2024-09-02,22.5,-95.0,270
2024-09-02,22.5,-94.0,90
2024-09-02,22.5,-93.5,90
2024-09-02,22.5,-93.0,360
2024-09-02,22.5,-92.5,630
2024-09-02,22.5,-92.0,90
2024-09-02,22.5,-91.5,360
2024-09-02,22.5,-90.5,270
2024-09-02,22.5,-90.0,180
2024-09-02,22.5,-89.5,90
2024-09-02,22.5,-86.5,90
2024-09-02,22.5,-86.0,90
2024-09-02,22.5,-85.5,450
2024-09-02,22.5,-85.0,1170
2024-09-02,22.5,-84.5,1620
2024-09-02,22.5,-84.0,810
2024-09-02,22.5,-83.5,1890
2024-09-02,22.5,-83.0,2340
2024-09-02,22.5,-82.5,3690
2024-09-02,22.5,-82.0,6300
2024-09-02,22.5,-81.5,4500
2024-09-02,22.5,-81.0,1440
2024-09-02,22.5,-80.5,3510
2024-09-02,22.5,-80.0,900
2024-09-02,22.5,-79.5,810
2024-09-02,22.5,-79.0,90
2024-09-02,22.5,-78.5,90
2024-09-02,22.5,-78.0,180
2024-09-02,22.5,-75.5,90
2024-09-02,22.5,-75.0,90
2024-09-02,22.5,-71.0,90
2024-09-02,22.5,-70.5,90
2024-09-02,22.5,-69.5,180
2024-09-02,22.5,-69.0,90
2024-09-02,22.5,-68.5,90
2024-09-02,22.5,-67.0,90
2024-09-02,23.0,-110.0,90
2024-09-02,23.0,-109.0,90
2024-09-02,23.0,-108.5,90
2024-09-02,23.0,-108.0,180
2024-09-02,23.0,-107.5,900
2024-09-02,23.0,-107.0,1080
2024-09-02,23.0,-106.5,1440
2024-09-02,23.0,-106.0,1530
2024-09-02,23.0,-105.5,1620
2024-09-02,23.0,-105.0,450
2024-09-02,23.0,-104.0,450
2024-09-02,23.0,-103.5,270
2024-09-02,23.0,-103.0,1080
2024-09-02,23.0,-102.5,90
2024-09-02,23.0,-102.0,630
2024-09-02,23.0,-101.5,720
2024-09-02,23.0,-101.0,90
2024-09-02,23.0,-100.5,180
2024-09-02,23.0,-100.0,450
2024-09-02,23.0,-99.5,2610
2024-09-02,23.0,-99.0,810
2024-09-02,23.0,-98.5,720
2024-09-02,23.0,-98.0,90
2024-09-02,23.0,-97.5,540
2024-09-02,23.0,-97.0,270
2024-09-02,23.0,-96.5,450
2024-09-02,23.0,-96.0,360
2024-09-02,23.0,-94.5,720
2024-09-02,23.0,-94.0,180
2024-09-02,23.0,-93.0,180
2024-09-02,23.0,-92.5,180
2024-09-02,23.0,-91.5,270
2024-09-02,23.0,-91.0,90
2024-09-02,23.0,-90.0,180
2024-09-02,23.0,-86.0,270
2024-09-02,23.0,-85.5,180
2024-09-02,23.0,-85.0,360
2024-09-02,23.0,-84.5,540
2024-09-02,23.0,-84.0,90
2024-09-02,23.0,-83.5,990
2024-09-02,23.0,-83.0,450
2024-09-02,23.0,-82.5,990
2024-09-02,23.0,-82.0,1080
2024-09-02,23.0,-81.5,2070
2024-09-02,23.0,-81.0,360
2024-09-02,23.0,-80.5,180
2024-09-02,23.0,-80.0,180
2024-09-02,23.0,-79.5,90
2024-09-02,23.0,-79.0,180
2024-09-02,23.0,-78.5,90
2024-09-02,23.0,-77.5,90
2024-09-02,23.0,-77.0,90
2024-09-02,23.0,-70.5,180
2024-09-02,23.5,-109.5,90
2024-09-02,23.5,-108.5,360
2024-09-02,23.5,-108.0,630
2024-09-02,23.5,-107.5,720
2024-09-02,23.5,-107.0,90
2024-09-02,23.5,-106.5,1350
2024-09-02,23.5,-106.0,810
2024-09-02,23.5,-105.5,180
2024-09-02,23.5,-105.0,540
2024-09-02,23.5,-104.0,180
2024-09-02,23.5,-103.5,540
2024-09-02,23.5,-102.5,180
2024-09-02,23.5,-102.0,720
2024-09-02,23.5,-101.0,90
2024-09-02,23.5,-100.5,90
2024-09-02,23.5,-100.0,180
2024-09-02,23.5,-99.5,3060
2024-09-02,23.5,-99.0,810
2024-09-02,23.5,-98.5,450
2024-09-02,23.5,-98.0,270
2024-09-02,23.5,-97.5,90
2024-09-02,23.5,-97.0,540
2024-09-02,23.5,-96.5,540
2024-09-02,23.5,-96.0,270
2024-09-02,23.5,-95.5,360
2024-09-02,23.5,-94.5,180
2024-09-02,23.5,-94.0,90
2024-09-02,23.5,-93.0,90
2024-09-02,23.5,-89.5,90
2024-09-02,23.5,-88.5,90
2024-09-02,23.5,-88.0,90
2024-09-02,23.5,-87.5,90
2024-09-02,23.5,-87.0,270
2024-09-02,23.5,-86.5,90
2024-09-02,23.5,-85.0,90
2024-09-02,23.5,-83.0,90
2024-09-02,23.5,-81.5,180
2024-09-02,23.5,-80.0,90
2024-09-02,23.5,-79.5,270
2024-09-02,23.5,-79.0,180
2024-09-02,23.5,-78.5,90
2024-09-02,23.5,-77.0,90
2024-09-02,23.5,-76.5,90
2024-09-02,23.5,-73.5,90
2024-09-02,23.5,-73.0,360
2024-09-02,23.5,-71.0,90
2024-09-02,23.5,-70.5,90
2024-09-02,24.0,-111.5,90
2024-09-02,24.0,-109.0,90
2024-09-02,24.0,-108.0,270
2024-09-02,24.0,-107.5,630
2024-09-02,24.0,-107.0,1530
2024-09-02,24.0,-106.5,990
2024-09-02,24.0,-106.0,720
2024-09-02,24.0,-105.5,720
2024-09-02,24.0,-105.0,180
2024-09-02,24.0,-104.0,180
2024-09-02,24.0,-103.5,180
2024-09-02,24.0,-102.5,630
2024-09-02,24.0,-102.0,360
2024-09-02,24.0,-101.5,180
2024-09-02,24.0,-101.0,450
2024-09-02,24.0,-100.0,900
2024-09-02,24.0,-99.5,4050
2024-09-02,24.0,-99.0,360
2024-09-02,24.0,-98.5,900
2024-09-02,24.0,-98.0,180
2024-09-02,24.0,-97.5,270
2024-09-02,24.0,-96.5,90
2024-09-02,24.0,-96.0,270
2024-09-02,24.0,-95.5,90
2024-09-02,24.0,-95.0,90
2024-09-02,24.0,-94.5,1620
2024-09-02,24.0,-94.0,810
2024-09-02,24.0,-93.5,360
2024-09-02,24.0,-92.0,90
2024-09-02,24.0,-89.0,90
2024-09-02,24.0,-88.0,90
2024-09-02,24.0,-87.0,180
2024-09-02,24.0,-86.0,180
2024-09-02,24.0,-85.5,90
2024-09-02,24.0,-85.0,90
2024-09-02,24.0,-84.5,180
2024-09-02,24.0,-83.5,90
2024-09-02,24.0,-82.5,90
2024-09-02,24.0,-82.0,90
2024-09-02,24.0,-81.0,90
2024-09-02,24.0,-80.5,450
2024-09-02,24.0,-80.0,90
2024-09-02,24.0,-79.5,270
2024-09-02,24.0,-79.0,360
2024-09-02,24.0,-78.5,270
2024-09-02,24.0,-77.5,90
2024-09-02,24.0,-77.0,180
2024-09-02,24.0,-72.5,90
2024-09-02,24.5,-111.5,90
2024-09-02,24.5,-108.5,90
2024-09-02,24.5,-108.0,270
2024-09-02,24.5,-107.5,810
2024-09-02,24.5,-107.0,1710
2024-09-02,24.5,-106.5,270
2024-09-02,24.5,-106.0,180
2024-09-02,24.5,-105.5,180
2024-09-02,24.5,-105.0,360
2024-09-02,24.5,-104.0,90
2024-09-02,24.5,-103.5,540
2024-09-02,24.5,-102.5,180
2024-09-02,24.5,-102.0,90
2024-09-02,24.5,-101.0,360
2024-09-02,24.5,-100.5,360
2024-09-02,24.5,-100.0,1890
2024-09-02,24.5,-99.5,1800
2024-09-02,24.5,-99.0,1620
2024-09-02,24.5,-98.5,4320
2024-09-02,24.5,-98.0,360
2024-09-02,24.5,-97.5,270
2024-09-02,24.5,-97.0,270
2024-09-02,24.5,-96.5,270
2024-09-02,24.5,-96.0,90
2024-09-02,24.5,-94.5,180
2024-09-02,24.5,-94.0,180
2024-09-02,24.5,-93.5,180
2024-09-02,24.5,-92.0,90
2024-09-02,24.5,-91.5,90
2024-09-02,24.5,-86.5,90
2024-09-02,24.5,-86.0,180
2024-09-02,24.5,-85.5,180
2024-09-02,24.5,-83.5,180
2024-09-02,24.5,-83.0,90
2024-09-02,24.5,-82.5,90
2024-09-02,24.5,-82.0,90
2024-09-02,24.5,-81.5,180
2024-09-02,24.5,-81.0,90
2024-09-02,24.5,-80.5,90
2024-09-02,24.5,-80.0,90
2024-09-02,24.5,-79.0,90
2024-09-02,24.5,-78.5,270
2024-09-02,24.5,-78.0,90
2024-09-02,24.5,-77.5,180
2024-09-02,24.5,-77.0,90
2024-09-02,24.5,-70.5,90
2024-09-02,24.5,-65.5,90
2024-09-02,25.0,-109.5,90
2024-09-02,25.0,-109.0,360
2024-09-02,25.0,-108.5,540
2024-09-02,25.0,-108.0,1260
2024-09-02,25.0,-107.5,2160
2024-09-02,25.0,-107.0,630
2024-09-02,25.0,-106.5,810
2024-09-02,25.0,-106.0,90
2024-09-02,25.0,-105.5,90
2024-09-02,25.0,-105.0,270
2024-09-02,25.0,-104.5,90
2024-09-02,25.0,-104.0,630
2024-09-02,25.0,-103.5,630
2024-09-02,25.0,-100.5,90
2024-09-02,25.0,-100.0,1710
2024-09-02,25.0,-99.5,810
2024-09-02,25.0,-99.0,900
2024-09-02,25.0,-98.5,2700
2024-09-02,25.0,-98.0,3870
2024-09-02,25.0,-97.5,630
2024-09-02,25.0,-97.0,450
2024-09-02,25.0,-96.5,270
2024-09-02,25.0,-96.0,450
2024-09-02,25.0,-95.5,180
2024-09-02,25.0,-95.0,90
2024-09-02,25.0,-94.5,360
2024-09-02,25.0,-94.0,450
2024-09-02,25.0,-93.5,270
2024-09-02,25.0,-93.0,180
2024-09-02,25.0,-92.5,360
2024-09-02,25.0,-92.0,180
2024-09-02,25.0,-89.5,90
2024-09-02,25.0,-87.0,90
2024-09-02,25.0,-86.0,90
2024-09-02,25.0,-84.0,90
2024-09-02,25.0,-83.0,360
2024-09-02,25.0,-82.5,360
2024-09-02,25.0,-82.0,1620
2024-09-02,25.0,-81.5,360
2024-09-02,25.0,-81.0,450
2024-09-02,25.0,-80.5,270
2024-09-02,25.0,-80.0,360
2024-09-02,25.0,-79.5,180
2024-09-02,25.0,-79.0,90
2024-09-02,25.5,-109.5,360
2024-09-02,25.5,-109.0,1080
2024-09-02,25.5,-108.5,2700
2024-09-02,25.5,-108.0,1440
2024-09-02,25.5,-107.5,1530
2024-09-02,25.5,-107.0,990
2024-09-02,25.5,-106.5,540
2024-09-02,25.5,-104.0,180
2024-09-02,25.5,-103.5,90
2024-09-02,25.5,-103.0,90
2024-09-02,25.5,-100.5,540
2024-09-02,25.5,-100.0,450
2024-09-02,25.5,-99.5,720
2024-09-02,25.5,-99.0,1080
2024-09-02,25.5,-98.5,1440
2024-09-02,25.5,-98.0,4050
2024-09-02,25.5,-97.5,1080
2024-09-02,25.5,-97.0,360
2024-09-02,25.5,-96.5,90
2024-09-02,25.5,-96.0,90
2024-09-02,25.5,-95.5,450
2024-09-02,25.5,-95.0,180
2024-09-02,25.5,-94.5,90
2024-09-02,25.5,-94.0,90
2024-09-02,25.5,-93.0,630
2024-09-02,25.5,-92.5,630
2024-09-02,25.5,-92.0,450
2024-09-02,25.5,-91.5,360
2024-09-02,25.5,-91.0,540
2024-09-02,25.5,-90.0,90
2024-09-02,25.5,-88.5,90
2024-09-02,25.5,-88.0,90
2024-09-02,25.5,-86.5,270
2024-09-02,25.5,-86.0,630
2024-09-02,25.5,-85.5,90
2024-09-02,25.5,-84.5,90
2024-09-02,25.5,-84.0,180
2024-09-02,25.5,-83.5,360
2024-09-02,25.5,-82.5,540
2024-09-02,25.5,-82.0,1170
2024-09-02,25.5,-81.5,2250
2024-09-02,25.5,-81.0,270
2024-09-02,25.5,-80.5,810
2024-09-02,25.5,-80.0,90
2024-09-02,26.0,-112.5,90
2024-09-02,26.0,-112.0,90
2024-09-02,26.0,-109.0,2340
2024-09-02,26.0,-108.5,1080
2024-09-02,26.0,-108.0,810
2024-09-02,26.0,-107.5,630
2024-09-02,26.0,-107.0,180
2024-09-02,26.0,-106.5,90
2024-09-02,26.0,-106.0,90
2024-09-02,26.0,-103.5,90
2024-09-02,26.0,-103.0,180
2024-09-02,26.0,-102.5,90
2024-09-02,26.0,-101.5,180
2024-09-02,26.0,-100.0,360
2024-09-02,26.0,-99.5,90
2024-09-02,26.0,-99.0,540
2024-09-02,26.0,-98.5,810
2024-09-02,26.0,-98.0,2160
2024-09-02,26.0,-97.5,900
2024-09-02,26.0,-96.5,180
2024-09-02,26.0,-96.0,180
2024-09-02,26.0,-95.5,180
2024-09-02,26.0,-95.0,270
2024-09-02,26.0,-94.5,270
2024-09-02,26.0,-93.5,180
2024-09-02,26.0,-92.5,270
2024-09-02,26.0,-92.0,360
2024-09-02,26.0,-91.5,180
2024-09-02,26.0,-91.0,180
2024-09-02,26.0,-90.5,180
2024-09-02,26.0,-90.0,180
2024-09-02,26.0,-89.5,90
2024-09-02,26.0,-89.0,180
2024-09-02,26.0,-88.5,270
2024-09-02,26.0,-88.0,450
2024-09-02,26.0,-87.5,90
2024-09-02,26.0,-87.0,90
2024-09-02,26.0,-86.5,270
2024-09-02,26.0,-85.5,360
2024-09-02,26.0,-84.0,90
2024-09-02,26.0,-83.5,360
2024-09-02,26.0,-83.0,270
2024-09-02,26.0,-82.5,360
2024-09-02,26.0,-82.0,2340
2024-09-02,26.0,-81.5,2700
2024-09-02,26.0,-81.0,450
2024-09-02,26.0,-80.5,540
2024-09-02,26.0,-80.0,180
2024-09-02,26.0,-79.0,90
2024-09-02,26.0,-73.0,90
2024-09-02,26.0,-65.5,90
2024-09-02,26.5,-113.0,270
2024-09-02,26.5,-112.5,180
2024-09-02,26.5,-109.5,450
2024-09-02,26.5,-109.0,900
2024-09-02,26.5,-108.5,1440
2024-09-02,26.5,-108.0,270
2024-09-02,26.5,-107.5,90
2024-09-02,26.5,-104.0,90
2024-09-02,26.5,-100.5,90
2024-09-02,26.5,-100.0,450
2024-09-02,26.5,-99.5,810
2024-09-02,26.5,-99.0,1530
2024-09-02,26.5,-98.5,360
2024-09-02,26.5,-98.0,1710
2024-09-02,26.5,-97.5,180
2024-09-02,26.5,-97.0,90
2024-09-02,26.5,-96.5,90
2024-09-02,26.5,-96.0,90
2024-09-02,26.5,-95.5,450
2024-09-02,26.5,-95.0,270
2024-09-02,26.5,-94.5,1440
2024-09-02,26.5,-93.5,360
2024-09-02,26.5,-93.0,360
2024-09-02,26.5,-92.5,1080
2024-09-02,26.5,-92.0,270
2024-09-02,26.5,-91.5,450
2024-09-02,26.5,-91.0,90
2024-09-02,26.5,-90.5,90
2024-09-02,26.5,-90.0,180
2024-09-02,26.5,-89.5,270
2024-09-02,26.5,-89.0,360
2024-09-02,26.5,-88.5,1350
2024-09-02,26.5,-88.0,810
2024-09-02,26.5,-87.5,180
2024-09-02,26.5,-87.0,270
2024-09-02,26.5,-86.5,360
2024-09-02,26.5,-86.0,360
2024-09-02,26.5,-85.0,180
2024-09-02,26.5,-84.5,90
2024-09-02,26.5,-83.5,90
2024-09-02,26.5,-83.0,630
2024-09-02,26.5,-82.5,2340
2024-09-02,26.5,-82.0,4320
2024-09-02,26.5,-81.5,2610
2024-09-02,26.5,-81.0,2250
2024-09-02,26.5,-80.5,810
2024-09-02,26.5,-79.5,90
2024-09-02,26.5,-79.0,180
2024-09-02,26.5,-78.5,90
2024-09-02,26.5,-77.5,90
2024-09-02,26.5,-72.0,90
2024-09-02,27.0,-110.5,270
2024-09-02,27.0,-110.0,540
2024-09-02,27.0,-109.5,630
2024-09-02,27.0,-108.5,900
2024-09-02,27.0,-108.0,270
2024-09-02,27.0,-107.5,90
2024-09-02,27.0,-107.0,270
2024-09-02,27.0,-106.5,180
2024-09-02,27.0,-102.5,90
2024-09-02,27.0,-101.0,90
2024-09-02,27.0,-100.0,360
2024-09-02,27.0,-99.5,270
2024-09-02,27.0,-99.0,2880
2024-09-02,27.0,-98.5,540
2024-09-02,27.0,-98.0,450
2024-09-02,27.0,-97.5,180
2024-09-02,27.0,-97.0,180
2024-09-02,27.0,-96.0,90
2024-09-02,27.0,-95.5,270
2024-09-02,27.0,-95.0,180
2024-09-02,27.0,-94.5,90
2024-09-02,27.0,-94.0,90
2024-09-02,27.0,-93.5,1260
2024-09-02,27.0,-93.0,450
2024-09-02,27.0,-92.5,90
2024-09-02,27.0,-92.0,450
2024-09-02,27.0,-91.5,270
2024-09-02,27.0,-91.0,180
2024-09-02,27.0,-90.5,180
2024-09-02,27.0,-90.0,270
2024-09-02,27.0,-89.5,90
2024-09-02,27.0,-89.0,180
2024-09-02,27.0,-88.5,1080
2024-09-02,27.0,-88.0,90
2024-09-02,27.0,-87.5,90
2024-09-02,27.0,-87.0,180
2024-09-02,27.0,-86.5,630
2024-09-02,27.0,-86.0,270
2024-09-02,27.0,-85.5,1080
2024-09-02,27.0,-85.0,450
2024-09-02,27.0,-84.5,90
2024-09-02,27.0,-84.0,90
2024-09-02,27.0,-83.5,450
2024-09-02,27.0,-83.0,720
2024-09-02,27.0,-82.5,1440
2024-09-02,27.0,-82.0,2610
2024-09-02,27.0,-81.5,2250
2024-09-02,27.0,-81.0,990
2024-09-02,27.0,-80.5,450
2024-09-02,27.0,-80.0,270
2024-09-02,27.0,-79.5,180
2024-09-02,27.0,-78.5,90
2024-09-02,27.5,-113.5,90
2024-09-02,27.5,-111.5,270
2024-09-02,27.5,-111.0,90
2024-09-02,27.5,-110.5,270
2024-09-02,27.5,-110.0,270
2024-09-02,27.5,-109.5,720
2024-09-02,27.5,-109.0,90
2024-09-02,27.5,-108.5,1530
2024-09-02,27.5,-108.0,540
2024-09-02,27.5,-107.5,540
2024-09-02,27.5,-107.0,360
2024-09-02,27.5,-106.5,540
2024-09-02,27.5,-104.5,90
2024-09-02,27.5,-101.0,180
2024-09-02,27.5,-99.5,270
2024-09-02,27.5,-99.0,180
2024-09-02,27.5,-98.5,630
2024-09-02,27.5,-98.0,450
2024-09-02,27.5,-97.5,810
2024-09-02,27.5,-97.0,180
2024-09-02,27.5,-96.5,720
2024-09-02,27.5,-96.0,270
2024-09-02,27.5,-95.0,810
2024-09-02,27.5,-94.5,630
2024-09-02,27.5,-94.0,810
2024-09-02,27.5,-93.5,450
2024-09-02,27.5,-93.0,630
2024-09-02,27.5,-92.5,270
2024-09-02,27.5,-92.0,270
2024-09-02,27.5,-91.5,360
2024-09-02,27.5,-91.0,270
2024-09-02,27.5,-90.5,180
2024-09-02,27.5,-90.0,90
2024-09-02,27.5,-89.5,90
2024-09-02,27.5,-89.0,360
2024-09-02,27.5,-88.5,270
2024-09-02,27.5,-88.0,540
2024-09-02,27.5,-87.0,360
2024-09-02,27.5,-86.5,90
2024-09-02,27.5,-86.0,450
2024-09-02,27.5,-85.5,90
2024-09-02,27.5,-85.0,180
2024-09-02,27.5,-84.5,90
2024-09-02,27.5,-83.5,270
2024-09-02,27.5,-83.0,1890
2024-09-02,27.5,-82.5,3330
2024-09-02,27.5,-82.0,3150
2024-09-02,27.5,-81.5,1800
2024-09-02,27.5,-81.0,810
2024-09-02,27.5,-80.5,270
2024-09-02,27.5,-80.0,360
2024-09-02,27.5,-78.0,90
2024-09-02,27.5,-76.5,90
2024-09-02,27.5,-76.0,90
2024-09-02,27.5,-71.0,360
2024-09-02,27.5,-70.0,270
2024-09-02,27.5,-69.5,540
2024-09-02,27.5,-69.0,90
2024-09-02,27.5,-67.0,90
2024-09-02,28.0,-111.5,1260
2024-09-02,28.0,-111.0,1980
2024-09-02,28.0,-110.5,1440
2024-09-02,28.0,-110.0,1260
2024-09-02,28.0,-109.5,720
2024-09-02,28.0,-109.0,630
2024-09-02,28.0,-108.5,1080
2024-09-02,28.0,-107.5,270
2024-09-02,28.0,-107.0,1350
2024-09-02,28.0,-106.5,2340
2024-09-02,28.0,-106.0,90
2024-09-02,28.0,-101.0,90
2024-09-02,28.0,-100.5,180
2024-09-02,28.0,-100.0,180
2024-09-02,28.0,-99.5,180
2024-09-02,28.0,-98.5,180
2024-09-02,28.0,-98.0,360
2024-09-02,28.0,-97.0,90
2024-09-02,28.0,-96.5,450
2024-09-02,28.0,-96.0,180
2024-09-02,28.0,-95.5,720
2024-09-02,28.0,-95.0,720
2024-09-02,28.0,-94.5,540
2024-09-02,28.0,-94.0,450
2024-09-02,28.0,-93.5,630
2024-09-02,28.0,-93.0,90
2024-09-02,28.0,-92.0,90
2024-09-02,28.0,-91.5,90
2024-09-02,28.0,-91.0,180
2024-09-02,28.0,-90.5,270
2024-09-02,28.0,-90.0,180
2024-09-02,28.0,-89.5,270
2024-09-02,28.0,-89.0,180
2024-09-02,28.0,-88.5,180
2024-09-02,28.0,-88.0,540
2024-09-02,28.0,-87.5,540
2024-09-02,28.0,-87.0,990
2024-09-02,28.0,-86.5,1350
2024-09-02,28.0,-86.0,360
2024-09-02,28.0,-85.5,270
2024-09-02,28.0,-85.0,270
2024-09-02,28.0,-84.5,720
2024-09-02,28.0,-84.0,450
2024-09-02,28.0,-83.5,630
2024-09-02,28.0,-83.0,1620
2024-09-02,28.0,-82.5,4680
2024-09-02,28.0,-82.0,1980
2024-09-02,28.0,-81.5,1440
2024-09-02,28.0,-81.0,540
2024-09-02,28.0,-80.5,540
2024-09-02,28.0,-80.0,270
2024-09-02,28.0,-79.5,180
2024-09-02,28.0,-79.0,90
2024-09-02,28.0,-73.5,90
2024-09-02,28.0,-72.0,90
2024-09-02,28.0,-71.5,90
2024-09-02,28.0,-69.5,360
2024-09-02,28.0,-69.0,90
2024-09-02,28.0,-68.5,90
2024-09-02,28.0,-67.5,90
2024-09-02,28.0,-66.0,180
2024-09-02,28.0,-65.5,180
2024-09-02,28.5,-111.5,360
2024-09-02,28.5,-111.0,1530
2024-09-02,28.5,-110.5,270
2024-09-02,28.5,-110.0,810
2024-09-02,28.5,-109.5,810
2024-09-02,28.5,-109.0,360
2024-09-02,28.5,-108.5,360
2024-09-02,28.5,-108.0,180
2024-09-02,28.5,-107.5,90
2024-09-02,28.5,-107.0,90
2024-09-02,28.5,-106.0,90
2024-09-02,28.5,-99.5,630
2024-09-02,28.5,-99.0,450
2024-09-02,28.5,-98.5,90
2024-09-02,28.5,-96.0,270
2024-09-02,28.5,-95.5,180
2024-09-02,28.5,-95.0,180
2024-09-02,28.5,-94.5,180
2024-09-02,28.5,-94.0,270
2024-09-02,28.5,-93.5,270
2024-09-02,28.5,-93.0,180
2024-09-02,28.5,-92.5,180
2024-09-02,28.5,-90.5,180
2024-09-02,28.5,-90.0,270
2024-09-02,28.5,-89.0,360
2024-09-02,28.5,-88.5,540
2024-09-02,28.5,-88.0,180
2024-09-02,28.5,-87.5,990
2024-09-02,28.5,-87.0,990
2024-09-02,28.5,-86.5,1080
2024-09-02,28.5,-86.0,1260
2024-09-02,28.5,-85.5,540
2024-09-02,28.5,-85.0,990
2024-09-02,28.5,-84.5,1350
2024-09-02,28.5,-84.0,540
2024-09-02,28.5,-83.5,360
2024-09-02,28.5,-83.0,1350
2024-09-02,28.5,-82.5,2250
2024-09-02,28.5,-82.0,2610
2024-09-02,28.5,-81.5,3240
2024-09-02,28.5,-81.0,2340
2024-09-02,28.5,-80.5,1890
2024-09-02,28.5,-80.0,1080
2024-09-02,28.5,-79.5,180
2024-09-02,28.5,-73.5,90
2024-09-02,28.5,-73.0,90
2024-09-02,28.5,-72.5,90
2024-09-02,28.5,-72.0,360
2024-09-02,28.5,-71.5,90
2024-09-02,28.5,-70.5,270
2024-09-02,28.5,-70.0,90
2024-09-02,28.5,-69.5,630
2024-09-02,28.5,-69.0,270
2024-09-02,28.5,-67.5,270
2024-09-02,28.5,-66.5,180
2024-09-02,29.0,-114.5,90
2024-09-02,29.0,-112.5,180
2024-09-02,29.0,-112.0,360
2024-09-02,29.0,-111.5,270
2024-09-02,29.0,-111.0,540
2024-09-02,29.0,-110.0,720
2024-09-02,29.0,-109.5,810
2024-09-02,29.0,-109.0,180
2024-09-02,29.0,-108.5,90
2024-09-02,29.0,-106.0,90
2024-09-02,29.0,-105.0,90
2024-09-02,29.0,-104.5,270
2024-09-02,29.0,-96.5,360
2024-09-02,29.0,-96.0,180
2024-09-02,29.0,-95.5,90
2024-09-02,29.0,-95.0,270
2024-09-02,29.0,-94.0,630
2024-09-02,29.0,-93.5,90
2024-09-02,29.0,-93.0,90
2024-09-02,29.0,-92.5,90
2024-09-02,29.0,-92.0,90
2024-09-02,29.0,-91.5,450
2024-09-02,29.0,-90.5,90
2024-09-02,29.0,-90.0,270
2024-09-02,29.0,-89.5,90
2024-09-02,29.0,-89.0,90
2024-09-02,29.0,-88.5,360
2024-09-02,29.0,-88.0,180
2024-09-02,29.0,-87.5,810
2024-09-02,29.0,-87.0,270
2024-09-02,29.0,-86.5,900
2024-09-02,29.0,-86.0,1800
2024-09-02,29.0,-85.5,1170
2024-09-02,29.0,-85.0,900
2024-09-02,29.0,-84.5,360
2024-09-02,29.0,-83.5,360
2024-09-02,29.0,-83.0,1440
2024-09-02,29.0,-82.5,1350
2024-09-02,29.0,-82.0,1530
2024-09-02,29.0,-81.5,1530
2024-09-02,29.0,-81.0,1260
2024-09-02,29.0,-80.5,720
2024-09-02,29.0,-80.0,630
2024-09-02,29.0,-79.5,540
2024-09-02,29.0,-79.0,90
2024-09-02,29.0,-78.5,90
2024-09-02,29.0,-78.0,180
2024-09-02,29.0,-77.5,180
2024-09-02,29.0,-76.5,180
2024-09-02,29.0,-75.5,90
2024-09-02,29.0,-72.5,90
2024-09-02,29.0,-72.0,360
2024-09-02,29.0,-71.5,630
2024-09-02,29.0,-71.0,270
2024-09-02,29.0,-70.5,90
2024-09-02,29.0,-70.0,270
2024-09-02,29.0,-69.5,180
2024-09-02,29.0,-69.0,630
2024-09-02,29.0,-68.5,180
2024-09-02,29.0,-66.0,90
2024-09-02,29.5,-112.5,360
2024-09-02,29.5,-111.5,90
2024-09-02,29.5,-110.5,90
2024-09-02,29.5,-99.5,90
2024-09-02,29.5,-98.5,90
2024-09-02,29.5,-96.0,180
2024-09-02,29.5,-93.5,90
2024-09-02,29.5,-92.5,270
2024-09-02,29.5,-92.0,90
2024-09-02,29.5,-91.5,360
2024-09-02,29.5,-91.0,540
2024-09-02,29.5,-90.5,180
2024-09-02,29.5,-90.0,180
2024-09-02,29.5,-89.5,180
2024-09-02,29.5,-89.0,270
2024-09-02,29.5,-88.5,270
2024-09-02,29.5,-88.0,270
2024-09-02,29.5,-87.5,540
2024-09-02,29.5,-87.0,180
2024-09-02,29.5,-86.5,90
2024-09-02,29.5,-85.5,90
2024-09-02,29.5,-85.0,180
2024-09-02,29.5,-84.0,900
2024-09-02,29.5,-83.5,90
2024-09-02,29.5,-83.0,90
2024-09-02,29.5,-82.5,540
2024-09-02,29.5,-82.0,990
2024-09-02,29.5,-81.5,1530
2024-09-02,29.5,-81.0,1440
2024-09-02,29.5,-80.5,1170
2024-09-02,29.5,-80.0,540
2024-09-02,29.5,-79.5,450
2024-09-02,29.5,-79.0,360
2024-09-02,29.5,-78.5,180
2024-09-02,29.5,-78.0,90
2024-09-02,29.5,-77.5,270
2024-09-02,29.5,-77.0,270
2024-09-02,29.5,-76.5,270
2024-09-02,29.5,-76.0,180
2024-09-02,29.5,-75.0,90
2024-09-02,29.5,-74.0,180
2024-09-02,29.5,-72.5,630
2024-09-02,29.5,-72.0,1800
2024-09-02,29.5,-71.5,720
2024-09-02,29.5,-71.0,270
2024-09-02,29.5,-70.5,90
2024-09-02,29.5,-70.0,180
2024-09-02,29.5,-68.5,270
2024-09-02,29.5,-66.5,90
2024-09-02,30.0,-114.5,90
2024-09-02,30.0,-113.5,90
2024-09-02,30.0,-112.5,270
2024-09-02,30.0,-110.0,720
2024-09-02,30.0,-109.5,90
2024-09-02,30.0,-102.5,180
2024-09-02,30.0,-98.5,180
2024-09-02,30.0,-95.5,90
2024-09-02,30.0,-94.5,90
2024-09-02,30.0,-92.5,90
2024-09-02,30.0,-91.0,180
2024-09-02,30.0,-90.0,90
2024-09-02,30.0,-87.0,270
2024-09-02,30.0,-86.5,90
2024-09-02,30.0,-85.0,180
2024-09-02,30.0,-84.5,180
2024-09-02,30.0,-82.0,90
2024-09-02,30.0,-81.5,180
2024-09-02,30.0,-81.0,180
2024-09-02,30.0,-80.5,540
2024-09-02,30.0,-80.0,630
2024-09-02,30.0,-79.5,360
2024-09-02,30.0,-79.0,450
2024-09-02,30.0,-78.5,270
2024-09-02,30.0,-77.5,180
2024-09-02,30.0,-76.0,270
2024-09-02,30.0,-75.5,90
2024-09-02,30.0,-73.5,90
2024-09-02,30.0,-73.0,180
2024-09-02,30.0,-72.5,360
2024-09-02,30.0,-72.0,360
2024-09-02,30.0,-71.0,90
2024-09-02,30.0,-69.5,90
2024-09-02,30.0,-69.0,180
2024-09-02,30.0,-66.0,90
2024-09-02,30.5,-113.0,270
2024-09-02,30.5,-112.5,540
2024-09-02,30.5,-102.0,90
2024-09-02,30.5,-100.0,90
2024-09-02,30.5,-99.0,90
2024-09-02,30.5,-97.5,90
2024-09-02,30.5,-96.0,180
2024-09-02,30.5,-95.5,180
2024-09-02,30.5,-94.5,90
2024-09-02,30.5,-94.0,180
2024-09-02,30.5,-93.5,90
2024-09-02,30.5,-93.0,90
2024-09-02,30.5,-92.5,90
2024-09-02,30.5,-90.0,90
2024-09-02,30.5,-89.0,180
2024-09-02,30.5,-88.5,360
2024-09-02,30.5,-88.0,90
2024-09-02,30.5,-87.5,270
2024-09-02,30.5,-87.0,180
2024-09-02,30.5,-82.0,180
2024-09-02,30.5,-81.5,180
2024-09-02,30.5,-81.0,90
2024-09-02,30.5,-80.5,360
2024-09-02,30.5,-80.0,1170
2024-09-02,30.5,-79.5,450
2024-09-02,30.5,-79.0,180
2024-09-02,30.5,-78.5,270
2024-09-02,30.5,-77.5,180
2024-09-02,30.5,-77.0,90
2024-09-02,30.5,-76.0,90
2024-09-02,30.5,-74.5,90
2024-09-02,30.5,-74.0,90
2024-09-02,30.5,-73.5,270
2024-09-02,30.5,-73.0,180
2024-09-02,30.5,-72.5,450
2024-09-02,30.5,-72.0,360
2024-09-02,30.5,-71.5,180
2024-09-02,30.5,-70.5,270
2024-09-02,30.5,-69.0,180
2024-09-02,30.5,-68.5,180
2024-09-02,30.5,-68.0,180
2024-09-02,30.5,-66.5,90
2024-09-02,30.5,-66.0,360
2024-09-02,31.0,-113.0,90
2024-09-02,31.0,-112.5,90
2024-09-02,31.0,-111.5,90
2024-09-02,31.0,-110.5,90
2024-09-02,31.0,-107.5,90
2024-09-02,31.0,-102.0,90
2024-09-02,31.0,-95.5,90
2024-09-02,31.0,-94.0,180
2024-09-02,31.0,-93.5,180
2024-09-02,31.0,-92.5,90
2024-09-02,31.0,-92.0,180
2024-09-02,31.0,-89.0,90
2024-09-02,31.0,-88.5,450
2024-09-02,31.0,-88.0,450
2024-09-02,31.0,-87.5,180
2024-09-02,31.0,-83.0,90
2024-09-02,31.0,-82.5,90
2024-09-02,31.0,-81.0,90
2024-09-02,31.0,-80.5,720
2024-09-02,31.0,-80.0,1710
2024-09-02,31.0,-79.5,90
2024-09-02,31.0,-79.0,360
2024-09-02,31.0,-78.5,90
2024-09-02,31.0,-77.5,180
2024-09-02,31.0,-77.0,180
2024-09-02,31.0,-76.5,720
2024-09-02,31.0,-76.0,450
2024-09-02,31.0,-75.5,270
2024-09-02,31.0,-74.5,90
2024-09-02,31.0,-74.0,90
2024-09-02,31.0,-73.0,90
2024-09-02,31.0,-72.5,90
2024-09-02,31.0,-72.0,270
2024-09-02,31.0,-71.5,90
2024-09-02,31.0,-70.0,180
2024-09-02,31.0,-69.0,360
2024-09-02,31.0,-68.5,180
2024-09-02,31.5,-116.5,180
2024-09-02,31.5,-113.0,90
2024-09-02,31.5,-108.0,270
2024-09-02,31.5,-103.0,180
2024-09-02,31.5,-98.0,90
2024-09-02,31.5,-95.5,90
2024-09-02,31.5,-95.0,90
2024-09-02,31.5,-93.5,90
2024-09-02,31.5,-93.0,360
2024-09-02,31.5,-91.5,90
2024-09-02,31.5,-88.0,270
2024-09-02,31.5,-87.5,630
2024-09-02,31.5,-82.5,360
2024-09-02,31.5,-82.0,90
2024-09-02,31.5,-81.0,90
2024-09-02,31.5,-80.5,90
2024-09-02,31.5,-80.0,270
2024-09-02,31.5,-79.5,180
2024-09-02,31.5,-79.0,180
2024-09-02,31.5,-78.5,1260
2024-09-02,31.5,-78.0,180
2024-09-02,31.5,-76.5,270
2024-09-02,31.5,-76.0,90
2024-09-02,31.5,-75.5,90
2024-09-02,31.5,-74.5,90
2024-09-02,31.5,-73.0,90
2024-09-02,31.5,-72.5,90
2024-09-02,31.5,-71.5,90
2024-09-02,31.5,-69.5,270
2024-09-02,31.5,-69.0,180
2024-09-02,31.5,-68.5,630
2024-09-02,31.5,-66.5,180
2024-09-02,32.0,-117.0,270
2024-09-02,32.0,-104.5,90
2024-09-02,32.0,-104.0,180
2024-09-02,32.0,-102.5,90
2024-09-02,32.0,-102.0,180
2024-09-02,32.0,-99.5,90
2024-09-02,32.0,-98.5,90
2024-09-02,32.0,-97.5,90
2024-09-02,32.0,-93.0,180
2024-09-02,32.0,-92.5,90
2024-09-02,32.0,-87.5,180
2024-09-02,32.0,-85.0,90
2024-09-02,32.0,-83.0,90
2024-09-02,32.0,-82.0,90
2024-09-02,32.0,-81.5,90
2024-09-02,32.0,-80.0,180
2024-09-02,32.0,-79.5,720
2024-09-02,32.0,-79.0,630
2024-09-02,32.0,-78.5,630
2024-09-02,32.0,-78.0,540
2024-09-02,32.0,-77.5,540
2024-09-02,32.0,-77.0,90
2024-09-02,32.0,-76.5,90
2024-09-02,32.0,-74.5,180
2024-09-02,32.0,-74.0,90
2024-09-02,32.0,-72.0,360
2024-09-02,32.0,-71.5,90
2024-09-02,32.0,-69.5,90
2024-09-02,32.0,-69.0,450
2024-09-02,32.0,-68.5,90
2024-09-02,32.0,-68.0,90
2024-09-02,32.0,-66.5,180
2024-09-02,32.0,-66.0,360
2024-09-02,32.5,-117.0,180
2024-09-02,32.5,-109.0,720
2024-09-02,32.5,-108.5,180
2024-09-02,32.5,-105.0,90
2024-09-02,32.5,-104.5,90
2024-09-02,32.5,-104.0,180
2024-09-02,32.5,-102.0,90
2024-09-02,32.5,-98.0,180
2024-09-02,32.5,-97.5,90
2024-09-02,32.5,-97.0,180
2024-09-02,32.5,-96.5,90
2024-09-02,32.5,-96.0,90
2024-09-02,32.5,-93.0,90
2024-09-02,32.5,-92.5,270
2024-09-02,32.5,-89.0,270
2024-09-02,32.5,-88.5,90
2024-09-02,32.5,-88.0,90
2024-09-02,32.5,-81.5,90
2024-09-02,32.5,-81.0,270
2024-09-02,32.5,-80.0,90
2024-09-02,32.5,-79.0,90
2024-09-02,32.5,-78.5,450
2024-09-02,32.5,-78.0,270
2024-09-02,32.5,-77.5,270
2024-09-02,32.5,-76.5,270
2024-09-02,32.5,-76.0,180
2024-09-02,32.5,-75.5,90
2024-09-02,32.5,-66.5,90
2024-09-02,33.0,-117.5,180
2024-09-02,33.0,-115.5,270
2024-09-02,33.0,-115.0,270
2024-09-02,33.0,-114.5,270
2024-09-02,33.0,-112.5,90
2024-09-02,33.0,-109.5,540
2024-09-02,33.0,-109.0,1260
2024-09-02,33.0,-108.5,540
2024-09-02,33.0,-107.5,450
2024-09-02,33.0,-106.5,90
2024-09-02,33.0,-104.0,90
2024-09-02,33.0,-103.5,270
2024-09-02,33.0,-98.0,90
2024-09-02,33.0,-97.5,180
2024-09-02,33.0,-97.0,90
2024-09-02,33.0,-96.5,90
2024-09-02,33.0,-94.5,180
2024-09-02,33.0,-89.0,630
2024-09-02,33.0,-84.0,90
2024-09-02,33.0,-80.0,90
2024-09-02,33.0,-79.0,90
2024-09-02,33.0,-77.5,180
2024-09-02,33.0,-77.0,90
2024-09-02,33.0,-76.5,90
2024-09-02,33.0,-75.5,270
2024-09-02,33.0,-75.0,90
2024-09-02,33.0,-74.5,180
2024-09-02,33.0,-74.0,90
2024-09-02,33.0,-72.5,90
2024-09-02,33.0,-72.0,90
2024-09-02,33.0,-71.0,180
2024-09-02,33.0,-66.0,180
2024-09-02,33.0,-65.5,270
2024-09-02,33.5,-117.5,270
2024-09-02,33.5,-117.0,90
2024-09-02,33.5,-116.0,180
2024-09-02,33.5,-115.5,90
2024-09-02,33.5,-114.5,90
2024-09-02,33.5,-113.0,180
2024-09-02,33.5,-112.5,90
2024-09-02,33.5,-112.0,630
2024-09-02,33.5,-111.0,90
2024-09-02,33.5,-110.5,180
2024-09-02,33.5,-110.0,180
2024-09-02,33.5,-109.0,270
2024-09-02,33.5,-108.5,180
2024-09-02,33.5,-108.0,180
2024-09-02,33.5,-107.5,180
2024-09-02,33.5,-107.0,270
2024-09-02,33.5,-106.5,360
2024-09-02,33.5,-106.0,180
2024-09-02,33.5,-105.5,90
2024-09-02,33.5,-105.0,180
2024-09-02,33.5,-104.5,90
2024-09-02,33.5,-103.5,180
2024-09-02,33.5,-102.5,90
2024-09-02,33.5,-102.0,90
2024-09-02,33.5,-96.5,180
2024-09-02,33.5,-96.0,540
2024-09-02,33.5,-95.5,270
2024-09-02,33.5,-95.0,270
2024-09-02,33.5,-94.5,180
2024-09-02,33.5,-94.0,270
2024-09-02,33.5,-93.5,180
2024-09-02,33.5,-92.5,90
2024-09-02,33.5,-88.5,90
2024-09-02,33.5,-83.5,270
2024-09-02,33.5,-83.0,270
2024-09-02,33.5,-78.5,90
2024-09-02,33.5,-78.0,270
2024-09-02,33.5,-77.5,810
2024-09-02,33.5,-77.0,270
2024-09-02,33.5,-76.5,90
2024-09-02,33.5,-76.0,180
2024-09-02,33.5,-75.5,540
2024-09-02,33.5,-75.0,810
2024-09-02,33.5,-74.5,270
2024-09-02,33.5,-71.0,90
2024-09-02,33.5,-67.5,90
2024-09-02,34.0,-118.0,180
2024-09-02,34.0,-117.5,450
2024-09-02,34.0,-117.0,180
2024-09-02,34.0,-116.0,90
2024-09-02,34.0,-115.0,180
2024-09-02,34.0,-114.5,540
2024-09-02,34.0,-114.0,180
2024-09-02,34.0,-113.5,1080
2024-09-02,34.0,-113.0,990
2024-09-02,34.0,-112.5,1170
2024-09-02,34.0,-112.0,540
2024-09-02,34.0,-111.5,360
2024-09-02,34.0,-111.0,450
2024-09-02,34.0,-110.5,90
2024-09-02,34.0,-108.0,450
2024-09-02,34.0,-107.5,180
2024-09-02,34.0,-106.5,720
2024-09-02,34.0,-106.0,450
2024-09-02,34.0,-105.5,360
2024-09-02,34.0,-105.0,90
2024-09-02,34.0,-102.5,90
2024-09-02,34.0,-102.0,270
2024-09-02,34.0,-101.0,180
2024-09-02,34.0,-100.5,90
2024-09-02,34.0,-96.0,90
2024-09-02,34.0,-95.5,180
2024-09-02,34.0,-93.5,450
2024-09-02,34.0,-92.5,90
2024-09-02,34.0,-92.0,90
2024-09-02,34.0,-82.0,90
2024-09-02,34.0,-81.5,450
2024-09-02,34.0,-81.0,90
2024-09-02,34.0,-77.5,90
2024-09-02,34.0,-77.0,90
2024-09-02,34.0,-76.5,270
2024-09-02,34.0,-76.0,90
2024-09-02,34.0,-75.5,720
2024-09-02,34.0,-75.0,900
2024-09-02,34.0,-74.5,990
2024-09-02,34.0,-74.0,90
2024-09-02,34.0,-73.0,90
2024-09-02,34.0,-72.0,90
2024-09-02,34.0,-69.5,90
2024-09-02,34.0,-69.0,1800
2024-09-02,34.0,-68.5,180
2024-09-02,34.0,-68.0,180
2024-09-02,34.0,-67.5,270
2024-09-02,34.0,-66.5,360
2024-09-02,34.0,-66.0,540
2024-09-02,34.0,-65.5,180
2024-09-02,34.5,-116.5,180
2024-09-02,34.5,-116.0,180
2024-09-02,34.5,-115.5,900
2024-09-02,34.5,-115.0,180
2024-09-02,34.5,-114.5,270
2024-09-02,34.5,-114.0,1260
2024-09-02,34.5,-113.5,360
2024-09-02,34.5,-113.0,720
2024-09-02,34.5,-112.5,360
2024-09-02,34.5,-111.5,180
2024-09-02,34.5,-107.5,90
2024-09-02,34.5,-107.0,270
2024-09-02,34.5,-106.5,540
2024-09-02,34.5,-106.0,450
2024-09-02,34.5,-103.0,90
2024-09-02,34.5,-101.5,90
2024-09-02,34.5,-101.0,180
2024-09-02,34.5,-100.5,270
2024-09-02,34.5,-94.5,90
2024-09-02,34.5,-93.0,90
2024-09-02,34.5,-91.5,180
2024-09-02,34.5,-90.0,90
2024-09-02,34.5,-84.0,180
2024-09-02,34.5,-83.5,90
2024-09-02,34.5,-83.0,90
2024-09-02,34.5,-81.5,90
2024-09-02,34.5,-81.0,540
2024-09-02,34.5,-78.0,90
2024-09-02,34.5,-75.5,180
2024-09-02,34.5,-75.0,90
2024-09-02,34.5,-74.5,180
2024-09-02,34.5,-74.0,270
2024-09-02,34.5,-73.5,360
2024-09-02,34.5,-73.0,90
2024-09-02,34.5,-72.5,90
2024-09-02,34.5,-71.5,180
2024-09-02,34.5,-70.5,270
2024-09-02,34.5,-68.5,360
2024-09-02,34.5,-68.0,90
2024-09-02,34.5,-67.5,180
2024-09-02,34.5,-67.0,180
2024-09-02,34.5,-66.5,360
2024-09-02,34.5,-66.0,360
2024-09-02,34.5,-65.5,90
2024-09-02,35.0,-116.5,180
2024-09-02,35.0,-116.0,360
2024-09-02,35.0,-115.5,450
2024-09-02,35.0,-114.0,270
2024-09-02,35.0,-113.5,90
2024-09-02,35.0,-113.0,90
2024-09-02,35.0,-112.5,540
2024-09-02,35.0,-112.0,900
2024-09-02,35.0,-111.5,90
2024-09-02,35.0,-111.0,90
2024-09-02,35.0,-110.5,90
2024-09-02,35.0,-107.0,270
2024-09-02,35.0,-106.5,360
2024-09-02,35.0,-105.0,270
2024-09-02,35.0,-104.5,270
2024-09-02,35.0,-104.0,270
2024-09-02,35.0,-100.5,90
2024-09-02,35.0,-100.0,270
2024-09-02,35.0,-95.0,90
2024-09-02,35.0,-80.5,360
2024-09-02,35.0,-80.0,90
2024-09-02,35.0,-79.5,360
2024-09-02,35.0,-79.0,360
2024-09-02,35.0,-78.5,540
2024-09-02,35.0,-78.0,90
2024-09-02,35.0,-76.5,180
2024-09-02,35.0,-75.0,90
2024-09-02,35.0,-74.0,450
2024-09-02,35.0,-73.5,360
2024-09-02,35.0,-73.0,270
2024-09-02,35.0,-70.0,90
2024-09-02,35.0,-69.0,270
2024-09-02,35.0,-68.5,450
2024-09-02,35.0,-68.0,450
2024-09-02,35.0,-67.0,540
2024-09-02,35.0,-66.5,360
2024-09-02,35.0,-66.0,630
2024-09-02,35.0,-65.5,180
2024-09-02,35.5,-115.5,90
2024-09-02,35.5,-114.5,360
2024-09-02,35.5,-113.5,90
2024-09-02,35.5,-112.0,270
2024-09-02,35.5,-109.5,90
2024-09-02,35.5,-106.5,1260
2024-09-02,35.5,-106.0,270
2024-09-02,35.5,-104.5,630
2024-09-02,35.5,-104.0,90
2024-09-02,35.5,-100.5,90
2024-09-02,35.5,-100.0,180
2024-09-02,35.5,-99.5,90
2024-09-02,35.5,-90.5,90
2024-09-02,35.5,-90.0,90
2024-09-02,35.5,-88.5,90
2024-09-02,35.5,-88.0,270
2024-09-02,35.5,-87.5,180
2024-09-02,35.5,-79.5,450
2024-09-02,35.5,-79.0,90
2024-09-02,35.5,-78.5,270
2024-09-02,35.5,-78.0,180
2024-09-02,35.5,-77.0,90
2024-09-02,35.5,-75.0,90
2024-09-02,35.5,-74.5,90
2024-09-02,35.5,-74.0,450
2024-09-02,35.5,-73.5,90
2024-09-02,35.5,-73.0,540
2024-09-02,35.5,-70.5,90
2024-09-02,35.5,-70.0,90
2024-09-02,35.5,-69.5,90
2024-09-02,35.5,-69.0,90
2024-09-02,35.5,-68.5,90
2024-09-02,35.5,-68.0,3960
2024-09-02,35.5,-67.5,180
2024-09-02,35.5,-67.0,450
2024-09-02,35.5,-66.5,900
2024-09-02,35.5,-65.5,360
2024-09-02,36.0,-116.0,90
2024-09-02,36.0,-114.0,180
2024-09-02,36.0,-113.5,270
2024-09-02,36.0,-109.5,90
2024-09-02,36.0,-109.0,90
2024-09-02,36.0,-107.0,90
2024-09-02,36.0,-106.5,630
2024-09-02,36.0,-105.5,720
2024-09-02,36.0,-104.5,90
2024-09-02,36.0,-104.0,180
2024-09-02,36.0,-100.0,270
2024-09-02,36.0,-99.5,180
2024-09-02,36.0,-99.0,90
2024-09-02,36.0,-88.5,180
2024-09-02,36.0,-87.5,90
2024-09-02,36.0,-79.5,270
2024-09-02,36.0,-77.0,90
2024-09-02,36.0,-76.0,90
2024-09-02,36.0,-73.5,180
2024-09-02,36.0,-73.0,450
2024-09-02,36.0,-72.5,540
2024-09-02,36.0,-72.0,90
2024-09-02,36.0,-70.0,90
2024-09-02,36.0,-68.0,90
2024-09-02,36.0,-66.5,180
2024-09-02,36.5,-114.0,90
2024-09-02,36.5,-113.5,180
2024-09-02,36.5,-112.5,90
2024-09-02,36.5,-107.0,90
2024-09-02,36.5,-106.5,720
2024-09-02,36.5,-106.0,1080
2024-09-02,36.5,-105.5,90
2024-09-02,36.5,-105.0,180
2024-09-02,36.5,-104.5,180
2024-09-02,36.5,-100.0,630
2024-09-02,36.5,-99.5,990
2024-09-02,36.5,-99.0,270
2024-09-02,36.5,-88.0,180
2024-09-02,36.5,-87.5,90
2024-09-02,36.5,-86.5,180
2024-09-02,36.5,-80.0,180
2024-09-02,36.5,-79.5,270
2024-09-02,36.5,-79.0,90
2024-09-02,36.5,-73.5,180
2024-09-02,36.5,-73.0,90
2024-09-02,36.5,-72.5,360
2024-09-02,36.5,-72.0,180
2024-09-02,36.5,-65.5,90
2024-09-02,37.0,-113.0,90
2024-09-02,37.0,-112.5,90
2024-09-02,37.0,-108.5,270
2024-09-02,37.0,-108.0,90
2024-09-02,37.0,-107.5,180
2024-09-02,37.0,-107.0,360
2024-09-02,37.0,-106.5,90
2024-09-02,37.0,-106.0,180
2024-09-02,37.0,-105.5,360
2024-09-02,37.0,-105.0,270
2024-09-02,37.0,-104.5,180
2024-09-02,37.0,-104.0,90
2024-09-02,37.0,-103.5,90
2024-09-02,37.0,-100.5,180
2024-09-02,37.0,-99.5,90
2024-09-02,37.0,-99.0,270
2024-09-02,37.0,-98.5,450
2024-09-02,37.0,-88.0,90
2024-09-02,37.0,-87.5,180
2024-09-02,37.0,-85.5,90
2024-09-02,37.0,-85.0,90
2024-09-02,37.0,-78.0,90
2024-09-02,37.0,-75.5,180
2024-09-02,37.0,-73.0,90
2024-09-02,37.0,-72.5,180
2024-09-02,37.0,-72.0,90
2024-09-02,37.0,-71.5,90
2024-09-02,37.0,-71.0,540
2024-09-02,37.0,-69.0,90
2024-09-02,37.0,-65.5,90
2024-09-02,37.5,-113.5,90
2024-09-02,37.5,-110.5,90
2024-09-02,37.5,-108.5,180
2024-09-02,37.5,-108.0,990
2024-09-02,37.5,-107.5,1080
2024-09-02,37.5,-107.0,270
2024-09-02,37.5,-106.5,180
2024-09-02,37.5,-106.0,270
2024-09-02,37.5,-105.5,630
2024-09-02,37.5,-105.0,2610
2024-09-02,37.5,-104.5,540
2024-09-02,37.5,-104.0,90
2024-09-02,37.5,-103.5,180
2024-09-02,37.5,-100.0,450
2024-09-02,37.5,-98.5,900
2024-09-02,37.5,-98.0,90
2024-09-02,37.5,-97.0,270
2024-09-02,37.5,-96.5,90
2024-09-02,37.5,-95.5,90
2024-09-02,37.5,-89.0,180
2024-09-02,37.5,-88.0,90
2024-09-02,37.5,-87.5,180
2024-09-02,37.5,-87.0,360
2024-09-02,37.5,-86.5,180
2024-09-02,37.5,-86.0,270
2024-09-02,37.5,-85.5,90
2024-09-02,37.5,-84.5,90
2024-09-02,37.5,-84.0,90
2024-09-02,37.5,-78.0,90
2024-09-02,37.5,-75.0,180
2024-09-02,37.5,-74.5,180
2024-09-02,37.5,-74.0,90
2024-09-02,37.5,-73.0,90
2024-09-02,37.5,-72.5,450
2024-09-02,37.5,-72.0,90
2024-09-02,37.5,-71.5,360
2024-09-02,37.5,-71.0,540
2024-09-02,37.5,-70.5,270
2024-09-02,37.5,-70.0,450
2024-09-02,37.5,-69.5,360
2024-09-02,37.5,-69.0,180
2024-09-02,37.5,-66.5,90
2024-09-02,37.5,-66.0,180
2024-09-02,37.5,-65.5,270
2024-09-02,38.0,-114.0,90
2024-09-02,38.0,-113.5,180
2024-09-02,38.0,-113.0,90
2024-09-02,38.0,-112.0,90
2024-09-02,38.0,-109.5,90
2024-09-02,38.0,-108.5,90
2024-09-02,38.0,-107.0,180
2024-09-02,38.0,-106.5,720
2024-09-02,38.0,-106.0,1080
2024-09-02,38.0,-105.5,810
2024-09-02,38.0,-105.0,990
2024-09-02,38.0,-104.5,180
2024-09-02,38.0,-104.0,90
2024-09-02,38.0,-103.0,90
2024-09-02,38.0,-99.5,360
2024-09-02,38.0,-98.5,990
2024-09-02,38.0,-98.0,990
2024-09-02,38.0,-97.5,810
2024-09-02,38.0,-97.0,900
2024-09-02,38.0,-96.5,450
2024-09-02,38.0,-96.0,360
2024-09-02,38.0,-95.0,90
2024-09-02,38.0,-87.0,90
2024-09-02,38.0,-86.5,540
2024-09-02,38.0,-86.0,360
2024-09-02,38.0,-85.0,180
2024-09-02,38.0,-84.5,450
2024-09-02,38.0,-84.0,180
2024-09-02,38.0,-83.5,90
2024-09-02,38.0,-75.0,90
2024-09-02,38.0,-70.5,90
2024-09-02,38.0,-69.0,90
2024-09-02,38.0,-67.0,360
2024-09-02,38.0,-66.5,90
2024-09-02,38.0,-66.0,360
2024-09-02,38.5,-116.5,180
2024-09-02,38.5,-114.5,90
2024-09-02,38.5,-113.5,90
2024-09-02,38.5,-111.0,90
2024-09-02,38.5,-108.5,90
2024-09-02,38.5,-107.0,270
2024-09-02,38.5,-106.5,540
2024-09-02,38.5,-106.0,810
2024-09-02,38.5,-105.5,810
2024-09-02,38.5,-105.0,450
2024-09-02,38.5,-104.0,270
2024-09-02,38.5,-103.5,180
2024-09-02,38.5,-103.0,270
2024-09-02,38.5,-100.0,180
2024-09-02,38.5,-99.5,90
2024-09-02,38.5,-99.0,90
2024-09-02,38.5,-98.5,90
2024-09-02,38.5,-98.0,450
2024-09-02,38.5,-97.5,270
2024-09-02,38.5,-97.0,360
2024-09-02,38.5,-96.5,90
2024-09-02,38.5,-96.0,90
2024-09-02,38.5,-95.5,450
2024-09-02,38.5,-95.0,90
2024-09-02,38.5,-94.5,90
2024-09-02,38.5,-93.5,90
2024-09-02,38.5,-86.0,180
2024-09-02,38.5,-85.5,90
2024-09-02,38.5,-85.0,90
2024-09-02,38.5,-84.5,270
2024-09-02,38.5,-84.0,720
2024-09-02,38.5,-83.5,90
2024-09-02,38.5,-83.0,990
2024-09-02,38.5,-82.5,360
2024-09-02,38.5,-82.0,540
2024-09-02,38.5,-81.5,180
2024-09-02,38.5,-73.0,180
2024-09-02,38.5,-72.5,360
2024-09-02,38.5,-72.0,360
2024-09-02,38.5,-71.5,90
2024-09-02,38.5,-68.5,90
2024-09-02,38.5,-67.5,270
2024-09-02,38.5,-67.0,270
2024-09-02,38.5,-66.5,180
2024-09-02,38.5,-66.0,270
2024-09-02,39.0,-117.5,180
2024-09-02,39.0,-116.0,90
2024-09-02,39.0,-114.5,180
2024-09-02,39.0,-113.5,90
2024-09-02,39.0,-109.0,270
2024-09-02,39.0,-108.5,180
2024-09-02,39.0,-108.0,180
2024-09-02,39.0,-107.5,360
2024-09-02,39.0,-107.0,270
2024-09-02,39.0,-106.5,450
2024-09-02,39.0,-106.0,1080
2024-09-02,39.0,-105.5,1080
2024-09-02,39.0,-105.0,450
2024-09-02,39.0,-104.0,90
2024-09-02,39.0,-103.5,180
2024-09-02,39.0,-103.0,90
2024-09-02,39.0,-97.5,180
2024-09-02,39.0,-95.0,270
2024-09-02,39.0,-94.5,360
2024-09-02,39.0,-94.0,90
2024-09-02,39.0,-86.0,90
2024-09-02,39.0,-85.5,450
2024-09-02,39.0,-84.5,270
2024-09-02,39.0,-84.0,630
2024-09-02,39.0,-83.5,270
2024-09-02,39.0,-83.0,270
2024-09-02,39.0,-82.5,360
2024-09-02,39.0,-82.0,990
2024-09-02,39.0,-81.5,450
2024-09-02,39.0,-81.0,90
2024-09-02,39.0,-68.5,90
2024-09-02,39.0,-67.5,90
2024-09-02,39.0,-66.0,360
2024-09-02,39.0,-65.5,270
2024-09-02,39.5,-119.0,90
2024-09-02,39.5,-116.0,270
2024-09-02,39.5,-114.0,270
2024-09-02,39.5,-113.0,90
2024-09-02,39.5,-112.5,630
2024-09-02,39.5,-112.0,270
2024-09-02,39.5,-111.5,270
2024-09-02,39.5,-111.0,180
2024-09-02,39.5,-110.5,180
2024-09-02,39.5,-109.5,360
2024-09-02,39.5,-109.0,180
2024-09-02,39.5,-108.5,450
2024-09-02,39.5,-108.0,270
2024-09-02,39.5,-107.5,360
2024-09-02,39.5,-107.0,180
2024-09-02,39.5,-106.5,180
2024-09-02,39.5,-106.0,90
2024-09-02,39.5,-105.5,720
2024-09-02,39.5,-105.0,270
2024-09-02,39.5,-104.5,90
2024-09-02,39.5,-103.5,90
2024-09-02,39.5,-103.0,360
2024-09-02,39.5,-102.5,360
2024-09-02,39.5,-98.5,270
2024-09-02,39.5,-92.5,90
2024-09-02,39.5,-91.5,90
2024-09-02,39.5,-89.5,90
2024-09-02,39.5,-84.5,90
2024-09-02,39.5,-84.0,360
2024-09-02,39.5,-83.5,810
2024-09-02,39.5,-83.0,450
2024-09-02,39.5,-82.5,810
2024-09-02,39.5,-82.0,450
2024-09-02,39.5,-81.5,180
2024-09-02,39.5,-81.0,90
2024-09-02,39.5,-80.5,180
2024-09-02,39.5,-71.0,90
2024-09-02,39.5,-66.0,90
2024-09-02,39.5,-65.5,360
2024-09-02,40.0,-114.5,180
2024-09-02,40.0,-114.0,180
2024-09-02,40.0,-113.0,270
2024-09-02,40.0,-112.0,450
2024-09-02,40.0,-111.5,180
2024-09-02,40.0,-111.0,540
2024-09-02,40.0,-110.5,90
2024-09-02,40.0,-109.0,90
2024-09-02,40.0,-107.5,270
2024-09-02,40.0,-107.0,180
2024-09-02,40.0,-106.5,90
2024-09-02,40.0,-105.5,90
2024-09-02,40.0,-105.0,720
2024-09-02,40.0,-104.5,180
2024-09-02,40.0,-102.5,270
2024-09-02,40.0,-102.0,450
2024-09-02,40.0,-99.0,180
2024-09-02,40.0,-98.5,90
2024-09-02,40.0,-90.5,270
2024-09-02,40.0,-90.0,810
2024-09-02,40.0,-83.5,360
2024-09-02,40.0,-83.0,180
2024-09-02,40.0,-82.5,450
2024-09-02,40.0,-82.0,270
2024-09-02,40.0,-81.5,630
2024-09-02,40.0,-81.0,270
2024-09-02,40.0,-70.5,90
2024-09-02,40.0,-69.5,90
2024-09-02,40.0,-67.5,90
2024-09-02,40.0,-65.5,90
2024-09-02,40.5,-114.0,90
2024-09-02,40.5,-113.5,270
2024-09-02,40.5,-113.0,180
2024-09-02,40.5,-112.0,180
2024-09-02,40.5,-111.0,90
2024-09-02,40.5,-110.5,630
2024-09-02,40.5,-109.5,90
2024-09-02,40.5,-109.0,90
2024-09-02,40.5,-108.5,270
2024-09-02,40.5,-108.0,270
2024-09-02,40.5,-107.5,540
2024-09-02,40.5,-107.0,270
2024-09-02,40.5,-106.5,360
2024-09-02,40.5,-106.0,180
2024-09-02,40.5,-105.5,90
2024-09-02,40.5,-105.0,90
2024-09-02,40.5,-103.5,90
2024-09-02,40.5,-103.0,540
2024-09-02,40.5,-102.5,900
2024-09-02,40.5,-102.0,720
2024-09-02,40.5,-101.5,450
2024-09-02,40.5,-89.5,180
2024-09-02,40.5,-82.5,90
2024-09-02,40.5,-81.5,90
2024-09-02,40.5,-81.0,1440
2024-09-02,40.5,-80.5,630
2024-09-02,40.5,-79.5,180
2024-09-02,40.5,-68.5,180
2024-09-02,40.5,-65.5,90
2024-09-02,41.0,-117.5,270
2024-09-02,41.0,-113.5,270
2024-09-02,41.0,-111.5,90
2024-09-02,41.0,-110.5,90
2024-09-02,41.0,-110.0,900
2024-09-02,41.0,-109.5,270
2024-09-02,41.0,-109.0,90
2024-09-02,41.0,-108.5,180
2024-09-02,41.0,-107.0,450
2024-09-02,41.0,-106.5,540
2024-09-02,41.0,-106.0,270
2024-09-02,41.0,-105.5,360
2024-09-02,41.0,-105.0,360
2024-09-02,41.0,-104.0,90
2024-09-02,41.0,-103.5,90
2024-09-02,41.0,-103.0,450
2024-09-02,41.0,-102.5,360
2024-09-02,41.0,-101.5,270
2024-09-02,41.0,-87.0,270
2024-09-02,41.0,-81.0,90
2024-09-02,41.0,-80.5,180
2024-09-02,41.0,-80.0,1530
2024-09-02,41.0,-79.5,360
2024-09-02,41.0,-68.0,90
2024-09-02,41.0,-67.5,90
2024-09-02,41.5,-118.5,90
2024-09-02,41.5,-116.5,90
2024-09-02,41.5,-116.0,180
2024-09-02,41.5,-114.5,90
2024-09-02,41.5,-114.0,180
2024-09-02,41.5,-113.5,90
2024-09-02,41.5,-112.5,90
2024-09-02,41.5,-111.0,90
2024-09-02,41.5,-110.0,180
2024-09-02,41.5,-109.5,270
2024-09-02,41.5,-109.0,360
2024-09-02,41.5,-108.5,270
2024-09-02,41.5,-107.5,180
2024-09-02,41.5,-107.0,540
2024-09-02,41.5,-106.5,540
2024-09-02,41.5,-105.5,90
2024-09-02,41.5,-103.5,540
2024-09-02,41.5,-103.0,180
2024-09-02,41.5,-95.5,90
2024-09-02,41.5,-84.5,450
2024-09-02,41.5,-84.0,90
2024-09-02,41.5,-80.0,90
2024-09-02,41.5,-79.5,990
2024-09-02,41.5,-79.0,360
2024-09-02,41.5,-65.5,90
2024-09-02,42.0,-121.0,90
2024-09-02,42.0,-118.5,90
2024-09-02,42.0,-118.0,90
2024-09-02,42.0,-117.5,270
2024-09-02,42.0,-117.0,90
2024-09-02,42.0,-116.0,180
2024-09-02,42.0,-115.0,90
2024-09-02,42.0,-114.5,450
2024-09-02,42.0,-114.0,90
2024-09-02,42.0,-113.5,90
2024-09-02,42.0,-113.0,90
2024-09-02,42.0,-110.5,540
2024-09-02,42.0,-110.0,360
2024-09-02,42.0,-109.5,270
2024-09-02,42.0,-109.0,90
2024-09-02,42.0,-108.5,360
2024-09-02,42.0,-108.0,270
2024-09-02,42.0,-106.5,360
2024-09-02,42.0,-106.0,270
2024-09-02,42.0,-105.5,270
2024-09-02,42.0,-105.0,180
2024-09-02,42.0,-104.5,90
2024-09-02,42.0,-104.0,180
2024-09-02,42.0,-85.5,90
2024-09-02,42.0,-85.0,900
2024-09-02,42.0,-81.5,360
2024-09-02,42.0,-81.0,90
2024-09-02,42.0,-79.5,360
2024-09-02,42.0,-79.0,270
2024-09-02,42.0,-78.5,90
2024-09-02,42.0,-78.0,180
2024-09-02,42.5,-119.0,90
2024-09-02,42.5,-118.5,90
2024-09-02,42.5,-118.0,90
2024-09-02,42.5,-117.5,180
2024-09-02,42.5,-117.0,90
2024-09-02,42.5,-116.0,180
2024-09-02,42.5,-114.5,180
2024-09-02,42.5,-114.0,180
2024-09-02,42.5,-111.5,90
2024-09-02,42.5,-111.0,360
2024-09-02,42.5,-110.5,720
2024-09-02,42.5,-110.0,180
2024-09-02,42.5,-109.5,630
2024-09-02,42.5,-108.5,90
2024-09-02,42.5,-107.5,180
2024-09-02,42.5,-107.0,90
2024-09-02,42.5,-106.5,180
2024-09-02,42.5,-105.5,90
2024-09-02,42.5,-105.0,90
2024-09-02,42.5,-104.5,90
2024-09-02,42.5,-100.5,90
2024-09-02,42.5,-96.5,90
2024-09-02,42.5,-94.5,270
2024-09-02,42.5,-93.0,270
2024-09-02,42.5,-92.0,180
2024-09-02,42.5,-91.5,90
2024-09-02,42.5,-83.5,90
2024-09-02,42.5,-82.5,180
2024-09-02,42.5,-81.0,90
2024-09-02,42.5,-80.5,90
2024-09-02,42.5,-80.0,90
2024-09-02,42.5,-79.0,90
2024-09-02,42.5,-78.0,180
2024-09-02,43.0,-122.0,180
2024-09-02,43.0,-121.5,180
2024-09-02,43.0,-119.0,90
2024-09-02,43.0,-118.5,270
2024-09-02,43.0,-118.0,90
2024-09-02,43.0,-117.0,90
2024-09-02,43.0,-116.5,180
2024-09-02,43.0,-115.5,540
2024-09-02,43.0,-111.0,90
2024-09-02,43.0,-110.5,360
2024-09-02,43.0,-110.0,90
2024-09-02,43.0,-109.5,360
2024-09-02,43.0,-108.5,90
2024-09-02,43.0,-108.0,180
2024-09-02,43.0,-107.5,270
2024-09-02,43.0,-107.0,90
2024-09-02,43.0,-106.5,90
2024-09-02,43.0,-106.0,180
2024-09-02,43.0,-105.5,90
2024-09-02,43.0,-103.5,90
2024-09-02,43.0,-103.0,180
2024-09-02,43.0,-102.5,90
2024-09-02,43.0,-99.5,90
2024-09-02,43.0,-95.0,90
2024-09-02,43.0,-94.5,180
2024-09-02,43.0,-93.5,1170
2024-09-02,43.0,-93.0,540
2024-09-02,43.0,-92.5,450
2024-09-02,43.0,-92.0,270
2024-09-02,43.0,-80.5,90
2024-09-02,43.0,-80.0,180
2024-09-02,43.0,-79.5,90
2024-09-02,43.5,-122.0,180
2024-09-02,43.5,-121.5,180
2024-09-02,43.5,-119.5,180
2024-09-02,43.5,-119.0,90
2024-09-02,43.5,-118.5,270
2024-09-02,43.5,-116.5,90
2024-09-02,43.5,-116.0,180
2024-09-02,43.5,-112.0,180
2024-09-02,43.5,-111.0,90
2024-09-02,43.5,-110.0,180
2024-09-02,43.5,-109.5,450
2024-09-02,43.5,-109.0,180
2024-09-02,43.5,-108.5,90
2024-09-02,43.5,-107.5,180
2024-09-02,43.5,-107.0,90
2024-09-02,43.5,-106.0,180
2024-09-02,43.5,-105.5,180
2024-09-02,43.5,-105.0,90
2024-09-02,43.5,-94.0,90
2024-09-02,43.5,-93.5,1350
2024-09-02,43.5,-93.0,180
2024-09-02,43.5,-92.5,180
2024-09-02,43.5,-92.0,180
2024-09-02,43.5,-91.5,270
2024-09-02,43.5,-91.0,180
2024-09-02,43.5,-90.5,180
2024-09-02,44.0,-123.0,90
2024-09-02,44.0,-122.0,90
2024-09-02,44.0,-120.0,90
2024-09-02,44.0,-119.5,180
2024-09-02,44.0,-119.0,90
2024-09-02,44.0,-118.5,90
2024-09-02,44.0,-118.0,90
2024-09-02,44.0,-117.5,90
2024-09-02,44.0,-115.5,180
2024-09-02,44.0,-115.0,450
2024-09-02,44.0,-114.5,180
2024-09-02,44.0,-114.0,90
2024-09-02,44.0,-112.5,90
2024-09-02,44.0,-111.0,90
2024-09-02,44.0,-110.5,90
2024-09-02,44.0,-110.0,180
2024-09-02,44.0,-109.0,180
2024-09-02,44.0,-108.5,180
2024-09-02,44.0,-107.0,90
2024-09-02,44.0,-94.0,90
2024-09-02,44.0,-93.5,90
2024-09-02,44.0,-92.5,90
2024-09-02,44.0,-92.0,450
2024-09-02,44.0,-91.5,90
2024-09-02,44.0,-90.5,720
2024-09-02,44.0,-90.0,180
2024-09-02,44.0,-89.5,90
2024-09-02,44.0,-79.0,90
2024-09-02,44.5,-123.0,90
2024-09-02,44.5,-120.0,90
2024-09-02,44.5,-119.5,90
2024-09-02,44.5,-118.5,90
2024-09-02,44.5,-117.5,90
2024-09-02,44.5,-116.5,180
2024-09-02,44.5,-115.5,270
2024-09-02,44.5,-115.0,180
2024-09-02,44.5,-114.5,360
2024-09-02,44.5,-113.0,90
2024-09-02,44.5,-111.0,360
2024-09-02,44.5,-110.5,90
2024-09-02,44.5,-109.5,450
2024-09-02,44.5,-108.0,180
2024-09-02,44.5,-107.5,90
2024-09-02,44.5,-92.5,810
2024-09-02,44.5,-91.5,450
2024-09-02,44.5,-91.0,630
2024-09-02,44.5,-90.5,720
2024-09-02,44.5,-90.0,900
2024-09-02,44.5,-89.5,180
2024-09-02,44.5,-89.0,180
2024-09-02,45.0,-120.5,180
2024-09-02,45.0,-120.0,90
2024-09-02,45.0,-119.5,270
2024-09-02,45.0,-118.0,180
2024-09-02,45.0,-117.5,540
2024-09-02,45.0,-117.0,180
2024-09-02,45.0,-116.0,540
2024-09-02,45.0,-115.5,450
2024-09-02,45.0,-115.0,360
2024-09-02,45.0,-113.5,90
2024-09-02,45.0,-113.0,180
2024-09-02,45.0,-112.0,90
2024-09-02,45.0,-111.5,180
2024-09-02,45.0,-111.0,270
2024-09-02,45.0,-110.5,360
2024-09-02,45.0,-109.5,90
2024-09-02,45.0,-92.5,360
2024-09-02,45.0,-92.0,270
2024-09-02,45.0,-91.5,1440
2024-09-02,45.0,-91.0,360
2024-09-02,45.0,-90.5,270
2024-09-02,45.0,-90.0,450
2024-09-02,45.0,-89.5,90
2024-09-02,45.0,-82.5,180
2024-09-02,45.0,-81.5,90
2024-09-02,45.5,-120.0,180
2024-09-02,45.5,-118.0,90
2024-09-02,45.5,-117.5,180
2024-09-02,45.5,-117.0,180
2024-09-02,45.5,-116.0,180
2024-09-02,45.5,-115.5,270
2024-09-02,45.5,-114.5,180
2024-09-02,45.5,-112.0,90
2024-09-02,45.5,-111.5,90
2024-09-02,45.5,-92.0,360
2024-09-02,45.5,-91.5,450
2024-09-02,45.5,-91.0,1260
2024-09-02,45.5,-90.0,90
2024-09-02,45.5,-89.5,90
2024-09-02,46.0,-121.5,90
2024-09-02,46.0,-120.0,180
2024-09-02,46.0,-117.5,90
2024-09-02,46.0,-116.0,270
2024-09-02,46.0,-115.5,180
2024-09-02,46.0,-115.0,90
2024-09-02,46.0,-114.5,90
2024-09-02,46.0,-113.5,90
2024-09-02,46.0,-113.0,90
2024-09-02,46.0,-91.5,90
2024-09-02,46.0,-90.0,270
2024-09-02,46.5,-121.0,180
2024-09-02,46.5,-115.5,180
2024-09-02,46.5,-113.5,270
2024-09-02,46.5,-111.0,180
2024-09-02,46.5,-110.5,180
2024-09-02,46.5,-91.0,90
2024-09-02,46.5,-90.0,90
2024-09-02,47.0,-120.5,90
2024-09-02,47.0,-113.0,180
2024-09-02,47.0,-112.5,90
2024-09-02,47.5,-112.5,180
2024-09-02,47.5,-107.5,90
2024-09-02,48.0,-112.5,90
2024-09-02,48.5,-96.5,180
2024-09-02,48.5,-95.0,450
2024-09-02,48.5,-94.5,90
2024-09-02,49.0,-120.5,90
2024-09-02,49.0,-90.5,90
2024-09-02,49.5,-118.5,90
2024-09-02,49.5,-88.5,90
2024-09-02,50.0,-86.0,90
2024-09-02,50.0,-85.5,180
2024-09-02,50.0,-85.0,90
2024-09-02,50.0,-84.5,90
2024-09-02,50.5,-100.5,180
2024-09-02,50.5,-85.0,270
2024-09-02,50.5,-84.0,90
2024-09-02,50.5,-83.5,90
2024-09-02,51.0,-117.5,90
2024-09-02,51.0,-117.0,90
2024-09-02,51.0,-116.0,90
2024-09-02,51.0,-100.0,90
2024-09-02,51.0,-99.5,270
2024-09-02,51.0,-84.0,90
2024-09-02,51.0,-83.5,90
2024-09-02,51.0,-82.5,180
2024-09-02,51.0,-79.5,90
2024-09-02,51.5,-117.5,90
2024-09-02,51.5,-117.0,270
2024-09-02,51.5,-101.5,90
2024-09-02,51.5,-101.0,180
2024-09-02,51.5,-100.0,180
2024-09-02,51.5,-95.0,180
2024-09-02,51.5,-94.0,90
2024-09-02,51.5,-93.0,90
2024-09-02,51.5,-92.5,90
2024-09-02,51.5,-91.5,360
2024-09-02,51.5,-91.0,180
2024-09-02,51.5,-90.5,450
2024-09-02,51.5,-90.0,90
2024-09-02,51.5,-84.0,180
2024-09-02,51.5,-83.0,90
2024-09-02,52.0,-120.5,90
2024-09-02,52.0,-120.0,90
2024-09-02,52.0,-114.5,90
2024-09-02,52.0,-102.0,90
2024-09-02,52.0,-101.0,90
2024-09-02,52.0,-96.0,180
2024-09-02,52.0,-95.5,540
2024-09-02,52.0,-94.0,180
2024-09-02,52.0,-91.0,180
2024-09-02,52.0,-90.5,180
2024-09-02,52.0,-90.0,360
2024-09-02,52.0,-89.5,630
2024-09-02,52.0,-89.0,90
2024-09-02,52.0,-88.5,90
2024-09-02,52.0,-88.0,180
2024-09-02,52.0,-87.5,180
2024-09-02,52.0,-86.5,450
2024-09-02,52.0,-85.5,270
2024-09-02,52.0,-84.0,270
2024-09-02,52.0,-82.5,270
2024-09-02,52.0,-82.0,90
2024-09-02,52.0,-81.5,180
2024-09-02,52.0,-81.0,90
2024-09-02,52.5,-102.0,180
2024-09-02,52.5,-101.0,90
2024-09-02,52.5,-99.5,180
2024-09-02,52.5,-99.0,90
2024-09-02,52.5,-98.5,180
2024-09-02,52.5,-97.0,90
2024-09-02,52.5,-95.0,720
2024-09-02,52.5,-89.5,270
2024-09-02,52.5,-89.0,540
2024-09-02,52.5,-88.5,180
2024-09-02,52.5,-88.0,270
2024-09-02,52.5,-87.5,540
2024-09-02,52.5,-87.0,180
2024-09-02,52.5,-86.0,900
2024-09-02,52.5,-85.5,180
2024-09-02,52.5,-85.0,630
2024-09-02,52.5,-84.5,630
2024-09-02,52.5,-83.5,90
2024-09-02,52.5,-82.5,90
2024-09-02,52.5,-81.5,90
2024-09-02,52.5,-76.5,90
2024-09-02,53.0,-102.0,360
2024-09-02,53.0,-101.5,180
2024-09-02,53.0,-101.0,270
2024-09-02,53.0,-100.0,180
2024-09-02,53.0,-99.5,180
2024-09-02,53.0,-99.0,90
2024-09-02,53.0,-98.5,90
2024-09-02,53.0,-97.5,90
2024-09-02,53.0,-97.0,270
2024-09-02,53.0,-94.0,180
2024-09-02,53.0,-91.5,180
2024-09-02,53.0,-86.5,90
2024-09-02,53.0,-86.0,90
2024-09-02,53.0,-85.5,90
2024-09-02,53.0,-85.0,90
2024-09-02,53.0,-84.5,90
2024-09-02,53.0,-84.0,90
2024-09-02,53.0,-83.5,810
2024-09-02,53.0,-82.5,1350
2024-09-02,53.0,-81.5,90
2024-09-02,53.0,-80.0,180
2024-09-02,53.5,-115.0,180
2024-09-02,53.5,-113.0,180
2024-09-02,53.5,-104.0,90
2024-09-02,53.5,-103.5,90
2024-09-02,53.5,-102.5,270
2024-09-02,53.5,-102.0,90
2024-09-02,53.5,-99.5,90
2024-09-02,53.5,-99.0,180
2024-09-02,53.5,-98.5,90
2024-09-02,53.5,-77.0,90
2024-09-02,53.5,-71.0,90
2024-09-02,54.0,-114.0,90
2024-09-02,54.0,-112.0,180
2024-09-02,54.0,-100.5,90
2024-09-02,54.0,-100.0,360
2024-09-02,54.0,-99.0,180
2024-09-02,54.0,-98.5,180
2024-09-02,54.0,-98.0,90
2024-09-02,54.0,-97.5,90
2024-09-02,54.0,-97.0,90
2024-09-02,54.0,-96.5,90
2024-09-02,54.5,-111.5,90
2024-09-02,54.5,-110.0,90
2024-09-02,54.5,-100.5,90
2024-09-02,54.5,-100.0,180
2024-09-02,54.5,-99.5,180
2024-09-02,54.5,-99.0,90
2024-09-02,54.5,-98.5,450
2024-09-02,54.5,-97.5,90
2024-09-02,54.5,-95.0,90
2024-09-09,20.0,-112.0,90
2024-09-09,20.0,-111.5,180
2024-09-09,20.0,-109.0,180
2024-09-09,20.0,-108.5,360
2024-09-09,20.0,-108.0,90
2024-09-09,20.0,-107.0,450
2024-09-09,20.0,-106.5,90
2024-09-09,20.0,-106.0,270
2024-09-09,20.0,-105.5,990
2024-09-09,20.0,-105.0,540
2024-09-09,20.0,-103.5,90
2024-09-09,20.0,-103.0,360
2024-09-09,20.0,-102.5,630
2024-09-09,20.0,-102.0,540
2024-09-09,20.0,-101.5,540
2024-09-09,20.0,-101.0,2250
2024-09-09,20.0,-100.5,2070
2024-09-09,20.0,-100.0,3960
2024-09-09,20.0,-99.5,1890
2024-09-09,20.0,-99.0,2070
2024-09-09,20.0,-98.5,1620
2024-09-09,20.0,-98.0,3150
2024-09-09,20.0,-97.5,1440
2024-09-09,20.0,-91.0,360
2024-09-09,20.0,-90.5,720
2024-09-09,20.0,-90.0,360
2024-09-09,20.0,-89.5,90
2024-09-09,20.0,-88.5,270
2024-09-09,20.0,-88.0,90
2024-09-09,20.0,-85.0,90
2024-09-09,20.0,-84.5,90
2024-09-09,20.0,-81.5,90
2024-09-09,20.0,-79.0,270
2024-09-09,20.0,-78.5,990
2024-09-09,20.0,-78.0,2070
2024-09-09,20.0,-77.5,3150
2024-09-09,20.0,-77.0,8460
2024-09-09,20.0,-76.5,2700
2024-09-09,20.0,-76.0,3150
2024-09-09,20.0,-75.5,3780
2024-09-09,20.0,-75.0,2520
2024-09-09,20.0,-74.5,180
2024-09-09,20.0,-73.5,90
2024-09-09,20.0,-73.0,1260
2024-09-09,20.0,-72.5,90
2024-09-09,20.0,-72.0,90
2024-09-09,20.0,-69.0,180
2024-09-09,20.0,-68.0,90
2024-09-09,20.5,-109.5,540
2024-09-09,20.5,-109.0,1170
2024-09-09,20.5,-108.5,270
2024-09-09,20.5,-108.0,90
2024-09-09,20.5,-107.0,90
2024-09-09,20.5,-106.5,180
2024-09-09,20.5,-106.0,90
2024-09-09,20.5,-105.5,1800
2024-09-09,20.5,-105.0,720
2024-09-09,20.5,-104.5,630
2024-09-09,20.5,-104.0,270
2024-09-09,20.5,-103.5,450
2024-09-09,20.5,-103.0,360
2024-09-09,20.5,-102.5,1260
2024-09-09,20.5,-102.0,2790
2024-09-09,20.5,-101.5,2520
2024-09-09,20.5,-101.0,1170
2024-09-09,20.5,-100.5,2070
2024-09-09,20.5,-100.0,2160
2024-09-09,20.5,-99.5,1530
2024-09-09,20.5,-99.0,1890
2024-09-09,20.5,-98.5,3510
2024-09-09,20.5,-98.0,450
2024-09-09,20.5,-97.5,360
2024-09-09,20.5,-92.0,90
2024-09-09,20.5,-91.5,540
2024-09-09,20.5,-91.0,450
2024-09-09,20.5,-90.5,720
2024-09-09,20.5,-90.0,2160
2024-09-09,20.5,-89.5,540
2024-09-09,20.5,-89.0,1440
2024-09-09,20.5,-88.5,540
2024-09-09,20.5,-88.0,720
2024-09-09,20.5,-87.5,180
2024-09-09,20.5,-84.5,90
2024-09-09,20.5,-83.5,90
2024-09-09,20.5,-83.0,90
2024-09-09,20.5,-81.5,90
2024-09-09,20.5,-80.5,90
2024-09-09,20.5,-80.0,90
2024-09-09,20.5,-79.5,180
2024-09-09,20.5,-79.0,1080
2024-09-09,20.5,-78.5,720
2024-09-09,20.5,-78.0,1980
2024-09-09,20.5,-77.5,3690
2024-09-09,20.5,-77.0,6030
2024-09-09,20.5,-76.5,4590
2024-09-09,20.5,-76.0,2970
2024-09-09,20.5,-75.5,1800
2024-09-09,20.5,-75.0,450
2024-09-09,20.5,-67.0,180
2024-09-09,21.0,-109.0,630
2024-09-09,21.0,-108.5,270
2024-09-09,21.0,-108.0,90
2024-09-09,21.0,-106.0,540
2024-09-09,21.0,-105.5,1080
2024-09-09,21.0,-105.0,990
2024-09-09,21.0,-104.5,450
2024-09-09,21.0,-104.0,1170
2024-09-09,21.0,-103.5,180
2024-09-09,21.0,-103.0,360
2024-09-09,21.0,-102.5,990
2024-09-09,21.0,-102.0,1440
2024-09-09,21.0,-101.5,1710
2024-09-09,21.0,-101.0,1710
2024-09-09,21.0,-100.5,1440
2024-09-09,21.0,-100.0,810
2024-09-09,21.0,-99.5,2250
2024-09-09,21.0,-99.0,5310
2024-09-09,21.0,-98.5,810
2024-09-09,21.0,-98.0,2520
2024-09-09,21.0,-97.5,270
2024-09-09,21.0,-95.5,90
2024-09-09,21.0,-95.0,180
2024-09-09,21.0,-94.5,270
2024-09-09,21.0,-94.0,90
2024-09-09,21.0,-92.0,90
2024-09-09,21.0,-91.5,180
2024-09-09,21.0,-91.0,90
2024-09-09,21.0,-90.5,90
2024-09-09,21.0,-90.0,270
2024-09-09,21.0,-89.5,1080
2024-09-09,21.0,-89.0,1260
2024-09-09,21.0,-88.5,1710
2024-09-09,21.0,-88.0,630
2024-09-09,21.0,-87.5,990
2024-09-09,21.0,-83.0,90
2024-09-09,21.0,-82.5,90
2024-09-09,21.0,-82.0,180
2024-09-09,21.0,-80.5,90
2024-09-09,21.0,-80.0,360
2024-09-09,21.0,-79.5,1170
2024-09-09,21.0,-79.0,1620
2024-09-09,21.0,-78.5,4860
2024-09-09,21.0,-78.0,5040
2024-09-09,21.0,-77.5,4860
2024-09-09,21.0,-77.0,3690
2024-09-09,21.0,-76.5,720
2024-09-09,21.0,-76.0,90
2024-09-09,21.0,-73.5,810
2024-09-09,21.5,-110.0,90
2024-09-09,21.5,-109.0,180
2024-09-09,21.5,-108.5,270
2024-09-09,21.5,-107.0,90
2024-09-09,21.5,-106.0,720
2024-09-09,21.5,-105.5,1350
2024-09-09,21.5,-105.0,990
2024-09-09,21.5,-104.5,900
2024-09-09,21.5,-104.0,360
2024-09-09,21.5,-103.0,720
2024-09-09,21.5,-102.5,90
2024-09-09,21.5,-102.0,180
2024-09-09,21.5,-101.5,2160
2024-09-09,21.5,-101.0,3060
2024-09-09,21.5,-100.5,1260
2024-09-09,21.5,-100.0,450
2024-09-09,21.5,-99.5,1890
2024-09-09,21.5,-99.0,900
2024-09-09,21.5,-98.5,450
2024-09-09,21.5,-98.0,90
2024-09-09,21.5,-95.0,180
2024-09-09,21.5,-94.5,180
2024-09-09,21.5,-94.0,180
2024-09-09,21.5,-90.0,2340
2024-09-09,21.5,-89.5,180
2024-09-09,21.5,-89.0,1350
2024-09-09,21.5,-88.5,540
2024-09-09,21.5,-87.5,720
2024-09-09,21.5,-85.0,450
2024-09-09,21.5,-84.5,180
2024-09-09,21.5,-84.0,360
2024-09-09,21.5,-83.5,360
2024-09-09,21.5,-83.0,2790
2024-09-09,21.5,-82.5,1260
2024-09-09,21.5,-82.0,450
2024-09-09,21.5,-81.5,1080
2024-09-09,21.5,-81.0,540
2024-09-09,21.5,-80.5,1890
2024-09-09,21.5,-80.0,2520
2024-09-09,21.5,-79.5,4860
2024-09-09,21.5,-79.0,6930
2024-09-09,21.5,-78.5,2970
2024-09-09,21.5,-78.0,3150
2024-09-09,21.5,-77.5,360
2024-09-09,21.5,-74.5,90
2024-09-09,21.5,-72.5,90
2024-09-09,21.5,-72.0,90
2024-09-09,22.0,-106.0,180
2024-09-09,22.0,-105.5,2250
2024-09-09,22.0,-105.0,2160
2024-09-09,22.0,-104.5,270
2024-09-09,22.0,-103.5,180
2024-09-09,22.0,-102.5,360
2024-09-09,22.0,-102.0,1440
2024-09-09,22.0,-101.5,3150
2024-09-09,22.0,-101.0,1890
2024-09-09,22.0,-100.5,900
2024-09-09,22.0,-100.0,90
2024-09-09,22.0,-99.5,2340
2024-09-09,22.0,-99.0,3780
2024-09-09,22.0,-98.5,1350
2024-09-09,22.0,-98.0,630
2024-09-09,22.0,-96.0,180
2024-09-09,22.0,-95.5,630
2024-09-09,22.0,-95.0,720
2024-09-09,22.0,-94.5,360
2024-09-09,22.0,-93.5,180
2024-09-09,22.0,-92.0,180
2024-09-09,22.0,-91.5,270
2024-09-09,22.0,-91.0,90
2024-09-09,22.0,-90.0,180
2024-09-09,22.0,-89.5,180
2024-09-09,22.0,-84.5,1800
2024-09-09,22.0,-84.0,1440
2024-09-09,22.0,-83.5,810
2024-09-09,22.0,-83.0,1620
2024-09-09,22.0,-82.5,1260
2024-09-09,22.0,-82.0,2520
2024-09-09,22.0,-81.5,2160
2024-09-09,22.0,-81.0,4320
2024-09-09,22.0,-80.5,4680
2024-09-09,22.0,-80.0,4410
2024-09-09,22.0,-79.5,1260
2024-09-09,22.0,-79.0,2970
2024-09-09,22.0,-78.5,3510
2024-09-09,22.0,-78.0,180
2024-09-09,22.0,-75.5,270
2024-09-09,22.0,-75.0,90
2024-09-09,22.0,-66.5,90
2024-09-09,22.0,-65.5,180
2024-09-09,22.5,-109.5,90
2024-09-09,22.5,-107.0,90
2024-09-09,22.5,-106.5,90
2024-09-09,22.5,-106.0,1890
2024-09-09,22.5,-105.5,900
2024-09-09,22.5,-105.0,180
2024-09-09,22.5,-104.0,90
2024-09-09,22.5,-102.5,360
2024-09-09,22.5,-102.0,3060
2024-09-09,22.5,-101.5,1170
2024-09-09,22.5,-101.0,1620
2024-09-09,22.5,-100.5,1620
2024-09-09,22.5,-100.0,450
2024-09-09,22.5,-99.5,4770
2024-09-09,22.5,-99.0,1440
2024-09-09,22.5,-98.5,1260
2024-09-09,22.5,-98.0,1260
2024-09-09,22.5,-96.0,1260
2024-09-09,22.5,-95.5,90
2024-09-09,22.5,-95.0,540
2024-09-09,22.5,-94.5,1530
2024-09-09,22.5,-94.0,270
2024-09-09,22.5,-93.5,90
2024-09-09,22.5,-93.0,270
2024-09-09,22.5,-92.5,720
2024-09-09,22.5,-92.0,720
2024-09-09,22.5,-91.5,360
2024-09-09,22.5,-90.5,90
2024-09-09,22.5,-90.0,360
2024-09-09,22.5,-89.5,900
2024-09-09,22.5,-89.0,90
2024-09-09,22.5,-85.0,180
2024-09-09,22.5,-84.5,180
2024-09-09,22.5,-84.0,1980
2024-09-09,22.5,-83.5,5040
2024-09-09,22.5,-83.0,3960
2024-09-09,22.5,-82.5,5400
2024-09-09,22.5,-82.0,5580
2024-09-09,22.5,-81.5,4230
2024-09-09,22.5,-81.0,4140
2024-09-09,22.5,-80.5,3060
2024-09-09,22.5,-80.0,720
2024-09-09,22.5,-79.5,810
2024-09-09,22.5,-78.0,90
2024-09-09,22.5,-74.5,180
2024-09-09,22.5,-74.0,90
2024-09-09,22.5,-73.0,90
2024-09-09,22.5,-66.5,90
2024-09-09,22.5,-65.5,270
2024-09-09,23.0,-110.0,540
2024-09-09,23.0,-108.5,90
2024-09-09,23.0,-107.5,90
2024-09-09,23.0,-107.0,270
2024-09-09,23.0,-106.5,990
2024-09-09,23.0,-106.0,720
2024-09-09,23.0,-105.5,360
2024-09-09,23.0,-104.0,630
2024-09-09,23.0,-103.0,90
2024-09-09,23.0,-102.0,720
2024-09-09,23.0,-101.5,720
2024-09-09,23.0,-101.0,990
2024-09-09,23.0,-100.5,810
2024-09-09,23.0,-100.0,900
2024-09-09,23.0,-99.5,2430
2024-09-09,23.0,-99.0,1710
2024-09-09,23.0,-98.5,1530
2024-09-09,23.0,-98.0,630
2024-09-09,23.0,-97.5,90
2024-09-09,23.0,-96.0,540
2024-09-09,23.0,-95.5,90
2024-09-09,23.0,-95.0,900
2024-09-09,23.0,-94.5,1440
2024-09-09,23.0,-94.0,180
2024-09-09,23.0,-93.5,360
2024-09-09,23.0,-93.0,180
2024-09-09,23.0,-92.5,90
2024-09-09,23.0,-92.0,630
2024-09-09,23.0,-91.5,1080
2024-09-09,23.0,-91.0,450
2024-09-09,23.0,-90.5,90
2024-09-09,23.0,-89.5,180
2024-09-09,23.0,-85.5,270
2024-09-09,23.0,-83.5,270
2024-09-09,23.0,-83.0,360
2024-09-09,23.0,-82.5,2340
2024-09-09,23.0,-82.0,360
2024-09-09,23.0,-76.0,270
2024-09-09,23.0,-75.5,90
2024-09-09,23.0,-75.0,540
2024-09-09,23.0,-74.5,90
2024-09-09,23.0,-70.5,180
2024-09-09,23.5,-110.0,90
2024-09-09,23.5,-109.5,90
2024-09-09,23.5,-109.0,90
2024-09-09,23.5,-108.0,180
2024-09-09,23.5,-107.5,90
2024-09-09,23.5,-107.0,900
2024-09-09,23.5,-106.5,1800
2024-09-09,23.5,-106.0,270
2024-09-09,23.5,-105.5,180
2024-09-09,23.5,-105.0,90
2024-09-09,23.5,-104.5,90
2024-09-09,23.5,-104.0,180
2024-09-09,23.5,-103.5,90
2024-09-09,23.5,-102.5,90
2024-09-09,23.5,-102.0,90
2024-09-09,23.5,-101.5,450
2024-09-09,23.5,-101.0,810
2024-09-09,23.5,-100.5,1530
2024-09-09,23.5,-100.0,360
2024-09-09,23.5,-99.5,810
2024-09-09,23.5,-99.0,2250
2024-09-09,23.5,-98.5,180
2024-09-09,23.5,-98.0,360
2024-09-09,23.5,-96.5,90
2024-09-09,23.5,-96.0,1620
2024-09-09,23.5,-95.5,540
2024-09-09,23.5,-95.0,720
2024-09-09,23.5,-94.5,540
2024-09-09,23.5,-94.0,360
2024-09-09,23.5,-93.5,720
2024-09-09,23.5,-93.0,180
2024-09-09,23.5,-92.5,360
2024-09-09,23.5,-92.0,450
2024-09-09,23.5,-90.5,810
2024-09-09,23.5,-90.0,270
2024-09-09,23.5,-89.0,90
2024-09-09,23.5,-84.5,90
2024-09-09,23.5,-83.5,90
2024-09-09,23.5,-78.5,270
2024-09-09,23.5,-78.0,450
2024-09-09,23.5,-77.0,90
2024-09-09,23.5,-76.5,270
2024-09-09,23.5,-75.0,90
2024-09-09,23.5,-74.5,90
2024-09-09,23.5,-74.0,180
2024-09-09,23.5,-73.0,180
2024-09-09,23.5,-69.0,90
2024-09-09,23.5,-66.5,90
2024-09-09,24.0,-110.0,180
2024-09-09,24.0,-108.0,90
2024-09-09,24.0,-107.5,630
2024-09-09,24.0,-107.0,540
2024-09-09,24.0,-106.5,90
2024-09-09,24.0,-104.0,180
2024-09-09,24.0,-103.0,360
2024-09-09,24.0,-102.5,900
2024-09-09,24.0,-101.5,270
2024-09-09,24.0,-101.0,720
2024-09-09,24.0,-100.5,540
2024-09-09,24.0,-100.0,2250
2024-09-09,24.0,-99.5,1980
2024-09-09,24.0,-99.0,450
2024-09-09,24.0,-98.5,90
2024-09-09,24.0,-96.5,360
2024-09-09,24.0,-96.0,1260
2024-09-09,24.0,-95.5,900
2024-09-09,24.0,-95.0,900
2024-09-09,24.0,-94.5,990
2024-09-09,24.0,-94.0,180
2024-09-09,24.0,-93.5,900
2024-09-09,24.0,-93.0,1170
2024-09-09,24.0,-92.5,360
2024-09-09,24.0,-92.0,180
2024-09-09,24.0,-91.5,180
2024-09-09,24.0,-91.0,270
2024-09-09,24.0,-90.5,90
2024-09-09,24.0,-90.0,180
2024-09-09,24.0,-89.5,90
2024-09-09,24.0,-89.0,90
2024-09-09,24.0,-86.5,270
2024-09-09,24.0,-86.0,180
2024-09-09,24.0,-81.0,90
2024-09-09,24.0,-79.0,90
2024-09-09,24.0,-78.5,90
2024-09-09,24.0,-78.0,720
2024-09-09,24.0,-76.0,90
2024-09-09,24.0,-74.5,810
2024-09-09,24.5,-109.5,270
2024-09-09,24.5,-108.0,180
2024-09-09,24.5,-107.0,270
2024-09-09,24.5,-105.5,180
2024-09-09,24.5,-105.0,180
2024-09-09,24.5,-104.0,180
2024-09-09,24.5,-103.5,90
2024-09-09,24.5,-103.0,180
2024-09-09,24.5,-102.5,90
2024-09-09,24.5,-102.0,720
2024-09-09,24.5,-101.5,810
2024-09-09,24.5,-101.0,540
2024-09-09,24.5,-100.5,540
2024-09-09,24.5,-100.0,1440
2024-09-09,24.5,-99.5,1080
2024-09-09,24.5,-99.0,180
2024-09-09,24.5,-98.5,270
2024-09-09,24.5,-97.5,90
2024-09-09,24.5,-96.5,360
2024-09-09,24.5,-96.0,360
2024-09-09,24.5,-95.5,450
2024-09-09,24.5,-95.0,1440
2024-09-09,24.5,-94.5,270
2024-09-09,24.5,-94.0,540
2024-09-09,24.5,-93.5,1980
2024-09-09,24.5,-93.0,720
2024-09-09,24.5,-92.5,900
2024-09-09,24.5,-92.0,90
2024-09-09,24.5,-91.5,180
2024-09-09,24.5,-91.0,630
2024-09-09,24.5,-90.5,540
2024-09-09,24.5,-90.0,990
2024-09-09,24.5,-89.5,1080
2024-09-09,24.5,-89.0,450
2024-09-09,24.5,-82.0,90
2024-09-09,24.5,-81.5,90
2024-09-09,24.5,-81.0,720
2024-09-09,24.5,-78.5,360
2024-09-09,24.5,-78.0,900
2024-09-09,24.5,-76.5,90
2024-09-09,24.5,-76.0,90
2024-09-09,24.5,-73.0,90
2024-09-09,25.0,-110.0,90
2024-09-09,25.0,-109.5,90
2024-09-09,25.0,-109.0,360
2024-09-09,25.0,-108.0,90
2024-09-09,25.0,-107.5,90
2024-09-09,25.0,-104.0,1260
2024-09-09,25.0,-103.0,630
2024-09-09,25.0,-102.5,90
2024-09-09,25.0,-102.0,1530
2024-09-09,25.0,-101.5,1800
2024-09-09,25.0,-101.0,990
2024-09-09,25.0,-100.5,540
2024-09-09,25.0,-100.0,1170
2024-09-09,25.0,-99.5,1710
2024-09-09,25.0,-98.5,180
2024-09-09,25.0,-97.5,90
2024-09-09,25.0,-97.0,180
2024-09-09,25.0,-96.5,90
2024-09-09,25.0,-96.0,450
2024-09-09,25.0,-95.5,180
2024-09-09,25.0,-95.0,900
2024-09-09,25.0,-94.5,90
2024-09-09,25.0,-94.0,1620
2024-09-09,25.0,-93.5,630
2024-09-09,25.0,-93.0,630
2024-09-09,25.0,-92.5,720
2024-09-09,25.0,-92.0,1170
2024-09-09,25.0,-91.5,450
2024-09-09,25.0,-91.0,450
2024-09-09,25.0,-90.5,180
2024-09-09,25.0,-90.0,270
2024-09-09,25.0,-89.5,270
2024-09-09,25.0,-89.0,180
2024-09-09,25.0,-87.5,90
2024-09-09,25.0,-83.5,180
2024-09-09,25.0,-82.0,450
2024-09-09,25.0,-81.5,180
2024-09-09,25.0,-81.0,900
2024-09-09,25.0,-80.5,720
2024-09-09,25.0,-80.0,180
2024-09-09,25.0,-79.5,1530
2024-09-09,25.0,-79.0,990
2024-09-09,25.0,-78.5,180
2024-09-09,25.0,-78.0,450
2024-09-09,25.0,-77.5,270
2024-09-09,25.0,-76.5,90
2024-09-09,25.0,-71.0,90
2024-09-09,25.5,-109.5,540
2024-09-09,25.5,-109.0,180
2024-09-09,25.5,-108.0,90
2024-09-09,25.5,-103.5,90
2024-09-09,25.5,-102.5,180
2024-09-09,25.5,-102.0,900
2024-09-09,25.5,-101.5,180
2024-09-09,25.5,-100.5,1800
2024-09-09,25.5,-100.0,3330
2024-09-09,25.5,-99.5,2250
2024-09-09,25.5,-99.0,180
2024-09-09,25.5,-98.5,90
2024-09-09,25.5,-98.0,90
2024-09-09,25.5,-97.5,270
2024-09-09,25.5,-97.0,270
2024-09-09,25.5,-96.5,90
2024-09-09,25.5,-96.0,360
2024-09-09,25.5,-95.5,180
2024-09-09,25.5,-95.0,1890
2024-09-09,25.5,-94.5,1710
2024-09-09,25.5,-94.0,1710
2024-09-09,25.5,-93.5,1080
2024-09-09,25.5,-93.0,810
2024-09-09,25.5,-92.5,1980
2024-09-09,25.5,-92.0,450
2024-09-09,25.5,-91.5,180
2024-09-09,25.5,-91.0,90
2024-09-09,25.5,-90.5,450
2024-09-09,25.5,-90.0,450
2024-09-09,25.5,-86.5,90
2024-09-09,25.5,-86.0,90
2024-09-09,25.5,-85.5,90
2024-09-09,25.5,-82.5,90
2024-09-09,25.5,-82.0,90
2024-09-09,25.5,-81.5,1800
2024-09-09,25.5,-81.0,3690
2024-09-09,25.5,-80.5,5490
2024-09-09,25.5,-80.0,2070
2024-09-09,25.5,-79.5,720
2024-09-09,25.5,-79.0,540
2024-09-09,25.5,-78.5,360
2024-09-09,25.5,-67.5,90
2024-09-09,26.0,-108.5,90
2024-09-09,26.0,-108.0,180
2024-09-09,26.0,-102.5,1170
2024-09-09,26.0,-102.0,450
2024-09-09,26.0,-101.5,810
2024-09-09,26.0,-100.5,180
2024-09-09,26.0,-100.0,540
2024-09-09,26.0,-99.5,450
2024-09-09,26.0,-98.0,630
2024-09-09,26.0,-97.5,450
2024-09-09,26.0,-95.0,180
2024-09-09,26.0,-94.5,900
2024-09-09,26.0,-94.0,1080
2024-09-09,26.0,-93.5,1260
2024-09-09,26.0,-93.0,990
2024-09-09,26.0,-92.5,1350
2024-09-09,26.0,-92.0,630
2024-09-09,26.0,-91.5,360
2024-09-09,26.0,-91.0,540
2024-09-09,26.0,-90.5,90
2024-09-09,26.0,-90.0,360
2024-09-09,26.0,-89.5,90
2024-09-09,26.0,-89.0,810
2024-09-09,26.0,-88.5,270
2024-09-09,26.0,-88.0,90
2024-09-09,26.0,-87.5,450
2024-09-09,26.0,-86.5,180
2024-09-09,26.0,-86.0,270
2024-09-09,26.0,-82.5,90
2024-09-09,26.0,-82.0,810
2024-09-09,26.0,-81.5,3150
2024-09-09,26.0,-81.0,6480
2024-09-09,26.0,-80.5,3690
2024-09-09,26.0,-80.0,3060
2024-09-09,26.0,-79.5,1890
2024-09-09,26.0,-79.0,900
2024-09-09,26.0,-78.5,450
2024-09-09,26.0,-78.0,180
2024-09-09,26.0,-77.5,180
2024-09-09,26.0,-77.0,270
2024-09-09,26.0,-75.5,90
2024-09-09,26.0,-75.0,270
2024-09-09,26.0,-74.5,90
2024-09-09,26.5,-109.0,90
2024-09-09,26.5,-108.0,360
2024-09-09,26.5,-107.5,450
2024-09-09,26.5,-104.0,90
2024-09-09,26.5,-103.5,270
2024-09-09,26.5,-103.0,90
2024-09-09,26.5,-102.5,720
2024-09-09,26.5,-102.0,450
2024-09-09,26.5,-101.5,1530
2024-09-09,26.5,-101.0,1170
2024-09-09,26.5,-100.5,540
2024-09-09,26.5,-100.0,1800
2024-09-09,26.5,-99.5,1710
2024-09-09,26.5,-98.5,180
2024-09-09,26.5,-98.0,90
2024-09-09,26.5,-94.5,540
2024-09-09,26.5,-94.0,630
2024-09-09,26.5,-93.5,810
2024-09-09,26.5,-93.0,1260
2024-09-09,26.5,-92.5,630
2024-09-09,26.5,-92.0,1080
2024-09-09,26.5,-91.5,180
2024-09-09,26.5,-91.0,270
2024-09-09,26.5,-90.5,180
2024-09-09,26.5,-90.0,360
2024-09-09,26.5,-89.5,90
2024-09-09,26.5,-89.0,810
2024-09-09,26.5,-88.5,90
2024-09-09,26.5,-88.0,630
2024-09-09,26.5,-87.5,270
2024-09-09,26.5,-87.0,270
2024-09-09,26.5,-86.5,90
2024-09-09,26.5,-84.5,90
2024-09-09,26.5,-84.0,90
2024-09-09,26.5,-82.5,360
2024-09-09,26.5,-82.0,2970
2024-09-09,26.5,-81.5,3240
2024-09-09,26.5,-81.0,3240
2024-09-09,26.5,-80.5,2880
2024-09-09,26.5,-80.0,1350
2024-09-09,26.5,-79.5,1170
2024-09-09,26.5,-79.0,990
2024-09-09,26.5,-78.5,2250
2024-09-09,26.5,-78.0,1260
2024-09-09,26.5,-77.5,540
2024-09-09,26.5,-77.0,180
2024-09-09,26.5,-75.5,90
2024-09-09,26.5,-72.5,90
2024-09-09,26.5,-66.5,90
2024-09-09,27.0,-110.0,630
2024-09-09,27.0,-109.5,180
2024-09-09,27.0,-109.0,90
2024-09-09,27.0,-108.5,270
2024-09-09,27.0,-108.0,180
2024-09-09,27.0,-107.5,720
2024-09-09,27.0,-103.0,180
2024-09-09,27.0,-102.0,810
2024-09-09,27.0,-101.5,270
2024-09-09,27.0,-101.0,1620
2024-09-09,27.0,-100.5,540
2024-09-09,27.0,-100.0,2430
2024-09-09,27.0,-99.5,450
2024-09-09,27.0,-98.0,90
2024-09-09,27.0,-96.0,180
2024-09-09,27.0,-94.5,180
2024-09-09,27.0,-94.0,900
2024-09-09,27.0,-93.5,900
2024-09-09,27.0,-93.0,1260
2024-09-09,27.0,-92.5,1440
2024-09-09,27.0,-92.0,270
2024-09-09,27.0,-91.5,270
2024-09-09,27.0,-91.0,450
2024-09-09,27.0,-90.5,90
2024-09-09,27.0,-90.0,450
2024-09-09,27.0,-89.5,540
2024-09-09,27.0,-89.0,270
2024-09-09,27.0,-88.5,90
2024-09-09,27.0,-88.0,180
2024-09-09,27.0,-87.5,360
2024-09-09,27.0,-87.0,450
2024-09-09,27.0,-86.5,90
2024-09-09,27.0,-86.0,270
2024-09-09,27.0,-85.5,180
2024-09-09,27.0,-85.0,360
2024-09-09,27.0,-84.5,90
2024-09-09,27.0,-84.0,180
2024-09-09,27.0,-82.5,630
2024-09-09,27.0,-82.0,1350
2024-09-09,27.0,-81.5,1980
2024-09-09,27.0,-81.0,1530
2024-09-09,27.0,-80.5,5490
2024-09-09,27.0,-80.0,3330
2024-09-09,27.0,-79.5,1440
2024-09-09,27.0,-79.0,270
2024-09-09,27.0,-78.5,720
2024-09-09,27.0,-78.0,360
2024-09-09,27.0,-77.5,180
2024-09-09,27.0,-76.0,180
2024-09-09,27.0,-75.0,270
2024-09-09,27.0,-74.5,90
2024-09-09,27.0,-71.0,90
2024-09-09,27.0,-69.5,90
2024-09-09,27.0,-68.5,90
2024-09-09,27.0,-67.0,180
2024-09-09,27.5,-110.5,90
2024-09-09,27.5,-110.0,360
2024-09-09,27.5,-109.5,270
2024-09-09,27.5,-108.0,270
2024-09-09,27.5,-103.0,90
2024-09-09,27.5,-102.5,90
2024-09-09,27.5,-102.0,630
2024-09-09,27.5,-101.5,270
2024-09-09,27.5,-101.0,450
2024-09-09,27.5,-100.5,810
2024-09-09,27.5,-100.0,630
2024-09-09,27.5,-99.5,450
2024-09-09,27.5,-96.5,90
2024-09-09,27.5,-93.5,270
2024-09-09,27.5,-92.5,360
2024-09-09,27.5,-92.0,1080
2024-09-09,27.5,-91.5,90
2024-09-09,27.5,-91.0,90
2024-09-09,27.5,-90.5,360
2024-09-09,27.5,-90.0,900
2024-09-09,27.5,-89.5,540
2024-09-09,27.5,-89.0,630
2024-09-09,27.5,-88.5,270
2024-09-09,27.5,-88.0,720
2024-09-09,27.5,-87.5,450
2024-09-09,27.5,-87.0,720
2024-09-09,27.5,-86.5,900
2024-09-09,27.5,-86.0,1260
2024-09-09,27.5,-85.5,450
2024-09-09,27.5,-85.0,270
2024-09-09,27.5,-84.5,630
2024-09-09,27.5,-84.0,810
2024-09-09,27.5,-83.5,270
2024-09-09,27.5,-83.0,90
2024-09-09,27.5,-82.5,630
2024-09-09,27.5,-82.0,3510
2024-09-09,27.5,-81.5,1080
2024-09-09,27.5,-81.0,2070
2024-09-09,27.5,-80.5,4320
2024-09-09,27.5,-80.0,3420
2024-09-09,27.5,-79.5,270
2024-09-09,27.5,-79.0,90
2024-09-09,27.5,-78.5,1170
2024-09-09,27.5,-78.0,180
2024-09-09,27.5,-76.5,90
2024-09-09,27.5,-76.0,270
2024-09-09,27.5,-75.0,90
2024-09-09,27.5,-74.5,90
2024-09-09,27.5,-74.0,270
2024-09-09,27.5,-73.5,630
2024-09-09,27.5,-73.0,630
2024-09-09,27.5,-72.5,270
2024-09-09,27.5,-70.5,90
2024-09-09,27.5,-69.0,90
2024-09-09,27.5,-68.0,90
2024-09-09,27.5,-67.5,90
2024-09-09,27.5,-66.5,360
2024-09-09,27.5,-65.5,180
2024-09-09,28.0,-111.0,1980
2024-09-09,28.0,-110.5,630
2024-09-09,28.0,-110.0,360
2024-09-09,28.0,-109.5,270
2024-09-09,28.0,-109.0,90
2024-09-09,28.0,-103.0,180
2024-09-09,28.0,-101.5,540
2024-09-09,28.0,-101.0,450
2024-09-09,28.0,-100.5,360
2024-09-09,28.0,-99.5,90
2024-09-09,28.0,-91.0,90
2024-09-09,28.0,-90.5,180
2024-09-09,28.0,-90.0,450
2024-09-09,28.0,-89.5,90
2024-09-09,28.0,-88.0,720
2024-09-09,28.0,-87.5,810
2024-09-09,28.0,-87.0,1080
2024-09-09,28.0,-86.5,1170
2024-09-09,28.0,-86.0,900
2024-09-09,28.0,-85.5,630
2024-09-09,28.0,-85.0,1260
2024-09-09,28.0,-84.5,90
2024-09-09,28.0,-84.0,540
2024-09-09,28.0,-83.5,990
2024-09-09,28.0,-83.0,1350
2024-09-09,28.0,-82.5,1530
2024-09-09,28.0,-82.0,3330
2024-09-09,28.0,-81.5,1260
2024-09-09,28.0,-81.0,3060
2024-09-09,28.0,-80.5,720
2024-09-09,28.0,-80.0,540
2024-09-09,28.0,-79.5,90
2024-09-09,28.0,-79.0,360
2024-09-09,28.0,-78.5,270
2024-09-09,28.0,-78.0,450
2024-09-09,28.0,-77.5,270
2024-09-09,28.0,-77.0,180
2024-09-09,28.0,-76.5,180
2024-09-09,28.0,-76.0,270
2024-09-09,28.0,-75.5,360
2024-09-09,28.0,-74.0,630
2024-09-09,28.0,-73.0,360
2024-09-09,28.0,-72.5,90
2024-09-09,28.0,-70.0,90
2024-09-09,28.0,-67.0,90
2024-09-09,28.5,-111.0,270
2024-09-09,28.5,-110.5,180
2024-09-09,28.5,-110.0,2520
2024-09-09,28.5,-109.5,1710
2024-09-09,28.5,-109.0,450
2024-09-09,28.5,-108.5,90
2024-09-09,28.5,-101.5,900
2024-09-09,28.5,-91.5,90
2024-09-09,28.5,-91.0,90
2024-09-09,28.5,-90.5,270
2024-09-09,28.5,-90.0,180
2024-09-09,28.5,-89.5,270
2024-09-09,28.5,-89.0,360
2024-09-09,28.5,-88.5,90
2024-09-09,28.5,-88.0,90
2024-09-09,28.5,-87.5,630
2024-09-09,28.5,-87.0,180
2024-09-09,28.5,-86.5,540
2024-09-09,28.5,-86.0,450
2024-09-09,28.5,-85.5,2610
2024-09-09,28.5,-85.0,270
2024-09-09,28.5,-84.5,90
2024-09-09,28.5,-84.0,900
2024-09-09,28.5,-83.5,540
2024-09-09,28.5,-83.0,90
2024-09-09,28.5,-82.5,180
2024-09-09,28.5,-82.0,360
2024-09-09,28.5,-81.5,540
2024-09-09,28.5,-81.0,2970
2024-09-09,28.5,-80.5,180
2024-09-09,28.5,-80.0,360
2024-09-09,28.5,-79.5,90
2024-09-09,28.5,-79.0,540
2024-09-09,28.5,-78.5,90
2024-09-09,28.5,-78.0,360
2024-09-09,28.5,-77.0,270
2024-09-09,28.5,-76.5,270
2024-09-09,28.5,-75.5,180
2024-09-09,28.5,-72.5,90
2024-09-09,28.5,-71.0,270
2024-09-09,28.5,-70.0,180
2024-09-09,28.5,-69.5,90
2024-09-09,28.5,-66.0,180
2024-09-09,29.0,-112.0,450
2024-09-09,29.0,-111.5,450
2024-09-09,29.0,-111.0,540
2024-09-09,29.0,-110.5,180
2024-09-09,29.0,-110.0,90
2024-09-09,29.0,-109.5,990
2024-09-09,29.0,-109.0,630
2024-09-09,29.0,-108.5,540
2024-09-09,29.0,-91.0,90
2024-09-09,29.0,-90.5,270
2024-09-09,29.0,-90.0,540
2024-09-09,29.0,-89.5,900
2024-09-09,29.0,-89.0,990
2024-09-09,29.0,-88.5,720
2024-09-09,29.0,-88.0,450
2024-09-09,29.0,-87.5,450
2024-09-09,29.0,-87.0,90
2024-09-09,29.0,-86.5,990
2024-09-09,29.0,-86.0,270
2024-09-09,29.0,-85.5,1440
2024-09-09,29.0,-85.0,990
2024-09-09,29.0,-84.5,6390
2024-09-09,29.0,-84.0,1530
2024-09-09,29.0,-83.5,540
2024-09-09,29.0,-83.0,180
2024-09-09,29.0,-82.5,90
2024-09-09,29.0,-82.0,90
2024-09-09,29.0,-81.5,1530
2024-09-09,29.0,-81.0,990
2024-09-09,29.0,-80.5,180
2024-09-09,29.0,-80.0,540
2024-09-09,29.0,-79.5,540
2024-09-09,29.0,-79.0,360
2024-09-09,29.0,-78.5,90
2024-09-09,29.0,-77.0,90
2024-09-09,29.0,-76.5,360
2024-09-09,29.0,-75.0,90
2024-09-09,29.0,-74.5,90
2024-09-09,29.0,-74.0,270
2024-09-09,29.0,-73.5,90
2024-09-09,29.0,-73.0,180
2024-09-09,29.0,-72.5,180
2024-09-09,29.0,-72.0,90
2024-09-09,29.0,-71.0,90
2024-09-09,29.0,-70.5,90
2024-09-09,29.0,-68.5,90
2024-09-09,29.0,-67.0,270
2024-09-09,29.5,-112.5,270
2024-09-09,29.5,-111.5,450
2024-09-09,29.5,-111.0,270
2024-09-09,29.5,-110.5,540
2024-09-09,29.5,-110.0,1080
2024-09-09,29.5,-109.5,990
2024-09-09,29.5,-109.0,1800
2024-09-09,29.5,-108.0,270
2024-09-09,29.5,-93.0,90
2024-09-09,29.5,-89.0,990
2024-09-09,29.5,-88.5,270
2024-09-09,29.5,-88.0,1620
2024-09-09,29.5,-87.5,450
2024-09-09,29.5,-87.0,630
2024-09-09,29.5,-86.5,360
2024-09-09,29.5,-86.0,1260
2024-09-09,29.5,-85.5,1350
2024-09-09,29.5,-85.0,1350
2024-09-09,29.5,-84.5,540
2024-09-09,29.5,-84.0,180
2024-09-09,29.5,-83.5,360
2024-09-09,29.5,-81.5,270
2024-09-09,29.5,-80.0,90
2024-09-09,29.5,-79.5,90
2024-09-09,29.5,-79.0,270
2024-09-09,29.5,-78.5,180
2024-09-09,29.5,-77.0,90
2024-09-09,29.5,-76.5,180
2024-09-09,29.5,-74.5,180
2024-09-09,29.5,-73.5,270
2024-09-09,29.5,-73.0,720
2024-09-09,29.5,-72.5,1980
2024-09-09,29.5,-71.5,270
2024-09-09,29.5,-70.5,90
2024-09-09,29.5,-70.0,180
2024-09-09,29.5,-69.5,90
2024-09-09,29.5,-69.0,90
2024-09-09,29.5,-68.0,90
2024-09-09,29.5,-66.5,180
2024-09-09,29.5,-66.0,180
2024-09-09,29.5,-65.5,90
2024-09-09,30.0,-112.0,720
2024-09-09,30.0,-111.0,270
2024-09-09,30.0,-110.5,720
2024-09-09,30.0,-110.0,1440
2024-09-09,30.0,-109.5,360
2024-09-09,30.0,-109.0,990
2024-09-09,30.0,-108.0,180
2024-09-09,30.0,-107.5,90
2024-09-09,30.0,-96.0,270
2024-09-09,30.0,-95.5,180
2024-09-09,30.0,-92.5,450
2024-09-09,30.0,-92.0,90
2024-09-09,30.0,-91.5,270
2024-09-09,30.0,-91.0,180
2024-09-09,30.0,-89.5,180
2024-09-09,30.0,-89.0,270
2024-09-09,30.0,-88.0,90
2024-09-09,30.0,-87.5,630
2024-09-09,30.0,-86.0,630
2024-09-09,30.0,-85.5,180
2024-09-09,30.0,-84.5,180
2024-09-09,30.0,-84.0,90
2024-09-09,30.0,-82.5,180
2024-09-09,30.0,-82.0,180
2024-09-09,30.0,-80.0,90
2024-09-09,30.0,-75.0,270
2024-09-09,30.0,-74.0,450
2024-09-09,30.0,-73.5,270
2024-09-09,30.0,-73.0,90
2024-09-09,30.0,-72.0,90
2024-09-09,30.0,-71.0,90
2024-09-09,30.0,-70.0,90
2024-09-09,30.0,-69.5,90
2024-09-09,30.0,-69.0,90
2024-09-09,30.0,-66.5,270
2024-09-09,30.0,-66.0,90
2024-09-09,30.5,-111.0,180
2024-09-09,30.5,-110.0,630
2024-09-09,30.5,-109.5,90
2024-09-09,30.5,-107.5,180
2024-09-09,30.5,-96.5,630
2024-09-09,30.5,-96.0,2430
2024-09-09,30.5,-95.5,450
2024-09-09,30.5,-94.5,180
2024-09-09,30.5,-94.0,1170
2024-09-09,30.5,-93.5,90
2024-09-09,30.5,-93.0,90
2024-09-09,30.5,-91.0,90
2024-09-09,30.5,-90.5,90
2024-09-09,30.5,-88.5,630
2024-09-09,30.5,-88.0,270
2024-09-09,30.5,-87.0,360
2024-09-09,30.5,-86.5,270
2024-09-09,30.5,-86.0,720
2024-09-09,30.5,-85.5,180
2024-09-09,30.5,-85.0,180
2024-09-09,30.5,-84.5,540
2024-09-09,30.5,-77.5,90
2024-09-09,30.5,-75.5,1530
2024-09-09,30.5,-75.0,270
2024-09-09,30.5,-74.5,270
2024-09-09,30.5,-74.0,2250
2024-09-09,30.5,-73.5,1080
2024-09-09,30.5,-73.0,90
2024-09-09,30.5,-71.0,90
2024-09-09,30.5,-70.0,180
2024-09-09,30.5,-69.5,180
2024-09-09,30.5,-68.5,90
2024-09-09,30.5,-67.0,90
2024-09-09,30.5,-66.5,90
2024-09-09,31.0,-111.0,180
2024-09-09,31.0,-110.5,810
2024-09-09,31.0,-110.0,450
2024-09-09,31.0,-109.5,180
2024-09-09,31.0,-109.0,270
2024-09-09,31.0,-107.5,90
2024-09-09,31.0,-98.5,180
2024-09-09,31.0,-98.0,90
2024-09-09,31.0,-97.5,180
2024-09-09,31.0,-97.0,1350
2024-09-09,31.0,-96.5,1530
2024-09-09,31.0,-96.0,270
2024-09-09,31.0,-95.0,720
2024-09-09,31.0,-94.5,990
2024-09-09,31.0,-94.0,540
2024-09-09,31.0,-93.5,90
2024-09-09,31.0,-88.5,90
2024-09-09,31.0,-88.0,180
2024-09-09,31.0,-87.5,90
2024-09-09,31.0,-84.0,90
2024-09-09,31.0,-82.5,90
2024-09-09,31.0,-79.5,180
2024-09-09,31.0,-78.5,270
2024-09-09,31.0,-78.0,360
2024-09-09,31.0,-77.0,450
2024-09-09,31.0,-76.5,1170
2024-09-09,31.0,-76.0,4680
2024-09-09,31.0,-75.5,1620
2024-09-09,31.0,-75.0,1170
2024-09-09,31.0,-74.5,360
2024-09-09,31.0,-74.0,360
2024-09-09,31.0,-73.5,90
2024-09-09,31.0,-73.0,180
2024-09-09,31.0,-70.5,270
2024-09-09,31.0,-67.5,90
2024-09-09,31.0,-67.0,90
2024-09-09,31.0,-66.0,90
2024-09-09,31.0,-65.5,90
2024-09-09,31.5,-113.0,180
2024-09-09,31.5,-111.0,720
2024-09-09,31.5,-110.5,450
2024-09-09,31.5,-110.0,450
2024-09-09,31.5,-109.5,180
2024-09-09,31.5,-109.0,90
2024-09-09,31.5,-108.5,90
2024-09-09,31.5,-98.5,180
2024-09-09,31.5,-98.0,180
2024-09-09,31.5,-97.5,450
2024-09-09,31.5,-97.0,720
2024-09-09,31.5,-95.0,450
2024-09-09,31.5,-94.5,270
2024-09-09,31.5,-87.5,180
2024-09-09,31.5,-87.0,90
2024-09-09,31.5,-86.0,90
2024-09-09,31.5,-85.0,180
2024-09-09,31.5,-84.5,180
2024-09-09,31.5,-83.0,90
2024-09-09,31.5,-82.5,180
2024-09-09,31.5,-82.0,90
2024-09-09,31.5,-80.0,90
2024-09-09,31.5,-79.5,180
2024-09-09,31.5,-79.0,720
2024-09-09,31.5,-78.5,450
2024-09-09,31.5,-78.0,270
2024-09-09,31.5,-77.5,450
2024-09-09,31.5,-77.0,810
2024-09-09,31.5,-76.5,450
2024-09-09,31.5,-76.0,270
2024-09-09,31.5,-75.5,180
2024-09-09,31.5,-75.0,270
2024-09-09,31.5,-74.5,270
2024-09-09,31.5,-73.5,180
2024-09-09,31.5,-71.5,270
2024-09-09,31.5,-70.5,180
2024-09-09,31.5,-70.0,90
2024-09-09,31.5,-69.5,90
2024-09-09,31.5,-69.0,180
2024-09-09,31.5,-66.5,90
2024-09-09,32.0,-111.0,270
2024-09-09,32.0,-110.5,450
2024-09-09,32.0,-110.0,180
2024-09-09,32.0,-98.0,90
2024-09-09,32.0,-95.0,540
2024-09-09,32.0,-87.5,540
2024-09-09,32.0,-87.0,990
2024-09-09,32.0,-86.5,90
2024-09-09,32.0,-85.5,720
2024-09-09,32.0,-85.0,1980
2024-09-09,32.0,-84.5,180
2024-09-09,32.0,-84.0,360
2024-09-09,32.0,-83.5,90
2024-09-09,32.0,-83.0,90
2024-09-09,32.0,-82.0,180
2024-09-09,32.0,-78.0,180
2024-09-09,32.0,-77.5,450
2024-09-09,32.0,-77.0,270
2024-09-09,32.0,-76.0,180
2024-09-09,32.0,-75.5,90
2024-09-09,32.0,-73.5,270
2024-09-09,32.0,-73.0,90
2024-09-09,32.0,-72.5,270
2024-09-09,32.0,-71.5,90
2024-09-09,32.0,-71.0,270
2024-09-09,32.0,-69.5,180
2024-09-09,32.0,-69.0,180
2024-09-09,32.0,-68.5,90
2024-09-09,32.0,-67.5,90
2024-09-09,32.0,-67.0,90
2024-09-09,32.5,-110.5,90
2024-09-09,32.5,-110.0,270
2024-09-09,32.5,-109.0,90
2024-09-09,32.5,-108.5,90
2024-09-09,32.5,-106.0,90
2024-09-09,32.5,-87.5,90
2024-09-09,32.5,-87.0,1260
2024-09-09,32.5,-79.0,90
2024-09-09,32.5,-78.0,900
2024-09-09,32.5,-77.5,270
2024-09-09,32.5,-76.0,90
2024-09-09,32.5,-74.0,90
2024-09-09,32.5,-72.5,90
2024-09-09,32.5,-71.0,90
2024-09-09,32.5,-70.5,180
2024-09-09,32.5,-70.0,90
2024-09-09,32.5,-69.5,270
2024-09-09,32.5,-69.0,180
2024-09-09,32.5,-68.5,90
2024-09-09,32.5,-68.0,90
2024-09-09,32.5,-67.5,90
2024-09-09,32.5,-66.5,180
2024-09-09,32.5,-66.0,360
2024-09-09,32.5,-65.5,540
2024-09-09,33.0,-110.5,90
2024-09-09,33.0,-110.0,90
2024-09-09,33.0,-109.5,270
2024-09-09,33.0,-109.0,90
2024-09-09,33.0,-108.5,180
2024-09-09,33.0,-107.5,90
2024-09-09,33.0,-106.0,90
2024-09-09,33.0,-105.5,90
2024-09-09,33.0,-104.0,90
2024-09-09,33.0,-103.5,270
2024-09-09,33.0,-96.5,90
2024-09-09,33.0,-87.5,90
2024-09-09,33.0,-87.0,180
2024-09-09,33.0,-86.5,180
2024-09-09,33.0,-78.0,90
2024-09-09,33.0,-77.5,90
2024-09-09,33.0,-77.0,180
2024-09-09,33.0,-71.0,360
2024-09-09,33.0,-70.5,90
2024-09-09,33.0,-70.0,360
2024-09-09,33.0,-69.5,90
2024-09-09,33.0,-69.0,180
2024-09-09,33.0,-68.5,90
2024-09-09,33.0,-67.0,180
2024-09-09,33.0,-66.0,90
2024-09-09,33.0,-65.5,180
2024-09-09,33.5,-117.5,90
2024-09-09,33.5,-109.5,270
2024-09-09,33.5,-109.0,180
2024-09-09,33.5,-108.5,90
2024-09-09,33.5,-107.5,90
2024-09-09,33.5,-106.0,90
2024-09-09,33.5,-103.5,360
2024-09-09,33.5,-103.0,720
2024-09-09,33.5,-99.5,180
2024-09-09,33.5,-96.5,90
2024-09-09,33.5,-87.5,180
2024-09-09,33.5,-87.0,1800
2024-09-09,33.5,-78.5,270
2024-09-09,33.5,-78.0,90
2024-09-09,33.5,-77.0,90
2024-09-09,33.5,-76.5,540
2024-09-09,33.5,-72.0,90
2024-09-09,33.5,-71.0,270
2024-09-09,33.5,-70.5,540
2024-09-09,33.5,-70.0,180
2024-09-09,33.5,-69.5,270
2024-09-09,33.5,-69.0,90
2024-09-09,33.5,-67.5,180
2024-09-09,33.5,-66.0,180
2024-09-09,33.5,-65.5,270
2024-09-09,34.0,-109.5,450
2024-09-09,34.0,-109.0,360
2024-09-09,34.0,-108.5,90
2024-09-09,34.0,-106.0,540
2024-09-09,34.0,-105.5,90
2024-09-09,34.0,-102.5,450
2024-09-09,34.0,-97.5,630
2024-09-09,34.0,-97.0,270
2024-09-09,34.0,-87.5,720
2024-09-09,34.0,-87.0,630
2024-09-09,34.0,-77.5,90
2024-09-09,34.0,-77.0,90
2024-09-09,34.0,-75.5,90
2024-09-09,34.0,-75.0,90
2024-09-09,34.0,-74.5,90
2024-09-09,34.0,-73.5,90
2024-09-09,34.0,-69.0,180
2024-09-09,34.0,-68.5,630
2024-09-09,34.0,-67.0,180
2024-09-09,34.0,-66.5,90
2024-09-09,34.0,-66.0,90
2024-09-09,34.5,-109.5,90
2024-09-09,34.5,-108.5,270
2024-09-09,34.5,-106.0,90
2024-09-09,34.5,-105.5,540
2024-09-09,34.5,-105.0,450
2024-09-09,34.5,-104.5,90
2024-09-09,34.5,-103.0,180
2024-09-09,34.5,-102.5,270
2024-09-09,34.5,-102.0,360
2024-09-09,34.5,-101.5,720
2024-09-09,34.5,-101.0,990
2024-09-09,34.5,-100.5,630
2024-09-09,34.5,-99.0,90
2024-09-09,34.5,-97.5,630
2024-09-09,34.5,-87.5,90
2024-09-09,34.5,-76.5,90
2024-09-09,34.5,-76.0,90
2024-09-09,34.5,-75.5,90
2024-09-09,34.5,-75.0,90
2024-09-09,34.5,-74.5,90
2024-09-09,34.5,-68.5,90
2024-09-09,34.5,-67.0,270
2024-09-09,34.5,-66.5,990
2024-09-09,34.5,-66.0,450
2024-09-09,34.5,-65.5,90
2024-09-09,35.0,-115.5,180
2024-09-09,35.0,-114.0,360
2024-09-09,35.0,-113.5,90
2024-09-09,35.0,-110.0,90
2024-09-09,35.0,-109.0,180
2024-09-09,35.0,-108.0,90
2024-09-09,35.0,-106.5,90
2024-09-09,35.0,-105.5,270
2024-09-09,35.0,-105.0,1170
2024-09-09,35.0,-104.0,180
2024-09-09,35.0,-103.0,270
2024-09-09,35.0,-102.5,180
2024-09-09,35.0,-102.0,180
2024-09-09,35.0,-101.5,270
2024-09-09,35.0,-101.0,90
2024-09-09,35.0,-100.5,900
2024-09-09,35.0,-100.0,900
2024-09-09,35.0,-99.5,1440
2024-09-09,35.0,-97.5,2250
2024-09-09,35.0,-86.0,90
2024-09-09,35.0,-76.5,90
2024-09-09,35.0,-76.0,90
2024-09-09,35.0,-75.5,450
2024-09-09,35.0,-75.0,360
2024-09-09,35.0,-69.0,90
2024-09-09,35.0,-68.5,90
2024-09-09,35.0,-66.5,180
2024-09-09,35.0,-65.5,90
2024-09-09,35.5,-114.5,270
2024-09-09,35.5,-114.0,540
2024-09-09,35.5,-107.5,180
2024-09-09,35.5,-106.5,360
2024-09-09,35.5,-105.5,180
2024-09-09,35.5,-105.0,450
2024-09-09,35.5,-104.5,630
2024-09-09,35.5,-104.0,450
2024-09-09,35.5,-103.5,90
2024-09-09,35.5,-101.5,90
2024-09-09,35.5,-101.0,810
2024-09-09,35.5,-100.5,990
2024-09-09,35.5,-100.0,90
2024-09-09,35.5,-99.5,180
2024-09-09,35.5,-97.5,450
2024-09-09,35.5,-88.5,180
2024-09-09,35.5,-76.0,90
2024-09-09,35.5,-71.0,90
2024-09-09,35.5,-70.0,180
2024-09-09,36.0,-114.5,90
2024-09-09,36.0,-111.5,90
2024-09-09,36.0,-111.0,90
2024-09-09,36.0,-109.5,90
2024-09-09,36.0,-106.5,360
2024-09-09,36.0,-105.5,180
2024-09-09,36.0,-105.0,450
2024-09-09,36.0,-104.5,1080
2024-09-09,36.0,-104.0,1170
2024-09-09,36.0,-103.5,270
2024-09-09,36.0,-103.0,180
2024-09-09,36.0,-102.5,90
2024-09-09,36.0,-102.0,90
2024-09-09,36.0,-101.0,630
2024-09-09,36.0,-98.0,450
2024-09-09,36.5,-113.5,90
2024-09-09,36.5,-111.0,90
2024-09-09,36.5,-107.0,90
2024-09-09,36.5,-106.5,90
2024-09-09,36.5,-106.0,180
2024-09-09,36.5,-105.5,360
2024-09-09,36.5,-105.0,630
2024-09-09,36.5,-104.5,180
2024-09-09,36.5,-104.0,90
2024-09-09,36.5,-103.5,810
2024-09-09,36.5,-103.0,540
2024-09-09,36.5,-102.0,90
2024-09-09,36.5,-101.0,90
2024-09-09,36.5,-88.0,90
2024-09-09,37.0,-114.0,90
2024-09-09,37.0,-113.5,270
2024-09-09,37.0,-112.0,90
2024-09-09,37.0,-110.0,90
2024-09-09,37.0,-109.5,180
2024-09-09,37.0,-108.5,180
2024-09-09,37.0,-108.0,90
2024-09-09,37.0,-107.0,90
2024-09-09,37.0,-106.5,90
2024-09-09,37.0,-105.5,90
2024-09-09,37.0,-104.0,90
2024-09-09,37.0,-103.5,630
2024-09-09,37.0,-103.0,900
2024-09-09,37.0,-102.5,180
2024-09-09,37.0,-89.0,180
2024-09-09,37.0,-88.5,90
2024-09-09,37.0,-88.0,180
2024-09-09,37.0,-87.5,90
2024-09-09,37.0,-87.0,90
2024-09-09,37.5,-114.5,90
2024-09-09,37.5,-114.0,180
2024-09-09,37.5,-113.5,180
2024-09-09,37.5,-113.0,360
2024-09-09,37.5,-109.5,90
2024-09-09,37.5,-108.0,180
2024-09-09,37.5,-107.5,90
2024-09-09,37.5,-106.5,270
2024-09-09,37.5,-105.5,180
2024-09-09,37.5,-105.0,360
2024-09-09,37.5,-104.0,180
2024-09-09,37.5,-103.5,720
2024-09-09,37.5,-103.0,270
2024-09-09,37.5,-91.5,90
2024-09-09,37.5,-90.5,90
2024-09-09,37.5,-89.5,180
2024-09-09,37.5,-88.5,90
2024-09-09,38.0,-115.5,90
2024-09-09,38.0,-114.5,90
2024-09-09,38.0,-113.5,270
2024-09-09,38.0,-113.0,360
2024-09-09,38.0,-112.5,90
2024-09-09,38.0,-112.0,90
2024-09-09,38.0,-111.5,180
2024-09-09,38.0,-109.0,270
2024-09-09,38.0,-108.5,90
2024-09-09,38.0,-108.0,360
2024-09-09,38.0,-107.5,360
2024-09-09,38.0,-107.0,180
2024-09-09,38.0,-106.5,270
2024-09-09,38.0,-105.5,270
2024-09-09,38.0,-105.0,90
2024-09-09,38.0,-104.5,180
2024-09-09,38.0,-104.0,360
2024-09-09,38.0,-103.5,90
2024-09-09,38.0,-103.0,900
2024-09-09,38.0,-102.5,90
2024-09-09,38.0,-98.0,270
2024-09-09,38.0,-97.5,90
2024-09-09,38.0,-91.0,90
2024-09-09,38.0,-90.5,180
2024-09-09,38.0,-90.0,90
2024-09-09,38.0,-71.5,270
2024-09-09,38.5,-115.5,90
2024-09-09,38.5,-113.5,90
2024-09-09,38.5,-108.0,90
2024-09-09,38.5,-107.5,180
2024-09-09,38.5,-107.0,90
2024-09-09,38.5,-106.5,90
2024-09-09,38.5,-106.0,180
2024-09-09,38.5,-105.5,180
2024-09-09,38.5,-105.0,180
2024-09-09,38.5,-104.5,90
2024-09-09,38.5,-104.0,270
2024-09-09,38.5,-103.5,180
2024-09-09,38.5,-102.5,900
2024-09-09,38.5,-99.0,810
2024-09-09,38.5,-98.0,90
2024-09-09,38.5,-93.5,90
2024-09-09,38.5,-91.0,90
2024-09-09,39.0,-114.0,90
2024-09-09,39.0,-113.5,90
2024-09-09,39.0,-112.5,90
2024-09-09,39.0,-111.5,180
2024-09-09,39.0,-110.5,90
2024-09-09,39.0,-110.0,90
2024-09-09,39.0,-109.5,90
2024-09-09,39.0,-108.0,180
2024-09-09,39.0,-107.5,90
2024-09-09,39.0,-107.0,450
2024-09-09,39.0,-106.5,180
2024-09-09,39.0,-106.0,90
2024-09-09,39.0,-105.5,90
2024-09-09,39.0,-105.0,90
2024-09-09,39.0,-104.5,90
2024-09-09,39.0,-104.0,90
2024-09-09,39.0,-103.5,180
2024-09-09,39.0,-102.5,540
2024-09-09,39.0,-102.0,180
2024-09-09,39.0,-99.5,180
2024-09-09,39.0,-99.0,450
2024-09-09,39.0,-98.5,90
2024-09-09,39.0,-92.0,90
2024-09-09,39.0,-90.5,90
2024-09-09,39.5,-116.0,90
2024-09-09,39.5,-115.0,90
2024-09-09,39.5,-114.5,90
2024-09-09,39.5,-114.0,180
2024-09-09,39.5,-113.0,90
2024-09-09,39.5,-112.5,90
2024-09-09,39.5,-112.0,180
2024-09-09,39.5,-111.5,180
2024-09-09,39.5,-110.5,90
2024-09-09,39.5,-109.5,90
2024-09-09,39.5,-109.0,90
2024-09-09,39.5,-108.0,180
2024-09-09,39.5,-107.5,90
2024-09-09,39.5,-107.0,90
2024-09-09,39.5,-106.5,180
2024-09-09,39.5,-105.5,180
2024-09-09,39.5,-104.0,180
2024-09-09,39.5,-103.5,90
2024-09-09,39.5,-103.0,180
2024-09-09,39.5,-102.5,360
2024-09-09,39.5,-102.0,270
2024-09-09,39.5,-101.0,90
2024-09-09,39.5,-99.5,270
2024-09-09,39.5,-99.0,180
2024-09-09,39.5,-98.5,90
2024-09-09,39.5,-92.0,180
2024-09-09,39.5,-91.0,270
2024-09-09,40.0,-123.0,90
2024-09-09,40.0,-112.5,180
2024-09-09,40.0,-112.0,90
2024-09-09,40.0,-111.5,90
2024-09-09,40.0,-111.0,180
2024-09-09,40.0,-110.5,90
2024-09-09,40.0,-109.0,90
2024-09-09,40.0,-108.0,270
2024-09-09,40.0,-107.5,450
2024-09-09,40.0,-107.0,360
2024-09-09,40.0,-106.5,180
2024-09-09,40.0,-105.5,180
2024-09-09,40.0,-105.0,360
2024-09-09,40.0,-104.5,360
2024-09-09,40.0,-103.5,720
2024-09-09,40.0,-103.0,810
2024-09-09,40.0,-102.5,90
2024-09-09,40.0,-102.0,180
2024-09-09,40.0,-101.5,2250
2024-09-09,40.0,-100.0,450
2024-09-09,40.0,-99.5,450
2024-09-09,40.0,-91.0,270
2024-09-09,40.5,-123.0,270
2024-09-09,40.5,-121.5,270
2024-09-09,40.5,-121.0,90
2024-09-09,40.5,-116.0,90
2024-09-09,40.5,-115.0,270
2024-09-09,40.5,-114.5,90
2024-09-09,40.5,-114.0,90
2024-09-09,40.5,-112.5,90
2024-09-09,40.5,-110.5,360
2024-09-09,40.5,-109.0,90
2024-09-09,40.5,-108.5,180
2024-09-09,40.5,-108.0,90
2024-09-09,40.5,-107.5,360
2024-09-09,40.5,-106.5,180
2024-09-09,40.5,-106.0,90
2024-09-09,40.5,-105.5,90
2024-09-09,40.5,-105.0,180
2024-09-09,40.5,-104.5,360
2024-09-09,40.5,-103.5,270
2024-09-09,40.5,-100.0,180
2024-09-09,40.5,-99.5,180
2024-09-09,40.5,-98.0,180
2024-09-09,40.5,-91.0,90
2024-09-09,41.0,-123.5,90
2024-09-09,41.0,-121.5,180
2024-09-09,41.0,-114.5,90
2024-09-09,41.0,-112.0,270
2024-09-09,41.0,-111.5,180
2024-09-09,41.0,-111.0,180
2024-09-09,41.0,-107.5,90
2024-09-09,41.0,-107.0,90
2024-09-09,41.0,-106.5,90
2024-09-09,41.0,-106.0,90
2024-09-09,41.0,-105.5,90
2024-09-09,41.0,-105.0,180
2024-09-09,41.0,-104.5,180
2024-09-09,41.0,-104.0,90
2024-09-09,41.0,-103.5,270
2024-09-09,41.0,-101.0,90
2024-09-09,41.0,-100.0,360
2024-09-09,41.0,-99.5,810
2024-09-09,41.0,-92.0,90
2024-09-09,41.0,-90.5,90
2024-09-09,41.5,-119.5,90
2024-09-09,41.5,-118.5,180
2024-09-09,41.5,-118.0,90
2024-09-09,41.5,-113.0,90
2024-09-09,41.5,-112.5,90
2024-09-09,41.5,-112.0,180
2024-09-09,41.5,-111.5,270
2024-09-09,41.5,-111.0,180
2024-09-09,41.5,-110.5,90
2024-09-09,41.5,-110.0,270
2024-09-09,41.5,-109.5,180
2024-09-09,41.5,-109.0,90
2024-09-09,41.5,-108.5,90
2024-09-09,41.5,-108.0,90
2024-09-09,41.5,-107.5,90
2024-09-09,41.5,-106.5,90
2024-09-09,41.5,-106.0,90
2024-09-09,41.5,-105.5,90
2024-09-09,41.5,-105.0,810
2024-09-09,41.5,-104.5,180
2024-09-09,41.5,-104.0,90
2024-09-09,41.5,-103.5,270
2024-09-09,41.5,-103.0,90
2024-09-09,41.5,-100.0,90
2024-09-09,41.5,-99.5,180
2024-09-09,41.5,-97.5,270
2024-09-09,41.5,-96.5,90
2024-09-09,41.5,-91.5,180
2024-09-09,41.5,-90.5,90
2024-09-09,42.0,-117.5,90
2024-09-09,42.0,-117.0,90
2024-09-09,42.0,-113.0,90
2024-09-09,42.0,-112.5,270
2024-09-09,42.0,-112.0,810
2024-09-09,42.0,-111.0,90
2024-09-09,42.0,-110.5,90
2024-09-09,42.0,-110.0,90
2024-09-09,42.0,-109.5,720
2024-09-09,42.0,-109.0,180
2024-09-09,42.0,-107.5,90
2024-09-09,42.0,-107.0,90
2024-09-09,42.0,-106.5,180
2024-09-09,42.0,-106.0,90
2024-09-09,42.0,-105.5,90
2024-09-09,42.0,-105.0,450
2024-09-09,42.0,-104.5,900
2024-09-09,42.0,-104.0,180
2024-09-09,42.0,-103.5,270
2024-09-09,42.0,-103.0,90
2024-09-09,42.0,-102.5,180
2024-09-09,42.0,-100.0,90
2024-09-09,42.0,-99.5,450
2024-09-09,42.0,-99.0,180
2024-09-09,42.0,-97.5,180
2024-09-09,42.0,-97.0,90
2024-09-09,42.0,-96.0,180
2024-09-09,42.0,-94.0,90
2024-09-09,42.0,-93.5,180
2024-09-09,42.0,-93.0,270
2024-09-09,42.0,-78.5,90
2024-09-09,42.0,-77.5,180
2024-09-09,42.0,-77.0,90
2024-09-09,42.5,-122.0,90
2024-09-09,42.5,-119.0,90
2024-09-09,42.5,-117.5,90
2024-09-09,42.5,-117.0,90
2024-09-09,42.5,-116.5,270
2024-09-09,42.5,-112.5,90
2024-09-09,42.5,-112.0,270
2024-09-09,42.5,-111.5,360
2024-09-09,42.5,-111.0,360
2024-09-09,42.5,-110.5,180
2024-09-09,42.5,-110.0,540
2024-09-09,42.5,-109.5,450
2024-09-09,42.5,-109.0,360
2024-09-09,42.5,-108.5,180
2024-09-09,42.5,-107.5,180
2024-09-09,42.5,-106.0,180
2024-09-09,42.5,-104.5,360
2024-09-09,42.5,-104.0,540
2024-09-09,42.5,-103.5,450
2024-09-09,42.5,-101.5,90
2024-09-09,42.5,-100.5,180
2024-09-09,42.5,-99.5,90
2024-09-09,42.5,-99.0,360
2024-09-09,42.5,-98.0,360
2024-09-09,42.5,-97.5,810
2024-09-09,42.5,-97.0,450
2024-09-09,42.5,-96.0,270
2024-09-09,42.5,-95.5,90
2024-09-09,42.5,-95.0,90
2024-09-09,42.5,-94.0,90
2024-09-09,42.5,-93.5,90
2024-09-09,42.5,-93.0,270
2024-09-09,42.5,-92.5,90
2024-09-09,42.5,-79.5,450
2024-09-09,42.5,-79.0,180
2024-09-09,42.5,-78.5,90
2024-09-09,42.5,-78.0,180
2024-09-09,42.5,-77.5,90
2024-09-09,42.5,-77.0,270
2024-09-09,42.5,-76.5,180
2024-09-09,43.0,-117.0,90
2024-09-09,43.0,-113.0,90
2024-09-09,43.0,-112.5,360
2024-09-09,43.0,-112.0,810
2024-09-09,43.0,-111.5,540
2024-09-09,43.0,-111.0,270
2024-09-09,43.0,-110.5,360
2024-09-09,43.0,-110.0,180
2024-09-09,43.0,-109.5,90
2024-09-09,43.0,-109.0,90
2024-09-09,43.0,-108.5,450
2024-09-09,43.0,-108.0,180
2024-09-09,43.0,-107.5,180
2024-09-09,43.0,-106.5,90
2024-09-09,43.0,-104.5,900
2024-09-09,43.0,-104.0,2250
2024-09-09,43.0,-103.5,1170
2024-09-09,43.0,-103.0,540
2024-09-09,43.0,-102.5,90
2024-09-09,43.0,-101.0,90
2024-09-09,43.0,-99.5,360
2024-09-09,43.0,-97.5,180
2024-09-09,43.0,-94.0,90
2024-09-09,43.0,-93.5,90
2024-09-09,43.0,-79.5,360
2024-09-09,43.0,-79.0,90
2024-09-09,43.0,-78.0,1170
2024-09-09,43.0,-77.5,450
2024-09-09,43.0,-77.0,270
2024-09-09,43.0,-76.0,90
2024-09-09,43.5,-118.0,90
2024-09-09,43.5,-117.5,180
2024-09-09,43.5,-117.0,90
2024-09-09,43.5,-114.5,90
2024-09-09,43.5,-112.5,180
2024-09-09,43.5,-112.0,90
2024-09-09,43.5,-111.5,270
2024-09-09,43.5,-111.0,90
2024-09-09,43.5,-110.5,360
2024-09-09,43.5,-110.0,180
2024-09-09,43.5,-109.5,180
2024-09-09,43.5,-109.0,450
2024-09-09,43.5,-108.5,270
2024-09-09,43.5,-108.0,180
2024-09-09,43.5,-107.5,180
2024-09-09,43.5,-107.0,90
2024-09-09,43.5,-106.5,270
2024-09-09,43.5,-106.0,90
2024-09-09,43.5,-103.5,1620
2024-09-09,43.5,-103.0,810
2024-09-09,43.5,-102.5,720
2024-09-09,43.5,-102.0,450
2024-09-09,43.5,-101.5,180
2024-09-09,43.5,-101.0,180
2024-09-09,43.5,-100.5,90
2024-09-09,43.5,-100.0,900
2024-09-09,43.5,-99.5,450
2024-09-09,43.5,-97.0,360
2024-09-09,43.5,-81.0,90
2024-09-09,43.5,-80.5,360
2024-09-09,43.5,-77.0,180
2024-09-09,43.5,-76.5,90
2024-09-09,43.5,-76.0,90
2024-09-09,44.0,-123.5,90
2024-09-09,44.0,-118.0,180
2024-09-09,44.0,-112.5,360
2024-09-09,44.0,-112.0,90
2024-09-09,44.0,-110.5,90
2024-09-09,44.0,-110.0,180
2024-09-09,44.0,-109.0,810
2024-09-09,44.0,-108.5,630
2024-09-09,44.0,-108.0,270
2024-09-09,44.0,-107.5,270
2024-09-09,44.0,-107.0,90
2024-09-09,44.0,-106.5,90
2024-09-09,44.0,-106.0,180
2024-09-09,44.0,-104.0,180
2024-09-09,44.0,-103.5,540
2024-09-09,44.0,-103.0,540
2024-09-09,44.0,-102.5,990
2024-09-09,44.0,-102.0,630
2024-09-09,44.0,-101.5,360
2024-09-09,44.0,-101.0,720
2024-09-09,44.0,-100.5,270
2024-09-09,44.0,-100.0,540
2024-09-09,44.0,-99.5,1620
2024-09-09,44.0,-99.0,1260
2024-09-09,44.0,-97.5,180
2024-09-09,44.0,-96.5,90
2024-09-09,44.0,-90.0,90
2024-09-09,44.0,-81.0,720
2024-09-09,44.0,-79.0,90
2024-09-09,44.5,-120.0,90
2024-09-09,44.5,-116.5,90
2024-09-09,44.5,-115.0,180
2024-09-09,44.5,-112.0,90
2024-09-09,44.5,-111.5,270
2024-09-09,44.5,-111.0,360
2024-09-09,44.5,-110.5,180
2024-09-09,44.5,-110.0,180
2024-09-09,44.5,-109.5,90
2024-09-09,44.5,-108.5,630
2024-09-09,44.5,-108.0,180
2024-09-09,44.5,-107.5,450
2024-09-09,44.5,-107.0,90
2024-09-09,44.5,-106.5,90
2024-09-09,44.5,-106.0,270
2024-09-09,44.5,-105.5,90
2024-09-09,44.5,-103.5,90
2024-09-09,44.5,-103.0,540
2024-09-09,44.5,-102.5,630
2024-09-09,44.5,-102.0,450
2024-09-09,44.5,-101.5,180
2024-09-09,44.5,-101.0,360
2024-09-09,44.5,-100.5,900
2024-09-09,44.5,-100.0,180
2024-09-09,44.5,-99.5,180
2024-09-09,44.5,-99.0,450
2024-09-09,44.5,-98.5,630
2024-09-09,44.5,-98.0,270
2024-09-09,44.5,-97.5,270
2024-09-09,44.5,-97.0,90
2024-09-09,44.5,-96.5,180
2024-09-09,44.5,-90.5,90
2024-09-09,44.5,-89.5,90
2024-09-09,44.5,-82.0,90
2024-09-09,44.5,-81.5,180
2024-09-09,44.5,-81.0,90
2024-09-09,45.0,-119.0,90
2024-09-09,45.0,-118.5,90
2024-09-09,45.0,-117.5,90
2024-09-09,45.0,-117.0,180
2024-09-09,45.0,-116.5,90
2024-09-09,45.0,-115.0,90
2024-09-09,45.0,-114.5,180
2024-09-09,45.0,-112.5,90
2024-09-09,45.0,-112.0,180
2024-09-09,45.0,-111.5,180
2024-09-09,45.0,-110.0,180
2024-09-09,45.0,-109.5,90
2024-09-09,45.0,-109.0,90
2024-09-09,45.0,-108.5,180
2024-09-09,45.0,-108.0,1170
2024-09-09,45.0,-107.5,270
2024-09-09,45.0,-107.0,270
2024-09-09,45.0,-106.5,90
2024-09-09,45.0,-106.0,180
2024-09-09,45.0,-103.5,90
2024-09-09,45.0,-103.0,630
2024-09-09,45.0,-102.5,630
2024-09-09,45.0,-102.0,90
2024-09-09,45.0,-101.0,90
2024-09-09,45.0,-100.5,1530
2024-09-09,45.0,-100.0,990
2024-09-09,45.0,-99.5,90
2024-09-09,45.0,-99.0,360
2024-09-09,45.0,-98.5,90
2024-09-09,45.0,-89.0,90
2024-09-09,45.0,-88.0,90
2024-09-09,45.0,-82.0,90
2024-09-09,45.0,-81.0,90
2024-09-09,45.0,-80.5,180
2024-09-09,45.0,-80.0,90
2024-09-09,45.5,-118.0,180
2024-09-09,45.5,-117.5,90
2024-09-09,45.5,-117.0,90
2024-09-09,45.5,-116.5,180
2024-09-09,45.5,-116.0,90
2024-09-09,45.5,-114.5,90
2024-09-09,45.5,-114.0,180
2024-09-09,45.5,-113.5,180
2024-09-09,45.5,-113.0,270
2024-09-09,45.5,-112.5,180
2024-09-09,45.5,-112.0,90
2024-09-09,45.5,-110.5,90
2024-09-09,45.5,-109.5,180
2024-09-09,45.5,-109.0,450
2024-09-09,45.5,-108.5,360
2024-09-09,45.5,-107.5,180
2024-09-09,45.5,-107.0,360
2024-09-09,45.5,-106.0,180
2024-09-09,45.5,-104.0,90
2024-09-09,45.5,-103.0,270
2024-09-09,45.5,-102.5,90
2024-09-09,45.5,-102.0,360
2024-09-09,45.5,-101.5,360
2024-09-09,45.5,-101.0,270
2024-09-09,45.5,-100.5,450
2024-09-09,45.5,-100.0,900
2024-09-09,45.5,-99.5,720
2024-09-09,45.5,-96.5,180
2024-09-09,45.5,-87.5,90
2024-09-09,45.5,-82.5,360
2024-09-09,45.5,-82.0,540
2024-09-09,46.0,-115.5,90
2024-09-09,46.0,-114.0,90
2024-09-09,46.0,-113.0,270
2024-09-09,46.0,-112.5,180
2024-09-09,46.0,-112.0,180
2024-09-09,46.0,-111.5,90
2024-09-09,46.0,-110.5,90
2024-09-09,46.0,-109.0,270
2024-09-09,46.0,-108.0,90
2024-09-09,46.0,-106.0,90
2024-09-09,46.0,-104.5,90
2024-09-09,46.0,-103.5,90
2024-09-09,46.0,-103.0,90
2024-09-09,46.0,-102.5,450
2024-09-09,46.0,-102.0,360
2024-09-09,46.0,-101.5,180
2024-09-09,46.0,-101.0,810
2024-09-09,46.0,-100.5,180
2024-09-09,46.0,-100.0,630
2024-09-09,46.0,-99.5,360
2024-09-09,46.0,-99.0,90
2024-09-09,46.0,-97.0,90
2024-09-09,46.0,-87.0,90
2024-09-09,46.0,-83.0,180
2024-09-09,46.0,-82.0,90
2024-09-09,46.5,-117.0,90
2024-09-09,46.5,-116.5,90
2024-09-09,46.5,-113.0,90
2024-09-09,46.5,-112.5,90
2024-09-09,46.5,-112.0,180
2024-09-09,46.5,-111.0,180
2024-09-09,46.5,-110.5,180
2024-09-09,46.5,-108.0,270
2024-09-09,46.5,-107.5,90
2024-09-09,46.5,-106.5,90
2024-09-09,46.5,-105.5,90
2024-09-09,46.5,-105.0,90
2024-09-09,46.5,-102.5,810
2024-09-09,46.5,-102.0,180
2024-09-09,46.5,-100.0,990
2024-09-09,46.5,-99.5,450
2024-09-09,46.5,-99.0,540
2024-09-09,46.5,-96.5,90
2024-09-09,46.5,-83.0,90
2024-09-09,46.5,-66.5,90
2024-09-09,46.5,-66.0,90
2024-09-09,47.0,-121.5,90
2024-09-09,47.0,-112.5,90
2024-09-09,47.0,-112.0,180
2024-09-09,47.0,-111.5,270
2024-09-09,47.0,-111.0,450
2024-09-09,47.0,-110.5,90
2024-09-09,47.0,-107.5,180
2024-09-09,47.0,-106.5,90
2024-09-09,47.0,-105.5,90
2024-09-09,47.0,-105.0,90
2024-09-09,47.0,-104.5,810
2024-09-09,47.0,-103.0,270
2024-09-09,47.0,-102.5,180
2024-09-09,47.0,-99.5,270
2024-09-09,47.0,-99.0,180
2024-09-09,47.0,-98.5,270
2024-09-09,47.5,-119.0,90
2024-09-09,47.5,-112.0,180
2024-09-09,47.5,-111.0,270
2024-09-09,47.5,-110.5,180
2024-09-09,47.5,-106.5,90
2024-09-09,47.5,-105.5,270
2024-09-09,47.5,-105.0,1170
2024-09-09,47.5,-104.5,720
2024-09-09,47.5,-103.0,360
2024-09-09,47.5,-102.5,990
2024-09-09,47.5,-102.0,90
2024-09-09,47.5,-101.5,180
2024-09-09,47.5,-99.5,270
2024-09-09,47.5,-99.0,810
2024-09-09,47.5,-98.5,180
2024-09-09,48.0,-111.5,90
2024-09-09,48.0,-111.0,90
2024-09-09,48.0,-106.5,90
2024-09-09,48.0,-106.0,180
2024-09-09,48.0,-105.5,360
2024-09-09,48.0,-105.0,270
2024-09-09,48.0,-104.5,90
2024-09-09,48.0,-104.0,270
2024-09-09,48.0,-102.5,720
2024-09-09,48.0,-102.0,360
2024-09-09,48.0,-101.5,90
2024-09-09,48.0,-99.0,360
2024-09-09,48.0,-98.5,270
2024-09-09,48.0,-92.5,90
2024-09-09,48.0,-73.5,90
2024-09-09,48.0,-72.5,180
2024-09-09,48.0,-72.0,180
2024-09-09,48.0,-71.5,90
2024-09-09,48.0,-65.5,360
2024-09-09,48.5,-119.5,180
2024-09-09,48.5,-110.5,90
2024-09-09,48.5,-106.5,90
2024-09-09,48.5,-106.0,90
2024-09-09,48.5,-105.5,180
2024-09-09,48.5,-104.5,90
2024-09-09,48.5,-104.0,360
2024-09-09,48.5,-103.5,450
2024-09-09,48.5,-103.0,180
2024-09-09,48.5,-102.5,360
2024-09-09,48.5,-102.0,540
2024-09-09,48.5,-101.5,180
2024-09-09,48.5,-100.5,90
2024-09-09,48.5,-100.0,90
2024-09-09,48.5,-99.0,270
2024-09-09,48.5,-98.5,450
2024-09-09,48.5,-92.5,90
2024-09-09,48.5,-92.0,270
2024-09-09,49.0,-119.5,180
2024-09-09,49.0,-119.0,90
2024-09-09,49.0,-108.5,180
2024-09-09,49.0,-107.5,90
2024-09-09,49.0,-105.5,90
2024-09-09,49.0,-104.5,180
2024-09-09,49.0,-104.0,1710
2024-09-09,49.0,-103.5,720
2024-09-09,49.0,-103.0,900
2024-09-09,49.0,-102.5,360
2024-09-09,49.0,-102.0,180
2024-09-09,49.0,-101.5,360
2024-09-09,49.0,-101.0,90
2024-09-09,49.0,-100.5,450
2024-09-09,49.0,-100.0,180
2024-09-09,49.0,-99.5,90
2024-09-09,49.0,-98.5,90
2024-09-09,49.0,-91.5,450
2024-09-09,49.5,-119.0,90
2024-09-09,49.5,-108.5,90
2024-09-09,49.5,-106.5,90
2024-09-09,49.5,-105.5,90
2024-09-09,49.5,-105.0,90
2024-09-09,49.5,-104.5,360
2024-09-09,49.5,-103.5,360
2024-09-09,49.5,-103.0,630
2024-09-09,49.5,-102.5,180
2024-09-09,49.5,-102.0,450
2024-09-09,49.5,-101.5,270
2024-09-09,49.5,-101.0,720
2024-09-09,49.5,-100.5,180
2024-09-09,49.5,-100.0,180
2024-09-09,49.5,-99.0,270
2024-09-09,49.5,-98.5,180
2024-09-09,49.5,-96.0,180
2024-09-09,49.5,-66.5,90
2024-09-09,50.0,-118.5,90
2024-09-09,50.0,-115.5,90
2024-09-09,50.0,-115.0,90
2024-09-09,50.0,-110.5,90
2024-09-09,50.0,-106.0,90
2024-09-09,50.0,-105.5,180
2024-09-09,50.0,-104.0,630
2024-09-09,50.0,-103.5,360
2024-09-09,50.0,-103.0,630
2024-09-09,50.0,-102.5,90
2024-09-09,50.0,-101.5,180
2024-09-09,50.0,-101.0,360
2024-09-09,50.0,-100.5,90
2024-09-09,50.0,-100.0,90
2024-09-09,50.0,-99.5,270
2024-09-09,50.0,-99.0,90
2024-09-09,50.0,-98.5,90
2024-09-09,50.0,-96.5,270
2024-09-09,50.0,-96.0,90
2024-09-09,50.0,-95.5,900
2024-09-09,50.0,-95.0,720
2024-09-09,50.0,-94.5,90
2024-09-09,50.0,-94.0,180
2024-09-09,50.0,-90.5,450
2024-09-09,50.0,-70.5,90
2024-09-09,50.0,-70.0,90
2024-09-09,50.0,-65.5,90
2024-09-09,50.5,-117.0,90
2024-09-09,50.5,-110.5,90
2024-09-09,50.5,-108.5,90
2024-09-09,50.5,-108.0,90
2024-09-09,50.5,-105.5,180
2024-09-09,50.5,-105.0,90
2024-09-09,50.5,-104.5,540
2024-09-09,50.5,-104.0,450
2024-09-09,50.5,-101.0,90
2024-09-09,50.5,-100.5,90
2024-09-09,50.5,-99.0,270
2024-09-09,50.5,-98.5,180
2024-09-09,50.5,-98.0,180
2024-09-09,50.5,-96.0,360
2024-09-09,50.5,-95.5,540
2024-09-09,50.5,-95.0,90
2024-09-09,50.5,-94.5,180
2024-09-09,50.5,-94.0,90
2024-09-09,50.5,-93.5,360
2024-09-09,50.5,-93.0,180
2024-09-09,51.0,-121.0,90
2024-09-09,51.0,-112.5,180
2024-09-09,51.0,-112.0,90
2024-09-09,51.0,-107.0,90
2024-09-09,51.0,-104.5,180
2024-09-09,51.0,-104.0,90
2024-09-09,51.0,-100.0,180
2024-09-09,51.0,-98.0,90
2024-09-09,51.0,-95.5,810
2024-09-09,51.0,-95.0,360
2024-09-09,51.0,-92.0,90
2024-09-09,51.0,-86.0,90
2024-09-09,51.0,-85.0,90
2024-09-09,51.0,-84.5,180
2024-09-09,51.0,-69.0,270
2024-09-09,51.0,-68.5,90
2024-09-09,51.5,-112.5,90
2024-09-09,51.5,-108.0,90
2024-09-09,51.5,-100.5,90
2024-09-09,51.5,-99.0,90
2024-09-09,51.5,-95.0,360
2024-09-09,51.5,-94.5,540
2024-09-09,51.5,-93.5,540
2024-09-09,51.5,-91.0,90
2024-09-09,51.5,-90.5,180
2024-09-09,51.5,-85.5,90
2024-09-09,51.5,-85.0,90
2024-09-09,51.5,-84.5,540
2024-09-09,51.5,-84.0,180
2024-09-09,51.5,-70.5,180
2024-09-09,51.5,-69.0,90
2024-09-09,52.0,-110.0,90
2024-09-09,52.0,-109.5,90
2024-09-09,52.0,-108.0,90
2024-09-09,52.0,-105.0,90
2024-09-09,52.0,-94.0,90
2024-09-09,52.0,-93.5,450
2024-09-09,52.0,-92.5,270
2024-09-09,52.0,-92.0,180
2024-09-09,52.0,-91.5,90
2024-09-09,52.0,-91.0,540
2024-09-09,52.0,-90.5,270
2024-09-09,52.0,-90.0,90
2024-09-09,52.0,-86.0,270
2024-09-09,52.0,-85.5,1170
2024-09-09,52.0,-85.0,180
2024-09-09,52.0,-84.5,90
2024-09-09,52.0,-84.0,450
2024-09-09,52.0,-83.5,270
2024-09-09,52.0,-78.5,90
2024-09-09,52.0,-72.0,90
2024-09-09,52.0,-70.0,90
2024-09-09,52.5,-116.5,90
2024-09-09,52.5,-111.5,180
2024-09-09,52.5,-109.5,180
2024-09-09,52.5,-109.0,270
2024-09-09,52.5,-108.5,360
2024-09-09,52.5,-108.0,180
2024-09-09,52.5,-105.0,90
2024-09-09,52.5,-100.0,90
2024-09-09,52.5,-91.5,270
2024-09-09,52.5,-88.5,90
2024-09-09,52.5,-85.5,90
2024-09-09,52.5,-85.0,630
2024-09-09,52.5,-84.5,270
2024-09-09,52.5,-84.0,540
2024-09-09,52.5,-83.5,360
2024-09-09,52.5,-83.0,270
2024-09-09,52.5,-82.5,90
2024-09-09,52.5,-82.0,90
2024-09-09,53.0,-110.0,90
2024-09-09,53.0,-105.0,90
2024-09-09,53.0,-100.0,90
2024-09-09,53.0,-99.5,90
2024-09-09,53.0,-92.0,180
2024-09-09,53.0,-88.5,360
2024-09-09,53.0,-87.5,720
2024-09-09,53.0,-87.0,180
2024-09-09,53.0,-86.5,90
2024-09-09,53.0,-86.0,360
2024-09-09,53.0,-85.5,450
2024-09-09,53.0,-85.0,810
2024-09-09,53.0,-84.5,540
2024-09-09,53.0,-84.0,270
2024-09-09,53.0,-83.5,990
2024-09-09,53.0,-83.0,360
2024-09-09,53.0,-82.5,270
2024-09-09,53.0,-82.0,90
2024-09-09,53.0,-81.5,90
2024-09-09,53.5,-108.5,90
2024-09-09,53.5,-104.5,90
2024-09-09,53.5,-99.0,90
2024-09-09,53.5,-88.5,90
2024-09-09,53.5,-88.0,90
2024-09-09,53.5,-86.5,90
2024-09-09,53.5,-86.0,90
2024-09-09,53.5,-85.5,90
2024-09-09,53.5,-85.0,630
2024-09-09,53.5,-84.5,90
2024-09-09,53.5,-84.0,180
2024-09-09,53.5,-83.5,810
2024-09-09,53.5,-82.0,180
2024-09-09,53.5,-81.5,90
2024-09-09,54.0,-93.5,90
2024-09-09,54.0,-92.5,90
2024-09-09,54.0,-89.0,180
2024-09-09,54.0,-86.0,450
2024-09-09,54.0,-85.5,180
2024-09-09,54.0,-85.0,450
2024-09-09,54.0,-84.5,270
2024-09-09,54.0,-84.0,270
2024-09-09,54.0,-83.5,360
2024-09-09,54.5,-107.0,180
2024-09-09,54.5,-106.0,90
2024-09-09,54.5,-101.5,90
2024-09-09,54.5,-92.5,360
2024-09-09,54.5,-91.5,270
2024-09-09,54.5,-90.0,270
2024-09-09,54.5,-89.5,990
2024-09-09,54.5,-89.0,540
2024-09-09,54.5,-88.5,360
2024-09-09,54.5,-88.0,720
2024-09-09,54.5,-87.5,540
2024-09-09,54.5,-87.0,90
2024-09-09,54.5,-86.5,90
2024-09-09,54.5,-86.0,90
2024-09-09,54.5,-85.5,90
2024-09-09,54.5,-85.0,180
2024-09-09,54.5,-84.0,90
2024-09-16,20.0,-105.5,1800
2024-09-16,20.0,-105.0,1170
2024-09-16,20.0,-104.5,360
2024-09-16,20.0,-104.0,90
2024-09-16,20.0,-103.5,2250
2024-09-16,20.0,-103.0,4500
2024-09-16,20.0,-102.5,2520
2024-09-16,20.0,-102.0,2160
2024-09-16,20.0,-101.5,1800
2024-09-16,20.0,-101.0,1890
2024-09-16,20.0,-100.5,2250
2024-09-16,20.0,-100.0,3960
2024-09-16,20.0,-99.5,720
2024-09-16,20.0,-99.0,1260
2024-09-16,20.0,-98.5,1620
2024-09-16,20.0,-98.0,3600
2024-09-16,20.0,-97.5,1620
2024-09-16,20.0,-96.0,180
2024-09-16,20.0,-93.5,180
2024-09-16,20.0,-92.0,630
2024-09-16,20.0,-91.0,630
2024-09-16,20.0,-90.5,5400
2024-09-16,20.0,-90.0,3060
2024-09-16,20.0,-89.5,3870
2024-09-16,20.0,-89.0,4320
2024-09-16,20.0,-88.5,4410
2024-09-16,20.0,-88.0,2700
2024-09-16,20.0,-87.5,630
2024-09-16,20.0,-87.0,900
2024-09-16,20.0,-86.5,540
2024-09-16,20.0,-86.0,810
2024-09-16,20.0,-85.5,990
2024-09-16,20.0,-85.0,900
2024-09-16,20.0,-84.5,900
2024-09-16,20.0,-84.0,360
2024-09-16,20.0,-83.5,540
2024-09-16,20.0,-83.0,900
2024-09-16,20.0,-82.5,990
2024-09-16,20.0,-82.0,90
2024-09-16,20.0,-81.5,360
2024-09-16,20.0,-81.0,990
2024-09-16,20.0,-80.5,1260
2024-09-16,20.0,-80.0,450
2024-09-16,20.0,-79.5,90
2024-09-16,20.0,-79.0,900
2024-09-16,20.0,-78.5,1530
2024-09-16,20.0,-78.0,3600
2024-09-16,20.0,-77.5,4410
2024-09-16,20.0,-77.0,6120
2024-09-16,20.0,-76.5,1710
2024-09-16,20.0,-76.0,4320
2024-09-16,20.0,-75.5,5670
2024-09-16,20.0,-75.0,4230
2024-09-16,20.0,-74.5,630
2024-09-16,20.0,-74.0,1350
2024-09-16,20.0,-73.5,1890
2024-09-16,20.0,-73.0,1440
2024-09-16,20.0,-72.5,360
2024-09-16,20.0,-72.0,90
2024-09-16,20.0,-71.5,180
2024-09-16,20.5,-104.0,180
2024-09-16,20.5,-103.5,990
2024-09-16,20.5,-103.0,1530
2024-09-16,20.5,-102.5,3060
2024-09-16,20.5,-102.0,2160
2024-09-16,20.5,-101.5,2610
2024-09-16,20.5,-101.0,540
2024-09-16,20.5,-100.5,900
2024-09-16,20.5,-100.0,360
2024-09-16,20.5,-99.5,180
2024-09-16,20.5,-98.5,2610
2024-09-16,20.5,-98.0,5400
2024-09-16,20.5,-97.5,2520
2024-09-16,20.5,-97.0,180
2024-09-16,20.5,-96.5,90
2024-09-16,20.5,-93.0,180
2024-09-16,20.5,-92.0,90
2024-09-16,20.5,-91.0,2250
2024-09-16,20.5,-90.5,3420
2024-09-16,20.5,-90.0,4680
2024-09-16,20.5,-89.5,5760
2024-09-16,20.5,-89.0,3060
2024-09-16,20.5,-88.5,5400
2024-09-16,20.5,-88.0,4050
2024-09-16,20.5,-87.5,4590
2024-09-16,20.5,-87.0,450
2024-09-16,20.5,-86.5,720
2024-09-16,20.5,-86.0,180
2024-09-16,20.5,-85.5,900
2024-09-16,20.5,-85.0,900
2024-09-16,20.5,-84.5,450
2024-09-16,20.5,-84.0,630
2024-09-16,20.5,-83.5,360
2024-09-16,20.5,-83.0,1170
2024-09-16,20.5,-82.5,2880
2024-09-16,20.5,-82.0,1800
2024-09-16,20.5,-81.5,1440
2024-09-16,20.5,-81.0,1890
2024-09-16,20.5,-80.5,720
2024-09-16,20.5,-80.0,1080
2024-09-16,20.5,-79.5,450
2024-09-16,20.5,-79.0,450
2024-09-16,20.5,-78.5,1170
2024-09-16,20.5,-78.0,4140
2024-09-16,20.5,-77.5,9000
2024-09-16,20.5,-77.0,5130
2024-09-16,20.5,-76.5,12510
2024-09-16,20.5,-76.0,7830
2024-09-16,20.5,-75.5,4860
2024-09-16,20.5,-75.0,4500
2024-09-16,20.5,-74.5,450
2024-09-16,20.5,-74.0,1710
2024-09-16,20.5,-73.5,180
2024-09-16,20.5,-72.5,270
2024-09-16,21.0,-104.0,180
2024-09-16,21.0,-103.5,540
2024-09-16,21.0,-103.0,810
2024-09-16,21.0,-102.5,1710
2024-09-16,21.0,-102.0,450
2024-09-16,21.0,-101.5,360
2024-09-16,21.0,-101.0,810
2024-09-16,21.0,-100.5,450
2024-09-16,21.0,-100.0,90
2024-09-16,21.0,-99.5,540
2024-09-16,21.0,-99.0,360
2024-09-16,21.0,-98.5,450
2024-09-16,21.0,-98.0,3870
2024-09-16,21.0,-97.5,180
2024-09-16,21.0,-96.0,90
2024-09-16,21.0,-92.5,180
2024-09-16,21.0,-91.5,630
2024-09-16,21.0,-91.0,90
2024-09-16,21.0,-90.5,720
2024-09-16,21.0,-90.0,990
2024-09-16,21.0,-89.5,1800
2024-09-16,21.0,-89.0,3690
2024-09-16,21.0,-88.5,4500
2024-09-16,21.0,-88.0,6750
2024-09-16,21.0,-87.5,6570
2024-09-16,21.0,-87.0,360
2024-09-16,21.0,-86.5,180
2024-09-16,21.0,-86.0,90
2024-09-16,21.0,-85.5,1890
2024-09-16,21.0,-85.0,1440
2024-09-16,21.0,-84.5,2250
2024-09-16,21.0,-84.0,2160
2024-09-16,21.0,-83.5,450
2024-09-16,21.0,-83.0,900
2024-09-16,21.0,-82.5,1800
2024-09-16,21.0,-82.0,1260
2024-09-16,21.0,-81.5,2880
2024-09-16,21.0,-81.0,2880
2024-09-16,21.0,-80.5,1260
2024-09-16,21.0,-80.0,990
2024-09-16,21.0,-79.5,450
2024-09-16,21.0,-79.0,2970
2024-09-16,21.0,-78.5,9180
2024-09-16,21.0,-78.0,11970
2024-09-16,21.0,-77.5,6390
2024-09-16,21.0,-77.0,4050
2024-09-16,21.0,-76.5,5490
2024-09-16,21.0,-76.0,2700
2024-09-16,21.0,-75.5,1800
2024-09-16,21.0,-75.0,2160
2024-09-16,21.0,-74.5,1530
2024-09-16,21.0,-74.0,1260
2024-09-16,21.0,-73.5,3150
2024-09-16,21.5,-103.0,720
2024-09-16,21.5,-102.5,630
2024-09-16,21.5,-102.0,630
2024-09-16,21.5,-101.5,1350
2024-09-16,21.5,-101.0,900
2024-09-16,21.5,-100.5,180
2024-09-16,21.5,-100.0,180
2024-09-16,21.5,-99.5,270
2024-09-16,21.5,-99.0,720
2024-09-16,21.5,-98.5,900
2024-09-16,21.5,-98.0,540
2024-09-16,21.5,-95.5,90
2024-09-16,21.5,-95.0,270
2024-09-16,21.5,-94.5,90
2024-09-16,21.5,-92.0,270
2024-09-16,21.5,-91.0,180
2024-09-16,21.5,-90.0,90
2024-09-16,21.5,-89.5,90
2024-09-16,21.5,-88.5,270
2024-09-16,21.5,-88.0,180
2024-09-16,21.5,-87.5,180
2024-09-16,21.5,-87.0,180
2024-09-16,21.5,-86.5,810
2024-09-16,21.5,-86.0,1170
2024-09-16,21.5,-85.5,900
2024-09-16,21.5,-85.0,2610
2024-09-16,21.5,-84.5,2880
2024-09-16,21.5,-84.0,990
2024-09-16,21.5,-83.5,4320
2024-09-16,21.5,-83.0,7740
2024-09-16,21.5,-82.5,4590
2024-09-16,21.5,-82.0,630
2024-09-16,21.5,-81.5,1890
2024-09-16,21.5,-81.0,450
2024-09-16,21.5,-80.5,1980
2024-09-16,21.5,-80.0,3240
2024-09-16,21.5,-79.5,6120
2024-09-16,21.5,-79.0,11880
2024-09-16,21.5,-78.5,11520
2024-09-16,21.5,-78.0,10800
2024-09-16,21.5,-77.5,4590
2024-09-16,21.5,-77.0,2880
2024-09-16,21.5,-76.5,1080
2024-09-16,21.5,-76.0,2700
2024-09-16,21.5,-75.5,1260
2024-09-16,21.5,-75.0,720
2024-09-16,21.5,-74.5,1980
2024-09-16,21.5,-74.0,720
2024-09-16,21.5,-73.5,180
2024-09-16,21.5,-73.0,90
2024-09-16,22.0,-105.0,180
2024-09-16,22.0,-104.5,540
2024-09-16,22.0,-104.0,1440
2024-09-16,22.0,-103.5,540
2024-09-16,22.0,-103.0,270
2024-09-16,22.0,-102.5,360
2024-09-16,22.0,-102.0,1440
2024-09-16,22.0,-101.5,630
2024-09-16,22.0,-101.0,900
2024-09-16,22.0,-100.5,540
2024-09-16,22.0,-99.5,270
2024-09-16,22.0,-99.0,810
2024-09-16,22.0,-98.5,540
2024-09-16,22.0,-98.0,630
2024-09-16,22.0,-97.5,90
2024-09-16,22.0,-97.0,270
2024-09-16,22.0,-96.0,270
2024-09-16,22.0,-95.5,450
2024-09-16,22.0,-95.0,360
2024-09-16,22.0,-92.0,270
2024-09-16,22.0,-91.0,270
2024-09-16,22.0,-89.5,360
2024-09-16,22.0,-87.0,540
2024-09-16,22.0,-86.5,810
2024-09-16,22.0,-86.0,1620
2024-09-16,22.0,-85.5,540
2024-09-16,22.0,-85.0,1980
2024-09-16,22.0,-84.5,6480
2024-09-16,22.0,-84.0,7020
2024-09-16,22.0,-83.5,4500
2024-09-16,22.0,-83.0,6840
2024-09-16,22.0,-82.5,3600
2024-09-16,22.0,-82.0,5220
2024-09-16,22.0,-81.5,4500
2024-09-16,22.0,-81.0,7110
2024-09-16,22.0,-80.5,7470
2024-09-16,22.0,-80.0,6480
2024-09-16,22.0,-79.5,8910
2024-09-16,22.0,-79.0,6120
2024-09-16,22.0,-78.5,3510
2024-09-16,22.0,-78.0,1620
2024-09-16,22.0,-77.5,3330
2024-09-16,22.0,-77.0,450
2024-09-16,22.0,-76.5,810
2024-09-16,22.0,-76.0,720
2024-09-16,22.0,-75.5,360
2024-09-16,22.0,-75.0,810
2024-09-16,22.0,-74.5,540
2024-09-16,22.0,-74.0,1980
2024-09-16,22.0,-73.5,630
2024-09-16,22.0,-73.0,720
2024-09-16,22.0,-72.5,90
2024-09-16,22.5,-105.5,90
2024-09-16,22.5,-105.0,180
2024-09-16,22.5,-104.5,1620
2024-09-16,22.5,-104.0,900
2024-09-16,22.5,-103.5,360
2024-09-16,22.5,-103.0,180
2024-09-16,22.5,-102.5,540
2024-09-16,22.5,-102.0,270
2024-09-16,22.5,-101.5,270
2024-09-16,22.5,-101.0,180
2024-09-16,22.5,-100.5,450
2024-09-16,22.5,-100.0,90
2024-09-16,22.5,-99.5,2430
2024-09-16,22.5,-99.0,90
2024-09-16,22.5,-98.5,90
2024-09-16,22.5,-98.0,90
2024-09-16,22.5,-97.5,90
2024-09-16,22.5,-96.0,90
2024-09-16,22.5,-95.5,90
2024-09-16,22.5,-95.0,90
2024-09-16,22.5,-94.5,90
2024-09-16,22.5,-94.0,540
2024-09-16,22.5,-93.5,180
2024-09-16,22.5,-93.0,630
2024-09-16,22.5,-92.5,90
2024-09-16,22.5,-92.0,90
2024-09-16,22.5,-91.5,90
2024-09-16,22.5,-91.0,90
2024-09-16,22.5,-90.0,270
2024-09-16,22.5,-89.5,90
2024-09-16,22.5,-88.5,90
2024-09-16,22.5,-87.5,90
2024-09-16,22.5,-87.0,450
2024-09-16,22.5,-86.5,90
2024-09-16,22.5,-86.0,540
2024-09-16,22.5,-85.5,630
2024-09-16,22.5,-85.0,360
2024-09-16,22.5,-84.5,990
2024-09-16,22.5,-84.0,8550
2024-09-16,22.5,-83.5,9720
2024-09-16,22.5,-83.0,8280
2024-09-16,22.5,-82.5,7560
2024-09-16,22.5,-82.0,4950
2024-09-16,22.5,-81.5,4050
2024-09-16,22.5,-81.0,6390
2024-09-16,22.5,-80.5,9000
2024-09-16,22.5,-80.0,5490
2024-09-16,22.5,-79.5,3060
2024-09-16,22.5,-79.0,1350
2024-09-16,22.5,-78.5,180
2024-09-16,22.5,-78.0,1800
2024-09-16,22.5,-77.5,1440
2024-09-16,22.5,-77.0,1080
2024-09-16,22.5,-76.5,90
2024-09-16,22.5,-76.0,270
2024-09-16,22.5,-75.5,180
2024-09-16,22.5,-75.0,630
2024-09-16,22.5,-74.5,1080
2024-09-16,22.5,-74.0,1080
2024-09-16,22.5,-73.5,2880
2024-09-16,22.5,-73.0,990
2024-09-16,22.5,-72.5,360
2024-09-16,22.5,-72.0,990
2024-09-16,23.0,-105.5,180
2024-09-16,23.0,-105.0,1080
2024-09-16,23.0,-104.5,720
2024-09-16,23.0,-104.0,90
2024-09-16,23.0,-103.5,90
2024-09-16,23.0,-102.5,270
2024-09-16,23.0,-102.0,180
2024-09-16,23.0,-101.5,180
2024-09-16,23.0,-101.0,180
2024-09-16,23.0,-100.5,360
2024-09-16,23.0,-100.0,180
2024-09-16,23.0,-99.5,90
2024-09-16,23.0,-98.5,270
2024-09-16,23.0,-97.5,90
2024-09-16,23.0,-97.0,180
2024-09-16,23.0,-94.5,360
2024-09-16,23.0,-94.0,180
2024-09-16,23.0,-93.5,90
2024-09-16,23.0,-93.0,270
2024-09-16,23.0,-92.5,180
2024-09-16,23.0,-92.0,90
2024-09-16,23.0,-91.5,360
2024-09-16,23.0,-90.5,450
2024-09-16,23.0,-90.0,180
2024-09-16,23.0,-89.0,180
2024-09-16,23.0,-88.5,540
2024-09-16,23.0,-87.5,90
2024-09-16,23.0,-87.0,270
2024-09-16,23.0,-86.5,450
2024-09-16,23.0,-86.0,990
2024-09-16,23.0,-85.5,450
2024-09-16,23.0,-85.0,450
2024-09-16,23.0,-84.5,270
2024-09-16,23.0,-84.0,1080
2024-09-16,23.0,-83.5,2160
2024-09-16,23.0,-83.0,5220
2024-09-16,23.0,-82.5,2700
2024-09-16,23.0,-82.0,2610
2024-09-16,23.0,-81.5,3960
2024-09-16,23.0,-81.0,3690
2024-09-16,23.0,-80.5,2790
2024-09-16,23.0,-80.0,1980
2024-09-16,23.0,-79.5,360
2024-09-16,23.0,-79.0,270
2024-09-16,23.0,-78.5,1530
2024-09-16,23.0,-78.0,2160
2024-09-16,23.0,-77.5,1260
2024-09-16,23.0,-77.0,810
2024-09-16,23.0,-76.5,720
2024-09-16,23.0,-76.0,720
2024-09-16,23.0,-75.5,270
2024-09-16,23.0,-75.0,360
2024-09-16,23.0,-74.5,180
2024-09-16,23.0,-74.0,1440
2024-09-16,23.0,-73.5,1260
2024-09-16,23.0,-73.0,720
2024-09-16,23.0,-72.5,270
2024-09-16,23.0,-72.0,90
2024-09-16,23.0,-71.5,90
2024-09-16,23.0,-67.0,180
2024-09-16,23.5,-106.0,90
2024-09-16,23.5,-105.5,900
2024-09-16,23.5,-105.0,540
2024-09-16,23.5,-104.5,270
2024-09-16,23.5,-103.5,90
2024-09-16,23.5,-103.0,90
2024-09-16,23.5,-101.5,270
2024-09-16,23.5,-101.0,90
2024-09-16,23.5,-100.0,90
2024-09-16,23.5,-99.0,90
2024-09-16,23.5,-97.0,90
2024-09-16,23.5,-96.0,90
2024-09-16,23.5,-95.0,90
2024-09-16,23.5,-94.5,180
2024-09-16,23.5,-92.0,720
2024-09-16,23.5,-91.0,90
2024-09-16,23.5,-90.5,180
2024-09-16,23.5,-90.0,90
2024-09-16,23.5,-89.0,90
2024-09-16,23.5,-88.5,450
2024-09-16,23.5,-87.5,90
2024-09-16,23.5,-87.0,180
2024-09-16,23.5,-86.5,450
2024-09-16,23.5,-86.0,1620
2024-09-16,23.5,-85.5,450
2024-09-16,23.5,-85.0,360
2024-09-16,23.5,-84.5,90
2024-09-16,23.5,-84.0,540
2024-09-16,23.5,-83.5,720
2024-09-16,23.5,-83.0,3510
2024-09-16,23.5,-82.5,630
2024-09-16,23.5,-82.0,360
2024-09-16,23.5,-81.5,720
2024-09-16,23.5,-81.0,990
2024-09-16,23.5,-80.5,810
2024-09-16,23.5,-80.0,810
2024-09-16,23.5,-79.5,720
2024-09-16,23.5,-79.0,270
2024-09-16,23.5,-78.5,900
2024-09-16,23.5,-78.0,1710
2024-09-16,23.5,-77.5,360
2024-09-16,23.5,-77.0,990
2024-09-16,23.5,-76.5,810
2024-09-16,23.5,-76.0,720
2024-09-16,23.5,-75.5,360
2024-09-16,23.5,-74.5,90
2024-09-16,23.5,-74.0,180
2024-09-16,23.5,-73.5,180
2024-09-16,23.5,-73.0,360
2024-09-16,23.5,-72.5,90
2024-09-16,23.5,-70.5,90
2024-09-16,23.5,-67.5,90
2024-09-16,24.0,-106.0,720
2024-09-16,24.0,-105.5,270
2024-09-16,24.0,-105.0,270
2024-09-16,24.0,-104.5,90
2024-09-16,24.0,-104.0,90
2024-09-16,24.0,-101.5,180
2024-09-16,24.0,-101.0,450
2024-09-16,24.0,-100.5,540
2024-09-16,24.0,-100.0,1080
2024-09-16,24.0,-99.5,2070
2024-09-16,24.0,-98.0,180
2024-09-16,24.0,-96.5,180
2024-09-16,24.0,-96.0,90
2024-09-16,24.0,-95.5,180
2024-09-16,24.0,-92.0,270
2024-09-16,24.0,-91.5,90
2024-09-16,24.0,-91.0,90
2024-09-16,24.0,-89.5,180
2024-09-16,24.0,-89.0,90
2024-09-16,24.0,-88.5,1440
2024-09-16,24.0,-88.0,900
2024-09-16,24.0,-87.5,270
2024-09-16,24.0,-87.0,270
2024-09-16,24.0,-86.5,180
2024-09-16,24.0,-86.0,990
2024-09-16,24.0,-85.5,1530
2024-09-16,24.0,-85.0,1980
2024-09-16,24.0,-84.5,1260
2024-09-16,24.0,-84.0,1710
2024-09-16,24.0,-83.5,2070
2024-09-16,24.0,-83.0,2250
2024-09-16,24.0,-82.5,1350
2024-09-16,24.0,-82.0,900
2024-09-16,24.0,-81.5,810
2024-09-16,24.0,-81.0,720
2024-09-16,24.0,-80.0,90
2024-09-16,24.0,-79.5,90
2024-09-16,24.0,-79.0,180
2024-09-16,24.0,-78.5,270
2024-09-16,24.0,-78.0,2880
2024-09-16,24.0,-77.5,810
2024-09-16,24.0,-77.0,1350
2024-09-16,24.0,-76.5,1260
2024-09-16,24.0,-76.0,900
2024-09-16,24.0,-75.5,360
2024-09-16,24.0,-75.0,180
2024-09-16,24.0,-74.5,180
2024-09-16,24.0,-74.0,360
2024-09-16,24.0,-73.5,90
2024-09-16,24.0,-73.0,90
2024-09-16,24.0,-72.5,90
2024-09-16,24.0,-72.0,90
2024-09-16,24.0,-71.5,270
2024-09-16,24.0,-71.0,90
2024-09-16,24.0,-70.5,180
2024-09-16,24.0,-68.5,180
2024-09-16,24.5,-106.0,1440
2024-09-16,24.5,-104.5,90
2024-09-16,24.5,-100.0,180
2024-09-16,24.5,-99.5,540
2024-09-16,24.5,-99.0,90
2024-09-16,24.5,-98.5,450
2024-09-16,24.5,-98.0,540
2024-09-16,24.5,-97.0,270
2024-09-16,24.5,-89.5,90
2024-09-16,24.5,-88.5,270
2024-09-16,24.5,-88.0,180
2024-09-16,24.5,-87.5,810
2024-09-16,24.5,-87.0,720
2024-09-16,24.5,-86.5,630
2024-09-16,24.5,-86.0,720
2024-09-16,24.5,-85.5,180
2024-09-16,24.5,-85.0,360
2024-09-16,24.5,-84.5,90
2024-09-16,24.5,-84.0,3060
2024-09-16,24.5,-83.5,2340
2024-09-16,24.5,-83.0,6030
2024-09-16,24.5,-82.5,2790
2024-09-16,24.5,-82.0,2520
2024-09-16,24.5,-81.5,2970
2024-09-16,24.5,-81.0,1440
2024-09-16,24.5,-80.5,720
2024-09-16,24.5,-80.0,180
2024-09-16,24.5,-79.5,450
2024-09-16,24.5,-79.0,1890
2024-09-16,24.5,-78.5,1980
2024-09-16,24.5,-78.0,2790
2024-09-16,24.5,-77.5,1440
2024-09-16,24.5,-77.0,450
2024-09-16,24.5,-76.5,1080
2024-09-16,24.5,-76.0,1260
2024-09-16,24.5,-75.5,180
2024-09-16,24.5,-75.0,180
2024-09-16,24.5,-74.5,270
2024-09-16,24.5,-74.0,270
2024-09-16,24.5,-73.0,450
2024-09-16,24.5,-72.5,810
2024-09-16,24.5,-72.0,360
2024-09-16,24.5,-71.5,900
2024-09-16,24.5,-71.0,90
2024-09-16,24.5,-69.5,180
2024-09-16,24.5,-68.5,90
2024-09-16,25.0,-107.0,90
2024-09-16,25.0,-106.5,360
2024-09-16,25.0,-106.0,540
2024-09-16,25.0,-105.5,180
2024-09-16,25.0,-105.0,180
2024-09-16,25.0,-100.0,180
2024-09-16,25.0,-99.5,900
2024-09-16,25.0,-99.0,270
2024-09-16,25.0,-98.5,2250
2024-09-16,25.0,-98.0,540
2024-09-16,25.0,-88.5,180
2024-09-16,25.0,-88.0,90
2024-09-16,25.0,-87.5,450
2024-09-16,25.0,-87.0,180
2024-09-16,25.0,-86.5,90
2024-09-16,25.0,-86.0,180
2024-09-16,25.0,-84.5,360
2024-09-16,25.0,-84.0,2250
2024-09-16,25.0,-83.5,630
2024-09-16,25.0,-83.0,1530
2024-09-16,25.0,-82.5,2160
2024-09-16,25.0,-82.0,4860
2024-09-16,25.0,-81.5,2790
2024-09-16,25.0,-81.0,5580
2024-09-16,25.0,-80.5,4590
2024-09-16,25.0,-80.0,630
2024-09-16,25.0,-79.5,2520
2024-09-16,25.0,-79.0,810
2024-09-16,25.0,-78.5,1080
2024-09-16,25.0,-78.0,1260
2024-09-16,25.0,-77.5,1260
2024-09-16,25.0,-77.0,810
2024-09-16,25.0,-76.5,90
2024-09-16,25.0,-76.0,90
2024-09-16,25.0,-75.5,360
2024-09-16,25.0,-75.0,180
2024-09-16,25.0,-74.5,360
2024-09-16,25.0,-74.0,180
2024-09-16,25.0,-73.5,180
2024-09-16,25.0,-73.0,90
2024-09-16,25.0,-72.5,360
2024-09-16,25.0,-72.0,180
2024-09-16,25.0,-71.5,180
2024-09-16,25.0,-71.0,360
2024-09-16,25.0,-70.5,540
2024-09-16,25.0,-69.5,270
2024-09-16,25.0,-69.0,180
2024-09-16,25.0,-68.5,990
2024-09-16,25.0,-66.5,90
2024-09-16,25.5,-107.0,90
2024-09-16,25.5,-106.5,1800
2024-09-16,25.5,-106.0,270
2024-09-16,25.5,-97.5,270
2024-09-16,25.5,-97.0,180
2024-09-16,25.5,-96.0,90
2024-09-16,25.5,-90.0,90
2024-09-16,25.5,-89.0,90
2024-09-16,25.5,-88.5,90
2024-09-16,25.5,-88.0,810
2024-09-16,25.5,-87.0,270
2024-09-16,25.5,-86.5,90
2024-09-16,25.5,-85.0,90
2024-09-16,25.5,-84.5,180
2024-09-16,25.5,-84.0,1170
2024-09-16,25.5,-83.5,1620
2024-09-16,25.5,-83.0,450
2024-09-16,25.5,-82.5,990
2024-09-16,25.5,-82.0,2340
2024-09-16,25.5,-81.5,1980
2024-09-16,25.5,-81.0,2430
2024-09-16,25.5,-80.5,6480
2024-09-16,25.5,-80.0,2970
2024-09-16,25.5,-79.5,1890
2024-09-16,25.5,-79.0,810
2024-09-16,25.5,-78.5,900
2024-09-16,25.5,-78.0,360
2024-09-16,25.5,-77.5,1260
2024-09-16,25.5,-77.0,360
2024-09-16,25.5,-76.5,180
2024-09-16,25.5,-76.0,540
2024-09-16,25.5,-75.5,270
2024-09-16,25.5,-75.0,270
2024-09-16,25.5,-74.5,720
2024-09-16,25.5,-74.0,90
2024-09-16,25.5,-73.5,360
2024-09-16,25.5,-73.0,630
2024-09-16,25.5,-72.5,90
2024-09-16,25.5,-72.0,360
2024-09-16,25.5,-71.5,270
2024-09-16,25.5,-71.0,450
2024-09-16,25.5,-70.0,180
2024-09-16,25.5,-69.5,180
2024-09-16,25.5,-69.0,360
2024-09-16,25.5,-68.5,180
2024-09-16,25.5,-67.5,180
2024-09-16,25.5,-67.0,180
2024-09-16,26.0,-107.0,810
2024-09-16,26.0,-106.5,1440
2024-09-16,26.0,-106.0,270
2024-09-16,26.0,-89.0,270
2024-09-16,26.0,-87.0,90
2024-09-16,26.0,-86.5,180
2024-09-16,26.0,-86.0,360
2024-09-16,26.0,-85.5,540
2024-09-16,26.0,-84.5,360
2024-09-16,26.0,-83.5,90
2024-09-16,26.0,-83.0,180
2024-09-16,26.0,-82.5,540
2024-09-16,26.0,-82.0,720
2024-09-16,26.0,-81.5,2070
2024-09-16,26.0,-81.0,3510
2024-09-16,26.0,-80.5,10800
2024-09-16,26.0,-80.0,1350
2024-09-16,26.0,-79.5,5130
2024-09-16,26.0,-79.0,1620
2024-09-16,26.0,-78.5,540
2024-09-16,26.0,-78.0,1710
2024-09-16,26.0,-77.5,1440
2024-09-16,26.0,-77.0,1530
2024-09-16,26.0,-76.5,90
2024-09-16,26.0,-76.0,270
2024-09-16,26.0,-75.5,180
2024-09-16,26.0,-75.0,540
2024-09-16,26.0,-74.5,630
2024-09-16,26.0,-74.0,270
2024-09-16,26.0,-73.5,180
2024-09-16,26.0,-73.0,450
2024-09-16,26.0,-72.5,360
2024-09-16,26.0,-72.0,90
2024-09-16,26.0,-71.5,90
2024-09-16,26.0,-71.0,90
2024-09-16,26.0,-70.5,90
2024-09-16,26.0,-68.0,90
2024-09-16,26.5,-107.0,630
2024-09-16,26.5,-106.5,630
2024-09-16,26.5,-106.0,90
2024-09-16,26.5,-88.0,90
2024-09-16,26.5,-86.5,90
2024-09-16,26.5,-86.0,90
2024-09-16,26.5,-84.0,90
2024-09-16,26.5,-83.5,90
2024-09-16,26.5,-83.0,540
2024-09-16,26.5,-82.5,2430
2024-09-16,26.5,-82.0,1170
2024-09-16,26.5,-81.5,1350
2024-09-16,26.5,-81.0,2430
2024-09-16,26.5,-80.5,5940
2024-09-16,26.5,-80.0,1890
2024-09-16,26.5,-79.5,450
2024-09-16,26.5,-79.0,1080
2024-09-16,26.5,-78.5,1890
2024-09-16,26.5,-78.0,2250
2024-09-16,26.5,-77.5,3150
2024-09-16,26.5,-77.0,1710
2024-09-16,26.5,-76.5,360
2024-09-16,26.5,-76.0,450
2024-09-16,26.5,-75.5,270
2024-09-16,26.5,-75.0,360
2024-09-16,26.5,-74.0,360
2024-09-16,26.5,-73.5,90
2024-09-16,26.5,-73.0,360
2024-09-16,26.5,-72.5,540
2024-09-16,26.5,-72.0,270
2024-09-16,26.5,-71.5,450
2024-09-16,26.5,-71.0,450
2024-09-16,26.5,-70.5,450
2024-09-16,26.5,-69.5,540
2024-09-16,26.5,-69.0,540
2024-09-16,26.5,-68.5,90
2024-09-16,27.0,-107.0,90
2024-09-16,27.0,-106.5,720
2024-09-16,27.0,-106.0,270
2024-09-16,27.0,-105.5,900
2024-09-16,27.0,-98.0,90
2024-09-16,27.0,-88.5,450
2024-09-16,27.0,-87.0,270
2024-09-16,27.0,-86.5,90
2024-09-16,27.0,-86.0,90
2024-09-16,27.0,-84.5,180
2024-09-16,27.0,-84.0,180
2024-09-16,27.0,-83.0,180
2024-09-16,27.0,-82.5,180
2024-09-16,27.0,-82.0,3150
2024-09-16,27.0,-81.5,3330
2024-09-16,27.0,-81.0,4770
2024-09-16,27.0,-80.5,3690
2024-09-16,27.0,-80.0,2790
2024-09-16,27.0,-79.5,900
2024-09-16,27.0,-79.0,1890
2024-09-16,27.0,-78.5,450
2024-09-16,27.0,-78.0,1170
2024-09-16,27.0,-77.5,1080
2024-09-16,27.0,-77.0,90
2024-09-16,27.0,-76.5,810
2024-09-16,27.0,-76.0,810
2024-09-16,27.0,-75.5,540
2024-09-16,27.0,-75.0,450
2024-09-16,27.0,-74.5,90
2024-09-16,27.0,-74.0,90
2024-09-16,27.0,-72.5,270
2024-09-16,27.0,-72.0,270
2024-09-16,27.0,-71.5,990
2024-09-16,27.0,-71.0,900
2024-09-16,27.0,-70.5,900
2024-09-16,27.0,-70.0,450
2024-09-16,27.0,-69.5,1080
2024-09-16,27.0,-69.0,90
2024-09-16,27.0,-68.5,180
2024-09-16,27.0,-66.0,90
2024-09-16,27.5,-87.0,90
2024-09-16,27.5,-86.0,90
2024-09-16,27.5,-85.0,540
2024-09-16,27.5,-82.5,270
2024-09-16,27.5,-82.0,450
2024-09-16,27.5,-81.5,1530
2024-09-16,27.5,-81.0,3780
2024-09-16,27.5,-80.5,7920
2024-09-16,27.5,-80.0,1260
2024-09-16,27.5,-79.5,1350
2024-09-16,27.5,-79.0,1530
2024-09-16,27.5,-78.5,2250
2024-09-16,27.5,-78.0,1620
2024-09-16,27.5,-77.5,3510
2024-09-16,27.5,-77.0,270
2024-09-16,27.5,-76.5,180
2024-09-16,27.5,-76.0,450
2024-09-16,27.5,-75.5,540
2024-09-16,27.5,-75.0,720
2024-09-16,27.5,-74.5,450
2024-09-16,27.5,-74.0,180
2024-09-16,27.5,-73.5,180
2024-09-16,27.5,-72.5,180
2024-09-16,27.5,-72.0,360
2024-09-16,27.5,-71.5,900
2024-09-16,27.5,-71.0,450
2024-09-16,27.5,-70.5,90
2024-09-16,27.5,-70.0,360
2024-09-16,27.5,-69.5,180
2024-09-16,27.5,-69.0,90
2024-09-16,27.5,-66.5,90
2024-09-16,28.0,-111.0,90
2024-09-16,28.0,-104.0,90
2024-09-16,28.0,-103.5,180
2024-09-16,28.0,-103.0,360
2024-09-16,28.0,-86.5,540
2024-09-16,28.0,-86.0,450
2024-09-16,28.0,-85.5,2070
2024-09-16,28.0,-85.0,270
2024-09-16,28.0,-84.5,270
2024-09-16,28.0,-84.0,180
2024-09-16,28.0,-83.5,90
2024-09-16,28.0,-82.5,900
2024-09-16,28.0,-82.0,1080
2024-09-16,28.0,-81.5,810
2024-09-16,28.0,-81.0,1980
2024-09-16,28.0,-80.5,4860
2024-09-16,28.0,-80.0,3690
2024-09-16,28.0,-79.5,360
2024-09-16,28.0,-79.0,630
2024-09-16,28.0,-78.5,2430
2024-09-16,28.0,-78.0,1260
2024-09-16,28.0,-77.5,2070
2024-09-16,28.0,-77.0,630
2024-09-16,28.0,-76.5,270
2024-09-16,28.0,-76.0,900
2024-09-16,28.0,-75.5,720
2024-09-16,28.0,-75.0,1260
2024-09-16,28.0,-74.5,450
2024-09-16,28.0,-74.0,180
2024-09-16,28.0,-73.5,360
2024-09-16,28.0,-73.0,90
2024-09-16,28.0,-71.5,270
2024-09-16,28.0,-71.0,270
2024-09-16,28.0,-70.5,180
2024-09-16,28.0,-70.0,360
2024-09-16,28.0,-69.5,180
2024-09-16,28.0,-68.5,90
2024-09-16,28.0,-67.5,90
2024-09-16,28.0,-66.5,90
2024-09-16,28.0,-66.0,270
2024-09-16,28.5,-106.5,90
2024-09-16,28.5,-106.0,90
2024-09-16,28.5,-104.0,450
2024-09-16,28.5,-103.0,360
2024-09-16,28.5,-102.5,90
2024-09-16,28.5,-90.0,270
2024-09-16,28.5,-89.5,90
2024-09-16,28.5,-87.5,90
2024-09-16,28.5,-87.0,2070
2024-09-16,28.5,-86.5,1890
2024-09-16,28.5,-86.0,450
2024-09-16,28.5,-85.5,90
2024-09-16,28.5,-85.0,90
2024-09-16,28.5,-84.5,90
2024-09-16,28.5,-83.5,90
2024-09-16,28.5,-81.5,360
2024-09-16,28.5,-81.0,5040
2024-09-16,28.5,-80.5,2430
2024-09-16,28.5,-80.0,2340
2024-09-16,28.5,-79.5,2880
2024-09-16,28.5,-79.0,1080
2024-09-16,28.5,-78.5,1350
2024-09-16,28.5,-78.0,1440
2024-09-16,28.5,-77.5,1170
2024-09-16,28.5,-77.0,1440
2024-09-16,28.5,-76.5,1530
2024-09-16,28.5,-76.0,1350
2024-09-16,28.5,-75.5,630
2024-09-16,28.5,-75.0,270
2024-09-16,28.5,-74.5,540
2024-09-16,28.5,-74.0,630
2024-09-16,28.5,-73.5,180
2024-09-16,28.5,-73.0,450
2024-09-16,28.5,-72.5,360
2024-09-16,28.5,-72.0,270
2024-09-16,28.5,-71.5,90
2024-09-16,28.5,-71.0,180
2024-09-16,28.5,-70.5,90
2024-09-16,28.5,-70.0,360
2024-09-16,28.5,-69.0,180
2024-09-16,28.5,-67.0,180
2024-09-16,28.5,-66.5,90
2024-09-16,28.5,-66.0,90
2024-09-16,29.0,-106.5,630
2024-09-16,29.0,-106.0,360
2024-09-16,29.0,-103.5,180
2024-09-16,29.0,-103.0,540
2024-09-16,29.0,-102.5,1170
2024-09-16,29.0,-92.5,270
2024-09-16,29.0,-90.5,270
2024-09-16,29.0,-90.0,900
2024-09-16,29.0,-89.5,2160
2024-09-16,29.0,-88.5,810
2024-09-16,29.0,-87.0,810
2024-09-16,29.0,-86.5,4590
2024-09-16,29.0,-86.0,450
2024-09-16,29.0,-85.5,540
2024-09-16,29.0,-85.0,90
2024-09-16,29.0,-84.5,180
2024-09-16,29.0,-84.0,90
2024-09-16,29.0,-83.0,90
2024-09-16,29.0,-82.0,90
2024-09-16,29.0,-81.5,2970
2024-09-16,29.0,-81.0,900
2024-09-16,29.0,-80.5,630
2024-09-16,29.0,-80.0,810
2024-09-16,29.0,-79.5,630
2024-09-16,29.0,-79.0,2340
2024-09-16,29.0,-78.5,3330
2024-09-16,29.0,-78.0,900
2024-09-16,29.0,-77.5,720
2024-09-16,29.0,-77.0,900
2024-09-16,29.0,-76.5,630
2024-09-16,29.0,-76.0,1890
2024-09-16,29.0,-75.5,1170
2024-09-16,29.0,-75.0,810
2024-09-16,29.0,-74.5,1170
2024-09-16,29.0,-74.0,630
2024-09-16,29.0,-73.5,810
2024-09-16,29.0,-73.0,900
2024-09-16,29.0,-72.5,720
2024-09-16,29.0,-72.0,810
2024-09-16,29.0,-71.5,540
2024-09-16,29.0,-71.0,270
2024-09-16,29.0,-70.0,270
2024-09-16,29.0,-69.5,90
2024-09-16,29.0,-69.0,90
2024-09-16,29.0,-68.5,90
2024-09-16,29.0,-68.0,90
2024-09-16,29.0,-66.0,90
2024-09-16,29.0,-65.5,180
2024-09-16,29.5,-108.0,180
2024-09-16,29.5,-107.5,90
2024-09-16,29.5,-106.0,90
2024-09-16,29.5,-104.0,90
2024-09-16,29.5,-103.5,90
2024-09-16,29.5,-103.0,1170
2024-09-16,29.5,-102.5,720
2024-09-16,29.5,-94.5,360
2024-09-16,29.5,-91.0,90
2024-09-16,29.5,-90.5,270
2024-09-16,29.5,-89.5,1080
2024-09-16,29.5,-88.5,360
2024-09-16,29.5,-88.0,2340
2024-09-16,29.5,-87.5,1620
2024-09-16,29.5,-87.0,7470
2024-09-16,29.5,-86.5,3690
2024-09-16,29.5,-86.0,360
2024-09-16,29.5,-85.0,180
2024-09-16,29.5,-84.5,180
2024-09-16,29.5,-84.0,90
2024-09-16,29.5,-83.0,90
2024-09-16,29.5,-82.5,1080
2024-09-16,29.5,-82.0,450
2024-09-16,29.5,-81.5,5130
2024-09-16,29.5,-81.0,1260
2024-09-16,29.5,-80.5,540
2024-09-16,29.5,-80.0,1080
2024-09-16,29.5,-79.5,360
2024-09-16,29.5,-79.0,900
2024-09-16,29.5,-78.5,270
2024-09-16,29.5,-78.0,900
2024-09-16,29.5,-77.5,270
2024-09-16,29.5,-77.0,270
2024-09-16,29.5,-75.5,90
2024-09-16,29.5,-75.0,720
2024-09-16,29.5,-74.5,990
2024-09-16,29.5,-74.0,2520
2024-09-16,29.5,-73.5,540
2024-09-16,29.5,-73.0,450
2024-09-16,29.5,-72.5,450
2024-09-16,29.5,-72.0,90
2024-09-16,29.5,-71.5,450
2024-09-16,29.5,-71.0,90
2024-09-16,29.5,-70.5,360
2024-09-16,29.5,-68.5,90
2024-09-16,29.5,-68.0,90
2024-09-16,29.5,-67.5,90
2024-09-16,29.5,-66.0,360
2024-09-16,29.5,-65.5,270
2024-09-16,30.0,-110.0,90
2024-09-16,30.0,-109.5,450
2024-09-16,30.0,-109.0,270
2024-09-16,30.0,-108.0,90
2024-09-16,30.0,-107.5,360
2024-09-16,30.0,-106.0,90
2024-09-16,30.0,-104.0,90
2024-09-16,30.0,-103.5,720
2024-09-16,30.0,-103.0,450
2024-09-16,30.0,-96.5,90
2024-09-16,30.0,-95.5,630
2024-09-16,30.0,-95.0,810
2024-09-16,30.0,-94.5,360
2024-09-16,30.0,-90.5,540
2024-09-16,30.0,-89.0,180
2024-09-16,30.0,-88.5,270
2024-09-16,30.0,-88.0,1080
2024-09-16,30.0,-87.5,1080
2024-09-16,30.0,-87.0,2880
2024-09-16,30.0,-86.5,1350
2024-09-16,30.0,-85.5,90
2024-09-16,30.0,-84.5,90
2024-09-16,30.0,-83.5,180
2024-09-16,30.0,-83.0,90
2024-09-16,30.0,-82.5,360
2024-09-16,30.0,-82.0,1800
2024-09-16,30.0,-81.5,2160
2024-09-16,30.0,-81.0,90
2024-09-16,30.0,-80.5,180
2024-09-16,30.0,-80.0,450
2024-09-16,30.0,-79.5,360
2024-09-16,30.0,-79.0,1530
2024-09-16,30.0,-78.5,900
2024-09-16,30.0,-78.0,540
2024-09-16,30.0,-77.5,540
2024-09-16,30.0,-77.0,270
2024-09-16,30.0,-76.5,630
2024-09-16,30.0,-76.0,180
2024-09-16,30.0,-75.5,270
2024-09-16,30.0,-75.0,1080
2024-09-16,30.0,-74.5,2160
2024-09-16,30.0,-74.0,1800
2024-09-16,30.0,-73.5,1530
2024-09-16,30.0,-73.0,450
2024-09-16,30.0,-72.5,90
2024-09-16,30.0,-72.0,90
2024-09-16,30.0,-71.5,360
2024-09-16,30.0,-71.0,90
2024-09-16,30.0,-70.5,90
2024-09-16,30.0,-70.0,360
2024-09-16,30.0,-66.5,270
2024-09-16,30.0,-66.0,270
2024-09-16,30.5,-111.5,270
2024-09-16,30.5,-111.0,180
2024-09-16,30.5,-110.0,180
2024-09-16,30.5,-108.0,360
2024-09-16,30.5,-102.5,180
2024-09-16,30.5,-102.0,270
2024-09-16,30.5,-96.0,540
2024-09-16,30.5,-95.5,1800
2024-09-16,30.5,-95.0,180
2024-09-16,30.5,-88.5,540
2024-09-16,30.5,-88.0,270
2024-09-16,30.5,-87.5,90
2024-09-16,30.5,-86.5,90
2024-09-16,30.5,-85.0,90
2024-09-16,30.5,-84.0,90
2024-09-16,30.5,-83.5,720
2024-09-16,30.5,-82.0,270
2024-09-16,30.5,-81.5,720
2024-09-16,30.5,-80.5,180
2024-09-16,30.5,-80.0,270
2024-09-16,30.5,-79.5,450
2024-09-16,30.5,-79.0,2160
2024-09-16,30.5,-78.5,630
2024-09-16,30.5,-78.0,990
2024-09-16,30.5,-77.5,1440
2024-09-16,30.5,-77.0,720
2024-09-16,30.5,-76.5,360
2024-09-16,30.5,-75.5,1080
2024-09-16,30.5,-75.0,2790
2024-09-16,30.5,-74.5,2160
2024-09-16,30.5,-74.0,1080
2024-09-16,30.5,-73.5,90
2024-09-16,30.5,-73.0,360
2024-09-16,30.5,-72.5,180
2024-09-16,30.5,-72.0,90
2024-09-16,30.5,-71.5,90
2024-09-16,30.5,-70.5,180
2024-09-16,30.5,-70.0,90
2024-09-16,30.5,-69.5,180
2024-09-16,30.5,-67.0,180
2024-09-16,30.5,-66.5,450
2024-09-16,31.0,-111.5,630
2024-09-16,31.0,-111.0,90
2024-09-16,31.0,-109.0,90
2024-09-16,31.0,-106.0,90
2024-09-16,31.0,-105.0,90
2024-09-16,31.0,-104.0,180
2024-09-16,31.0,-89.0,90
2024-09-16,31.0,-88.5,90
2024-09-16,31.0,-88.0,90
2024-09-16,31.0,-82.5,90
2024-09-16,31.0,-81.5,90
2024-09-16,31.0,-80.0,90
2024-09-16,31.0,-79.5,270
2024-09-16,31.0,-78.5,450
2024-09-16,31.0,-78.0,900
2024-09-16,31.0,-77.5,810
2024-09-16,31.0,-77.0,630
2024-09-16,31.0,-76.5,450
2024-09-16,31.0,-76.0,1530
2024-09-16,31.0,-75.5,1890
2024-09-16,31.0,-75.0,8820
2024-09-16,31.0,-74.5,2250
2024-09-16,31.0,-74.0,270
2024-09-16,31.0,-72.0,90
2024-09-16,31.0,-69.0,180
2024-09-16,31.0,-66.5,180
2024-09-16,31.0,-65.5,90
2024-09-16,31.5,-111.0,270
2024-09-16,31.5,-110.5,630
2024-09-16,31.5,-110.0,270
2024-09-16,31.5,-105.5,90
2024-09-16,31.5,-104.5,90
2024-09-16,31.5,-103.5,360
2024-09-16,31.5,-101.5,360
2024-09-16,31.5,-97.5,450
2024-09-16,31.5,-89.5,90
2024-09-16,31.5,-88.5,180
2024-09-16,31.5,-82.0,90
2024-09-16,31.5,-79.5,90
2024-09-16,31.5,-79.0,450
2024-09-16,31.5,-78.5,270
2024-09-16,31.5,-78.0,360
2024-09-16,31.5,-77.5,180
2024-09-16,31.5,-77.0,720
2024-09-16,31.5,-76.5,900
2024-09-16,31.5,-76.0,360
2024-09-16,31.5,-75.5,1440
2024-09-16,31.5,-75.0,450
2024-09-16,31.5,-74.5,360
2024-09-16,31.5,-74.0,450
2024-09-16,31.5,-73.5,270
2024-09-16,31.5,-73.0,180
2024-09-16,31.5,-72.5,90
2024-09-16,31.5,-72.0,180
2024-09-16,31.5,-70.5,90
2024-09-16,31.5,-70.0,90
2024-09-16,31.5,-69.5,90
2024-09-16,31.5,-68.0,1170
2024-09-16,31.5,-67.5,630
2024-09-16,32.0,-111.0,180
2024-09-16,32.0,-110.5,360
2024-09-16,32.0,-110.0,270
2024-09-16,32.0,-109.5,360
2024-09-16,32.0,-109.0,270
2024-09-16,32.0,-105.5,180
2024-09-16,32.0,-104.5,630
2024-09-16,32.0,-104.0,630
2024-09-16,32.0,-103.5,2970
2024-09-16,32.0,-103.0,2340
2024-09-16,32.0,-102.5,2970
2024-09-16,32.0,-102.0,450
2024-09-16,32.0,-101.5,2790
2024-09-16,32.0,-101.0,1620
2024-09-16,32.0,-100.5,1710
2024-09-16,32.0,-100.0,360
2024-09-16,32.0,-88.5,90
2024-09-16,32.0,-81.5,180
2024-09-16,32.0,-78.0,90
2024-09-16,32.0,-77.5,720
2024-09-16,32.0,-77.0,720
2024-09-16,32.0,-76.5,1710
2024-09-16,32.0,-76.0,1710
2024-09-16,32.0,-75.5,3960
2024-09-16,32.0,-75.0,1170
2024-09-16,32.0,-74.5,270
2024-09-16,32.0,-74.0,450
2024-09-16,32.0,-73.5,450
2024-09-16,32.0,-73.0,180
2024-09-16,32.0,-72.5,90
2024-09-16,32.0,-72.0,90
2024-09-16,32.0,-71.0,180
2024-09-16,32.0,-70.5,1260
2024-09-16,32.0,-69.0,180
2024-09-16,32.0,-68.0,540
2024-09-16,32.0,-67.5,1890
2024-09-16,32.0,-67.0,1350
2024-09-16,32.0,-65.5,180
2024-09-16,32.5,-111.5,90
2024-09-16,32.5,-111.0,450
2024-09-16,32.5,-110.5,270
2024-09-16,32.5,-110.0,360
2024-09-16,32.5,-109.5,90
2024-09-16,32.5,-109.0,1260
2024-09-16,32.5,-105.5,90
2024-09-16,32.5,-105.0,90
2024-09-16,32.5,-104.5,450
2024-09-16,32.5,-104.0,1620
2024-09-16,32.5,-103.5,3870
2024-09-16,32.5,-103.0,2970
2024-09-16,32.5,-102.5,720
2024-09-16,32.5,-102.0,630
2024-09-16,32.5,-101.5,630
2024-09-16,32.5,-101.0,450
2024-09-16,32.5,-100.5,90
2024-09-16,32.5,-99.0,450
2024-09-16,32.5,-81.0,180
2024-09-16,32.5,-77.5,180
2024-09-16,32.5,-77.0,360
2024-09-16,32.5,-76.5,810
2024-09-16,32.5,-76.0,540
2024-09-16,32.5,-75.5,810
2024-09-16,32.5,-75.0,180
2024-09-16,32.5,-73.5,180
2024-09-16,32.5,-72.5,90
2024-09-16,32.5,-72.0,180
2024-09-16,32.5,-71.0,990
2024-09-16,32.5,-70.5,3240
2024-09-16,32.5,-69.0,5850
2024-09-16,32.5,-68.5,2520
2024-09-16,32.5,-68.0,1620
2024-09-16,32.5,-67.5,1350
2024-09-16,32.5,-67.0,270
2024-09-16,32.5,-66.5,90
2024-09-16,32.5,-66.0,90
2024-09-16,33.0,-116.5,180
2024-09-16,33.0,-111.0,360
2024-09-16,33.0,-110.5,810
2024-09-16,33.0,-110.0,360
2024-09-16,33.0,-109.5,450
2024-09-16,33.0,-109.0,360
2024-09-16,33.0,-108.5,180
2024-09-16,33.0,-108.0,630
2024-09-16,33.0,-107.0,90
2024-09-16,33.0,-106.0,180
2024-09-16,33.0,-105.5,450
2024-09-16,33.0,-105.0,90
2024-09-16,33.0,-103.5,180
2024-09-16,33.0,-103.0,270
2024-09-16,33.0,-102.0,90
2024-09-16,33.0,-101.5,1800
2024-09-16,33.0,-101.0,1710
2024-09-16,33.0,-100.5,360
2024-09-16,33.0,-99.5,1080
2024-09-16,33.0,-99.0,2520
2024-09-16,33.0,-98.5,180
2024-09-16,33.0,-89.5,90
2024-09-16,33.0,-80.5,180
2024-09-16,33.0,-80.0,90
2024-09-16,33.0,-78.0,90
2024-09-16,33.0,-77.5,630
2024-09-16,33.0,-77.0,990
2024-09-16,33.0,-76.5,2340
2024-09-16,33.0,-76.0,270
2024-09-16,33.0,-72.5,90
2024-09-16,33.0,-69.5,90
2024-09-16,33.0,-69.0,270
2024-09-16,33.0,-68.5,90
2024-09-16,33.0,-68.0,90
2024-09-16,33.0,-67.5,180
2024-09-16,33.0,-67.0,360
2024-09-16,33.0,-66.5,180
2024-09-16,33.0,-66.0,180
2024-09-16,33.0,-65.5,360
2024-09-16,33.5,-117.5,90
2024-09-16,33.5,-117.0,180
2024-09-16,33.5,-116.5,360
2024-09-16,33.5,-116.0,270
2024-09-16,33.5,-115.5,90
2024-09-16,33.5,-115.0,90
2024-09-16,33.5,-114.5,90
2024-09-16,33.5,-111.5,180
2024-09-16,33.5,-111.0,180
2024-09-16,33.5,-110.5,180
2024-09-16,33.5,-110.0,180
2024-09-16,33.5,-109.5,540
2024-09-16,33.5,-109.0,270
2024-09-16,33.5,-108.0,180
2024-09-16,33.5,-107.5,270
2024-09-16,33.5,-107.0,540
2024-09-16,33.5,-106.5,270
2024-09-16,33.5,-105.5,180
2024-09-16,33.5,-105.0,2700
2024-09-16,33.5,-104.5,1440
2024-09-16,33.5,-104.0,450
2024-09-16,33.5,-103.5,720
2024-09-16,33.5,-103.0,540
2024-09-16,33.5,-102.5,270
2024-09-16,33.5,-102.0,810
2024-09-16,33.5,-101.5,630
2024-09-16,33.5,-101.0,540
2024-09-16,33.5,-100.5,90
2024-09-16,33.5,-100.0,90
2024-09-16,33.5,-99.5,360
2024-09-16,33.5,-99.0,180
2024-09-16,33.5,-98.5,270
2024-09-16,33.5,-80.0,630
2024-09-16,33.5,-79.5,90
2024-09-16,33.5,-78.5,450
2024-09-16,33.5,-78.0,2070
2024-09-16,33.5,-77.5,2700
2024-09-16,33.5,-77.0,990
2024-09-16,33.5,-76.5,450
2024-09-16,33.5,-75.5,90
2024-09-16,33.5,-74.5,180
2024-09-16,33.5,-70.0,90
2024-09-16,33.5,-69.5,90
2024-09-16,33.5,-66.5,720
2024-09-16,33.5,-66.0,630
2024-09-16,33.5,-65.5,2970
2024-09-16,34.0,-117.0,180
2024-09-16,34.0,-116.5,270
2024-09-16,34.0,-116.0,180
2024-09-16,34.0,-115.5,90
2024-09-16,34.0,-115.0,180
2024-09-16,34.0,-114.5,90
2024-09-16,34.0,-114.0,180
2024-09-16,34.0,-112.0,180
2024-09-16,34.0,-111.0,90
2024-09-16,34.0,-110.5,360
2024-09-16,34.0,-110.0,180
2024-09-16,34.0,-109.0,180
2024-09-16,34.0,-108.0,360
2024-09-16,34.0,-107.0,540
2024-09-16,34.0,-106.5,720
2024-09-16,34.0,-105.5,1170
2024-09-16,34.0,-105.0,360
2024-09-16,34.0,-104.5,450
2024-09-16,34.0,-104.0,1080
2024-09-16,34.0,-103.5,3600
2024-09-16,34.0,-103.0,5940
2024-09-16,34.0,-102.5,3690
2024-09-16,34.0,-102.0,4770
2024-09-16,34.0,-101.5,1710
2024-09-16,34.0,-101.0,630
2024-09-16,34.0,-100.5,2880
2024-09-16,34.0,-100.0,1710
2024-09-16,34.0,-99.5,630
2024-09-16,34.0,-99.0,270
2024-09-16,34.0,-98.5,180
2024-09-16,34.0,-80.5,90
2024-09-16,34.0,-79.5,720
2024-09-16,34.0,-79.0,360
2024-09-16,34.0,-78.5,4770
2024-09-16,34.0,-78.0,2520
2024-09-16,34.0,-77.5,990
2024-09-16,34.0,-77.0,540
2024-09-16,34.0,-76.5,270
2024-09-16,34.0,-75.5,90
2024-09-16,34.0,-70.5,90
2024-09-16,34.0,-69.5,90
2024-09-16,34.0,-69.0,180
2024-09-16,34.0,-66.5,90
2024-09-16,34.5,-120.0,180
2024-09-16,34.5,-117.0,90
2024-09-16,34.5,-116.0,90
2024-09-16,34.5,-114.5,270
2024-09-16,34.5,-114.0,450
2024-09-16,34.5,-113.5,360
2024-09-16,34.5,-113.0,90
2024-09-16,34.5,-112.5,90
2024-09-16,34.5,-112.0,180
2024-09-16,34.5,-111.0,90
2024-09-16,34.5,-110.5,180
2024-09-16,34.5,-109.0,900
2024-09-16,34.5,-108.5,90
2024-09-16,34.5,-108.0,90
2024-09-16,34.5,-107.5,180
2024-09-16,34.5,-106.5,90
2024-09-16,34.5,-106.0,540
2024-09-16,34.5,-105.5,1260
2024-09-16,34.5,-105.0,1710
2024-09-16,34.5,-104.5,1620
2024-09-16,34.5,-104.0,1440
2024-09-16,34.5,-103.5,1080
2024-09-16,34.5,-103.0,2340
2024-09-16,34.5,-102.5,3600
2024-09-16,34.5,-102.0,3060
2024-09-16,34.5,-101.5,3510
2024-09-16,34.5,-101.0,2340
2024-09-16,34.5,-100.5,720
2024-09-16,34.5,-100.0,270
2024-09-16,34.5,-99.5,630
2024-09-16,34.5,-99.0,990
2024-09-16,34.5,-98.5,450
2024-09-16,34.5,-98.0,270
2024-09-16,34.5,-80.5,90
2024-09-16,34.5,-79.0,630
2024-09-16,34.5,-78.5,630
2024-09-16,34.5,-78.0,360
2024-09-16,34.5,-77.5,1980
2024-09-16,34.5,-77.0,900
2024-09-16,34.5,-76.5,540
2024-09-16,34.5,-76.0,180
2024-09-16,34.5,-75.5,270
2024-09-16,34.5,-75.0,90
2024-09-16,34.5,-66.5,90
2024-09-16,35.0,-120.5,90
2024-09-16,35.0,-118.5,180
2024-09-16,35.0,-118.0,450
2024-09-16,35.0,-117.5,270
2024-09-16,35.0,-117.0,180
2024-09-16,35.0,-116.5,180
2024-09-16,35.0,-116.0,270
2024-09-16,35.0,-115.5,90
2024-09-16,35.0,-114.0,180
2024-09-16,35.0,-113.5,90
2024-09-16,35.0,-113.0,90
2024-09-16,35.0,-112.0,270
2024-09-16,35.0,-111.5,90
2024-09-16,35.0,-111.0,90
2024-09-16,35.0,-110.5,270
2024-09-16,35.0,-109.0,180
2024-09-16,35.0,-108.5,360
2024-09-16,35.0,-107.5,90
2024-09-16,35.0,-107.0,90
2024-09-16,35.0,-106.5,450
2024-09-16,35.0,-106.0,90
2024-09-16,35.0,-105.5,1530
2024-09-16,35.0,-105.0,540
2024-09-16,35.0,-104.5,990
2024-09-16,35.0,-104.0,990
2024-09-16,35.0,-103.5,1170
2024-09-16,35.0,-103.0,2430
2024-09-16,35.0,-102.5,1980
2024-09-16,35.0,-102.0,2070
2024-09-16,35.0,-101.5,2160
2024-09-16,35.0,-101.0,1260
2024-09-16,35.0,-100.5,2070
2024-09-16,35.0,-100.0,1710
2024-09-16,35.0,-99.5,1530
2024-09-16,35.0,-99.0,450
2024-09-16,35.0,-98.5,90
2024-09-16,35.0,-98.0,1080
2024-09-16,35.0,-97.5,720
2024-09-16,35.0,-97.0,720
2024-09-16,35.0,-96.5,90
2024-09-16,35.0,-91.5,90
2024-09-16,35.0,-82.5,90
2024-09-16,35.0,-79.5,90
2024-09-16,35.0,-79.0,360
2024-09-16,35.0,-78.5,540
2024-09-16,35.0,-78.0,270
2024-09-16,35.0,-77.5,90
2024-09-16,35.0,-77.0,270
2024-09-16,35.0,-76.5,360
2024-09-16,35.0,-76.0,180
2024-09-16,35.0,-74.0,180
2024-09-16,35.0,-73.5,90
2024-09-16,35.0,-73.0,90
2024-09-16,35.5,-121.0,1080
2024-09-16,35.5,-118.5,180
2024-09-16,35.5,-117.0,270
2024-09-16,35.5,-116.5,180
2024-09-16,35.5,-116.0,180
2024-09-16,35.5,-115.5,270
2024-09-16,35.5,-112.0,90
2024-09-16,35.5,-111.5,360
2024-09-16,35.5,-111.0,90
2024-09-16,35.5,-110.0,450
2024-09-16,35.5,-108.0,90
2024-09-16,35.5,-107.5,720
2024-09-16,35.5,-106.5,630
2024-09-16,35.5,-106.0,810
2024-09-16,35.5,-105.5,1800
2024-09-16,35.5,-105.0,990
2024-09-16,35.5,-104.5,2430
2024-09-16,35.5,-104.0,4230
2024-09-16,35.5,-103.5,1170
2024-09-16,35.5,-103.0,1080
2024-09-16,35.5,-102.5,1260
2024-09-16,35.5,-102.0,1980
2024-09-16,35.5,-101.5,1800
2024-09-16,35.5,-101.0,1350
2024-09-16,35.5,-100.5,540
2024-09-16,35.5,-100.0,450
2024-09-16,35.5,-99.5,270
2024-09-16,35.5,-99.0,270
2024-09-16,35.5,-98.5,450
2024-09-16,35.5,-98.0,90
2024-09-16,35.5,-96.0,180
2024-09-16,35.5,-93.0,450
2024-09-16,35.5,-92.5,90
2024-09-16,35.5,-92.0,630
2024-09-16,35.5,-91.5,450
2024-09-16,35.5,-91.0,90
2024-09-16,35.5,-86.5,540
2024-09-16,35.5,-79.0,360
2024-09-16,35.5,-78.5,180
2024-09-16,35.5,-77.0,90
2024-09-16,35.5,-76.5,90
2024-09-16,35.5,-76.0,90
2024-09-16,35.5,-74.5,90
2024-09-16,35.5,-74.0,360
2024-09-16,35.5,-73.5,1440
2024-09-16,35.5,-73.0,270
2024-09-16,35.5,-72.0,270
2024-09-16,35.5,-71.5,90
2024-09-16,36.0,-121.0,90
2024-09-16,36.0,-115.5,180
2024-09-16,36.0,-115.0,90
2024-09-16,36.0,-114.5,180
2024-09-16,36.0,-114.0,180
2024-09-16,36.0,-113.5,180
2024-09-16,36.0,-111.0,90
2024-09-16,36.0,-110.5,180
2024-09-16,36.0,-110.0,90
2024-09-16,36.0,-109.5,90
2024-09-16,36.0,-108.5,90
2024-09-16,36.0,-108.0,630
2024-09-16,36.0,-107.5,720
2024-09-16,36.0,-107.0,180
2024-09-16,36.0,-106.5,990
2024-09-16,36.0,-106.0,810
2024-09-16,36.0,-105.5,990
2024-09-16,36.0,-105.0,900
2024-09-16,36.0,-104.5,1980
2024-09-16,36.0,-104.0,1170
2024-09-16,36.0,-103.5,720
2024-09-16,36.0,-103.0,900
2024-09-16,36.0,-102.5,1530
2024-09-16,36.0,-102.0,720
2024-09-16,36.0,-101.5,1440
2024-09-16,36.0,-101.0,1620
2024-09-16,36.0,-100.5,1530
2024-09-16,36.0,-100.0,1080
2024-09-16,36.0,-99.5,900
2024-09-16,36.0,-99.0,180
2024-09-16,36.0,-98.5,270
2024-09-16,36.0,-98.0,180
2024-09-16,36.0,-97.5,450
2024-09-16,36.0,-97.0,630
2024-09-16,36.0,-96.5,270
2024-09-16,36.0,-96.0,90
2024-09-16,36.0,-93.5,90
2024-09-16,36.0,-93.0,450
2024-09-16,36.0,-92.5,3150
2024-09-16,36.0,-92.0,5130
2024-09-16,36.0,-91.5,810
2024-09-16,36.0,-91.0,90
2024-09-16,36.0,-90.5,90
2024-09-16,36.0,-89.5,90
2024-09-16,36.0,-86.5,90
2024-09-16,36.0,-85.0,180
2024-09-16,36.0,-81.5,270
2024-09-16,36.0,-81.0,90
2024-09-16,36.0,-80.5,810
2024-09-16,36.0,-80.0,900
2024-09-16,36.0,-79.5,90
2024-09-16,36.0,-79.0,1350
2024-09-16,36.0,-78.5,450
2024-09-16,36.0,-78.0,90
2024-09-16,36.0,-77.0,180
2024-09-16,36.0,-76.5,180
2024-09-16,36.0,-76.0,90
2024-09-16,36.0,-74.5,90
2024-09-16,36.0,-66.5,90
2024-09-16,36.0,-65.5,90
2024-09-16,36.5,-119.0,90
2024-09-16,36.5,-116.5,180
2024-09-16,36.5,-116.0,90
2024-09-16,36.5,-115.5,90
2024-09-16,36.5,-115.0,180
2024-09-16,36.5,-114.5,180
2024-09-16,36.5,-113.5,360
2024-09-16,36.5,-109.5,180
2024-09-16,36.5,-109.0,270
2024-09-16,36.5,-108.5,360
2024-09-16,36.5,-108.0,540
2024-09-16,36.5,-107.5,990
2024-09-16,36.5,-107.0,720
2024-09-16,36.5,-106.5,540
2024-09-16,36.5,-106.0,1890
2024-09-16,36.5,-105.5,630
2024-09-16,36.5,-105.0,1170
2024-09-16,36.5,-104.5,1800
2024-09-16,36.5,-104.0,900
2024-09-16,36.5,-103.5,630
2024-09-16,36.5,-103.0,900
2024-09-16,36.5,-102.5,450
2024-09-16,36.5,-102.0,1530
2024-09-16,36.5,-101.5,2520
2024-09-16,36.5,-101.0,990
2024-09-16,36.5,-100.5,990
2024-09-16,36.5,-100.0,1170
2024-09-16,36.5,-99.5,270
2024-09-16,36.5,-99.0,450
2024-09-16,36.5,-98.5,450
2024-09-16,36.5,-98.0,360
2024-09-16,36.5,-97.5,1350
2024-09-16,36.5,-97.0,1170
2024-09-16,36.5,-96.5,1440
2024-09-16,36.5,-96.0,180
2024-09-16,36.5,-95.5,90
2024-09-16,36.5,-94.0,180
2024-09-16,36.5,-93.5,1080
2024-09-16,36.5,-93.0,720
2024-09-16,36.5,-92.5,4680
2024-09-16,36.5,-92.0,810
2024-09-16,36.5,-91.5,990
2024-09-16,36.5,-91.0,630
2024-09-16,36.5,-90.0,360
2024-09-16,36.5,-89.5,180
2024-09-16,36.5,-89.0,270
2024-09-16,36.5,-87.0,90
2024-09-16,36.5,-84.5,720
2024-09-16,36.5,-84.0,360
2024-09-16,36.5,-82.0,90
2024-09-16,36.5,-81.5,180
2024-09-16,36.5,-81.0,180
2024-09-16,36.5,-80.5,360
2024-09-16,36.5,-80.0,90
2024-09-16,36.5,-79.5,90
2024-09-16,36.5,-79.0,3600
2024-09-16,36.5,-78.5,90
2024-09-16,36.5,-78.0,180
2024-09-16,36.5,-77.5,720
2024-09-16,36.5,-77.0,90
2024-09-16,36.5,-76.0,180
2024-09-16,36.5,-75.5,90
2024-09-16,36.5,-69.0,90
2024-09-16,37.0,-119.5,90
2024-09-16,37.0,-119.0,90
2024-09-16,37.0,-116.5,90
2024-09-16,37.0,-115.0,180
2024-09-16,37.0,-114.5,90
2024-09-16,37.0,-114.0,90
2024-09-16,37.0,-113.0,270
2024-09-16,37.0,-112.5,90
2024-09-16,37.0,-109.5,270
2024-09-16,37.0,-109.0,630
2024-09-16,37.0,-108.5,1350
2024-09-16,37.0,-108.0,1800
2024-09-16,37.0,-107.5,1800
2024-09-16,37.0,-107.0,630
2024-09-16,37.0,-106.5,90
2024-09-16,37.0,-106.0,1350
2024-09-16,37.0,-105.5,450
2024-09-16,37.0,-104.5,720
2024-09-16,37.0,-104.0,1890
2024-09-16,37.0,-103.5,1620
2024-09-16,37.0,-103.0,1170
2024-09-16,37.0,-102.5,1530
2024-09-16,37.0,-102.0,540
2024-09-16,37.0,-101.5,900
2024-09-16,37.0,-101.0,540
2024-09-16,37.0,-100.5,90
2024-09-16,37.0,-100.0,360
2024-09-16,37.0,-99.5,630
2024-09-16,37.0,-99.0,1350
2024-09-16,37.0,-98.5,540
2024-09-16,37.0,-98.0,540
2024-09-16,37.0,-97.5,360
2024-09-16,37.0,-97.0,810
2024-09-16,37.0,-96.5,1170
2024-09-16,37.0,-96.0,720
2024-09-16,37.0,-95.5,2880
2024-09-16,37.0,-95.0,360
2024-09-16,37.0,-94.5,180
2024-09-16,37.0,-94.0,1530
2024-09-16,37.0,-93.5,990
2024-09-16,37.0,-93.0,90
2024-09-16,37.0,-92.5,360
2024-09-16,37.0,-92.0,2340
2024-09-16,37.0,-91.5,450
2024-09-16,37.0,-91.0,180
2024-09-16,37.0,-90.5,90
2024-09-16,37.0,-90.0,990
2024-09-16,37.0,-89.5,900
2024-09-16,37.0,-89.0,1170
2024-09-16,37.0,-88.5,450
2024-09-16,37.0,-87.5,630
2024-09-16,37.0,-87.0,630
2024-09-16,37.0,-86.5,180
2024-09-16,37.0,-86.0,630
2024-09-16,37.0,-84.0,810
2024-09-16,37.0,-83.5,270
2024-09-16,37.0,-81.0,180
2024-09-16,37.0,-80.5,90
2024-09-16,37.0,-80.0,540
2024-09-16,37.0,-79.5,1260
2024-09-16,37.0,-79.0,4590
2024-09-16,37.0,-78.5,270
2024-09-16,37.0,-78.0,900
2024-09-16,37.0,-77.5,360
2024-09-16,37.0,-77.0,540
2024-09-16,37.5,-120.0,180
2024-09-16,37.5,-119.5,90
2024-09-16,37.5,-119.0,90
2024-09-16,37.5,-118.5,90
2024-09-16,37.5,-118.0,180
2024-09-16,37.5,-115.5,90
2024-09-16,37.5,-112.0,90
2024-09-16,37.5,-111.5,90
2024-09-16,37.5,-109.5,360
2024-09-16,37.5,-109.0,630
2024-09-16,37.5,-108.5,450
2024-09-16,37.5,-108.0,180
2024-09-16,37.5,-107.5,450
2024-09-16,37.5,-107.0,90
2024-09-16,37.5,-106.5,270
2024-09-16,37.5,-106.0,180
2024-09-16,37.5,-105.5,180
2024-09-16,37.5,-105.0,1170
2024-09-16,37.5,-104.5,180
2024-09-16,37.5,-104.0,630
2024-09-16,37.5,-103.5,1710
2024-09-16,37.5,-103.0,900
2024-09-16,37.5,-102.5,1080
2024-09-16,37.5,-102.0,990
2024-09-16,37.5,-101.5,450
2024-09-16,37.5,-101.0,1620
2024-09-16,37.5,-100.5,1170
2024-09-16,37.5,-100.0,450
2024-09-16,37.5,-99.5,1080
2024-09-16,37.5,-99.0,900
2024-09-16,37.5,-98.5,2160
2024-09-16,37.5,-98.0,1800
2024-09-16,37.5,-97.5,720
2024-09-16,37.5,-97.0,1080
2024-09-16,37.5,-96.5,2610
2024-09-16,37.5,-96.0,3150
2024-09-16,37.5,-95.5,4050
2024-09-16,37.5,-95.0,1710
2024-09-16,37.5,-94.5,3960
2024-09-16,37.5,-94.0,2340
2024-09-16,37.5,-93.5,90
2024-09-16,37.5,-91.0,90
2024-09-16,37.5,-90.5,540
2024-09-16,37.5,-89.0,90
2024-09-16,37.5,-88.5,720
2024-09-16,37.5,-88.0,810
2024-09-16,37.5,-87.5,270
2024-09-16,37.5,-87.0,90
2024-09-16,37.5,-86.5,540
2024-09-16,37.5,-86.0,360
2024-09-16,37.5,-84.5,270
2024-09-16,37.5,-84.0,180
2024-09-16,37.5,-81.5,270
2024-09-16,37.5,-81.0,180
2024-09-16,37.5,-80.5,90
2024-09-16,37.5,-79.5,2520
2024-09-16,37.5,-79.0,3240
2024-09-16,37.5,-78.5,3150
2024-09-16,37.5,-78.0,450
2024-09-16,37.5,-77.5,90
2024-09-16,37.5,-71.0,90
2024-09-16,37.5,-68.0,180
2024-09-16,37.5,-67.5,90
2024-09-16,37.5,-66.0,90
2024-09-16,38.0,-120.5,180
2024-09-16,38.0,-119.0,90
2024-09-16,38.0,-118.5,180
2024-09-16,38.0,-118.0,180
2024-09-16,38.0,-115.0,90
2024-09-16,38.0,-114.0,90
2024-09-16,38.0,-111.0,90
2024-09-16,38.0,-109.0,720
2024-09-16,38.0,-108.5,360
2024-09-16,38.0,-108.0,90
2024-09-16,38.0,-107.5,360
2024-09-16,38.0,-106.5,360
2024-09-16,38.0,-106.0,90
2024-09-16,38.0,-105.5,90
2024-09-16,38.0,-105.0,720
2024-09-16,38.0,-104.5,270
2024-09-16,38.0,-104.0,270
2024-09-16,38.0,-103.5,810
2024-09-16,38.0,-103.0,720
2024-09-16,38.0,-102.5,1440
2024-09-16,38.0,-102.0,1800
2024-09-16,38.0,-101.5,810
2024-09-16,38.0,-101.0,450
2024-09-16,38.0,-100.5,2340
2024-09-16,38.0,-100.0,3690
2024-09-16,38.0,-99.5,630
2024-09-16,38.0,-99.0,1800
2024-09-16,38.0,-98.5,1800
2024-09-16,38.0,-98.0,2340
2024-09-16,38.0,-97.5,360
2024-09-16,38.0,-97.0,1710
2024-09-16,38.0,-96.5,3330
2024-09-16,38.0,-96.0,1170
2024-09-16,38.0,-95.5,2970
2024-09-16,38.0,-95.0,4230
2024-09-16,38.0,-94.5,2250
2024-09-16,38.0,-94.0,450
2024-09-16,38.0,-93.5,90
2024-09-16,38.0,-93.0,90
2024-09-16,38.0,-92.0,90
2024-09-16,38.0,-91.0,90
2024-09-16,38.0,-90.5,540
2024-09-16,38.0,-90.0,180
2024-09-16,38.0,-89.0,630
2024-09-16,38.0,-88.5,1260
2024-09-16,38.0,-88.0,1530
2024-09-16,38.0,-84.5,180
2024-09-16,38.0,-84.0,90
2024-09-16,38.0,-83.5,180
2024-09-16,38.0,-81.5,270
2024-09-16,38.0,-81.0,270
2024-09-16,38.0,-80.5,630
2024-09-16,38.0,-80.0,180
2024-09-16,38.0,-79.5,2340
2024-09-16,38.0,-79.0,1980
2024-09-16,38.0,-78.5,2520
2024-09-16,38.0,-78.0,180
2024-09-16,38.0,-77.0,90
2024-09-16,38.0,-76.5,90
2024-09-16,38.0,-68.5,90
2024-09-16,38.0,-67.0,90
2024-09-16,38.5,-120.5,270
2024-09-16,38.5,-120.0,90
2024-09-16,38.5,-119.5,270
2024-09-16,38.5,-119.0,90
2024-09-16,38.5,-118.5,90
2024-09-16,38.5,-117.5,180
2024-09-16,38.5,-114.5,90
2024-09-16,38.5,-112.0,90
2024-09-16,38.5,-111.5,90
2024-09-16,38.5,-109.0,540
2024-09-16,38.5,-108.0,360
2024-09-16,38.5,-107.5,630
2024-09-16,38.5,-107.0,270
2024-09-16,38.5,-106.0,90
2024-09-16,38.5,-105.0,360
2024-09-16,38.5,-104.0,90
2024-09-16,38.5,-103.5,990
2024-09-16,38.5,-103.0,630
2024-09-16,38.5,-102.5,630
2024-09-16,38.5,-102.0,450
2024-09-16,38.5,-101.5,720
2024-09-16,38.5,-101.0,1800
2024-09-16,38.5,-100.5,2520
2024-09-16,38.5,-100.0,3240
2024-09-16,38.5,-99.5,540
2024-09-16,38.5,-99.0,270
2024-09-16,38.5,-98.5,1170
2024-09-16,38.5,-98.0,3510
2024-09-16,38.5,-97.5,720
2024-09-16,38.5,-97.0,360
2024-09-16,38.5,-96.5,1170
2024-09-16,38.5,-96.0,1620
2024-09-16,38.5,-95.5,450
2024-09-16,38.5,-95.0,450
2024-09-16,38.5,-94.5,630
2024-09-16,38.5,-94.0,360
2024-09-16,38.5,-93.5,540
2024-09-16,38.5,-93.0,450
2024-09-16,38.5,-92.5,360
2024-09-16,38.5,-92.0,630
2024-09-16,38.5,-91.5,270
2024-09-16,38.5,-91.0,270
2024-09-16,38.5,-90.5,90
2024-09-16,38.5,-90.0,180
2024-09-16,38.5,-89.5,1350
2024-09-16,38.5,-89.0,1440
2024-09-16,38.5,-88.5,1350
2024-09-16,38.5,-88.0,1530
2024-09-16,38.5,-87.5,180
2024-09-16,38.5,-86.5,90
2024-09-16,38.5,-84.0,450
2024-09-16,38.5,-83.5,180
2024-09-16,38.5,-83.0,360
2024-09-16,38.5,-82.5,270
2024-09-16,38.5,-81.0,90
2024-09-16,38.5,-80.5,1350
2024-09-16,38.5,-80.0,990
2024-09-16,38.5,-79.5,990
2024-09-16,38.5,-79.0,270
2024-09-16,38.5,-78.5,90
2024-09-16,38.5,-78.0,90
2024-09-16,38.5,-77.5,270
2024-09-16,38.5,-77.0,180
2024-09-16,38.5,-76.5,360
2024-09-16,38.5,-76.0,180
2024-09-16,38.5,-73.5,90
2024-09-16,38.5,-66.5,90
2024-09-16,38.5,-65.5,180
2024-09-16,39.0,-121.0,180
2024-09-16,39.0,-119.0,90
2024-09-16,39.0,-118.0,180
2024-09-16,39.0,-117.5,90
2024-09-16,39.0,-110.5,90
2024-09-16,39.0,-110.0,90
2024-09-16,39.0,-109.0,90
2024-09-16,39.0,-108.5,180
2024-09-16,39.0,-108.0,90
2024-09-16,39.0,-107.5,270
2024-09-16,39.0,-107.0,90
2024-09-16,39.0,-104.0,90
2024-09-16,39.0,-103.5,90
2024-09-16,39.0,-103.0,540
2024-09-16,39.0,-102.5,270
2024-09-16,39.0,-102.0,270
2024-09-16,39.0,-101.5,450
2024-09-16,39.0,-101.0,1980
2024-09-16,39.0,-100.5,3600
2024-09-16,39.0,-100.0,2250
2024-09-16,39.0,-99.5,450
2024-09-16,39.0,-99.0,630
2024-09-16,39.0,-98.5,5490
2024-09-16,39.0,-98.0,1350
2024-09-16,39.0,-97.5,450
2024-09-16,39.0,-97.0,720
2024-09-16,39.0,-96.5,720
2024-09-16,39.0,-96.0,1080
2024-09-16,39.0,-95.5,1530
2024-09-16,39.0,-95.0,720
2024-09-16,39.0,-94.5,90
2024-09-16,39.0,-94.0,1350
2024-09-16,39.0,-93.5,270
2024-09-16,39.0,-93.0,630
2024-09-16,39.0,-92.5,180
2024-09-16,39.0,-91.0,90
2024-09-16,39.0,-90.5,450
2024-09-16,39.0,-90.0,720
2024-09-16,39.0,-89.5,270
2024-09-16,39.0,-89.0,270
2024-09-16,39.0,-88.5,810
2024-09-16,39.0,-88.0,270
2024-09-16,39.0,-87.0,360
2024-09-16,39.0,-84.0,180
2024-09-16,39.0,-83.5,720
2024-09-16,39.0,-82.5,90
2024-09-16,39.0,-81.5,360
2024-09-16,39.0,-81.0,1170
2024-09-16,39.0,-80.5,450
2024-09-16,39.0,-80.0,1170
2024-09-16,39.0,-79.5,450
2024-09-16,39.0,-79.0,990
2024-09-16,39.0,-78.5,270
2024-09-16,39.0,-78.0,1260
2024-09-16,39.0,-77.5,1350
2024-09-16,39.0,-77.0,630
2024-09-16,39.0,-76.5,270
2024-09-16,39.5,-122.5,270
2024-09-16,39.5,-121.5,180
2024-09-16,39.5,-121.0,180
2024-09-16,39.5,-118.0,90
2024-09-16,39.5,-117.5,90
2024-09-16,39.5,-117.0,180
2024-09-16,39.5,-112.5,90
2024-09-16,39.5,-111.5,90
2024-09-16,39.5,-109.0,180
2024-09-16,39.5,-108.0,90
2024-09-16,39.5,-104.5,450
2024-09-16,39.5,-103.0,90
2024-09-16,39.5,-102.5,180
2024-09-16,39.5,-102.0,360
2024-09-16,39.5,-101.0,630
2024-09-16,39.5,-100.5,1080
2024-09-16,39.5,-100.0,1170
2024-09-16,39.5,-99.5,810
2024-09-16,39.5,-99.0,3870
2024-09-16,39.5,-98.5,1800
2024-09-16,39.5,-98.0,540
2024-09-16,39.5,-97.5,2250
2024-09-16,39.5,-97.0,990
2024-09-16,39.5,-96.5,1530
2024-09-16,39.5,-96.0,360
2024-09-16,39.5,-95.5,90
2024-09-16,39.5,-95.0,810
2024-09-16,39.5,-94.5,270
2024-09-16,39.5,-94.0,270
2024-09-16,39.5,-93.5,360
2024-09-16,39.5,-93.0,90
2024-09-16,39.5,-92.5,180
2024-09-16,39.5,-91.5,90
2024-09-16,39.5,-91.0,90
2024-09-16,39.5,-90.5,450
2024-09-16,39.5,-90.0,180
2024-09-16,39.5,-89.0,90
2024-09-16,39.5,-87.5,90
2024-09-16,39.5,-87.0,180
2024-09-16,39.5,-86.5,810
2024-09-16,39.5,-85.5,90
2024-09-16,39.5,-81.5,180
2024-09-16,39.5,-81.0,180
2024-09-16,39.5,-80.5,810
2024-09-16,39.5,-80.0,1080
2024-09-16,39.5,-79.0,180
2024-09-16,39.5,-77.5,1350
2024-09-16,39.5,-77.0,1350
2024-09-16,39.5,-69.0,270
2024-09-16,39.5,-66.5,180
2024-09-16,40.0,-123.5,90
2024-09-16,40.0,-123.0,270
2024-09-16,40.0,-122.5,630
2024-09-16,40.0,-122.0,180
2024-09-16,40.0,-118.5,90
2024-09-16,40.0,-118.0,90
2024-09-16,40.0,-116.5,90
2024-09-16,40.0,-116.0,360
2024-09-16,40.0,-115.5,90
2024-09-16,40.0,-114.5,90
2024-09-16,40.0,-114.0,180
2024-09-16,40.0,-113.5,90
2024-09-16,40.0,-112.5,90
2024-09-16,40.0,-112.0,90
2024-09-16,40.0,-111.5,360
2024-09-16,40.0,-110.0,90
2024-09-16,40.0,-109.5,180
2024-09-16,40.0,-109.0,270
2024-09-16,40.0,-108.0,90
2024-09-16,40.0,-107.5,90
2024-09-16,40.0,-107.0,90
2024-09-16,40.0,-106.5,90
2024-09-16,40.0,-104.5,90
2024-09-16,40.0,-104.0,180
2024-09-16,40.0,-103.0,180
2024-09-16,40.0,-102.0,720
2024-09-16,40.0,-101.5,1170
2024-09-16,40.0,-101.0,720
2024-09-16,40.0,-100.5,360
2024-09-16,40.0,-100.0,540
2024-09-16,40.0,-99.5,90
2024-09-16,40.0,-99.0,1260
2024-09-16,40.0,-98.5,360
2024-09-16,40.0,-97.5,630
2024-09-16,40.0,-97.0,4950
2024-09-16,40.0,-96.5,4860
2024-09-16,40.0,-96.0,1800
2024-09-16,40.0,-95.5,540
2024-09-16,40.0,-95.0,180
2024-09-16,40.0,-94.5,90
2024-09-16,40.0,-94.0,450
2024-09-16,40.0,-93.5,630
2024-09-16,40.0,-93.0,90
2024-09-16,40.0,-92.5,270
2024-09-16,40.0,-91.0,90
2024-09-16,40.0,-90.5,90
2024-09-16,40.0,-89.5,180
2024-09-16,40.0,-86.5,720
2024-09-16,40.0,-86.0,180
2024-09-16,40.0,-85.0,90
2024-09-16,40.0,-84.5,90
2024-09-16,40.0,-80.5,90
2024-09-16,40.0,-79.5,540
2024-09-16,40.0,-79.0,900
2024-09-16,40.0,-78.5,180
2024-09-16,40.0,-78.0,180
2024-09-16,40.0,-77.5,1170
2024-09-16,40.0,-77.0,2880
2024-09-16,40.0,-76.5,180
2024-09-16,40.0,-69.0,90
2024-09-16,40.0,-66.5,90
2024-09-16,40.0,-66.0,450
2024-09-16,40.0,-65.5,180
2024-09-16,40.5,-122.5,270
2024-09-16,40.5,-122.0,270
2024-09-16,40.5,-121.5,270
2024-09-16,40.5,-121.0,90
2024-09-16,40.5,-116.0,180
2024-09-16,40.5,-115.5,90
2024-09-16,40.5,-115.0,90
2024-09-16,40.5,-114.5,90
2024-09-16,40.5,-114.0,540
2024-09-16,40.5,-113.0,360
2024-09-16,40.5,-112.5,90
2024-09-16,40.5,-112.0,180
2024-09-16,40.5,-111.5,360
2024-09-16,40.5,-110.0,180
2024-09-16,40.5,-109.5,1080
2024-09-16,40.5,-109.0,360
2024-09-16,40.5,-108.5,90
2024-09-16,40.5,-107.5,90
2024-09-16,40.5,-104.0,270
2024-09-16,40.5,-103.5,90
2024-09-16,40.5,-103.0,90
2024-09-16,40.5,-102.5,180
2024-09-16,40.5,-101.5,990
2024-09-16,40.5,-101.0,1530
2024-09-16,40.5,-100.5,630
2024-09-16,40.5,-100.0,180
2024-09-16,40.5,-99.5,90
2024-09-16,40.5,-99.0,90
2024-09-16,40.5,-98.5,630
2024-09-16,40.5,-97.5,270
2024-09-16,40.5,-97.0,90
2024-09-16,40.5,-96.5,1350
2024-09-16,40.5,-96.0,2610
2024-09-16,40.5,-95.5,3150
2024-09-16,40.5,-95.0,1350
2024-09-16,40.5,-94.5,2880
2024-09-16,40.5,-94.0,1350
2024-09-16,40.5,-93.5,1080
2024-09-16,40.5,-93.0,810
2024-09-16,40.5,-92.5,450
2024-09-16,40.5,-91.5,90
2024-09-16,40.5,-91.0,180
2024-09-16,40.5,-90.5,90
2024-09-16,40.5,-90.0,90
2024-09-16,40.5,-87.5,90
2024-09-16,40.5,-87.0,180
2024-09-16,40.5,-86.5,90
2024-09-16,40.5,-81.5,90
2024-09-16,40.5,-80.0,90
2024-09-16,40.5,-79.5,180
2024-09-16,40.5,-77.5,270
2024-09-16,40.5,-77.0,2520
2024-09-16,41.0,-121.5,90
2024-09-16,41.0,-121.0,270
2024-09-16,41.0,-120.0,90
2024-09-16,41.0,-117.0,90
2024-09-16,41.0,-116.5,180
2024-09-16,41.0,-115.5,360
2024-09-16,41.0,-115.0,270
2024-09-16,41.0,-114.5,180
2024-09-16,41.0,-114.0,630
2024-09-16,41.0,-113.5,810
2024-09-16,41.0,-113.0,90
2024-09-16,41.0,-112.5,360
2024-09-16,41.0,-112.0,90
2024-09-16,41.0,-109.5,180
2024-09-16,41.0,-109.0,180
2024-09-16,41.0,-107.5,90
2024-09-16,41.0,-106.5,180
2024-09-16,41.0,-104.5,90
2024-09-16,41.0,-104.0,270
2024-09-16,41.0,-103.5,90
2024-09-16,41.0,-103.0,540
2024-09-16,41.0,-102.0,270
2024-09-16,41.0,-101.5,270
2024-09-16,41.0,-101.0,810
2024-09-16,41.0,-100.5,360
2024-09-16,41.0,-99.0,90
2024-09-16,41.0,-98.5,990
2024-09-16,41.0,-97.0,360
2024-09-16,41.0,-96.5,90
2024-09-16,41.0,-96.0,1260
2024-09-16,41.0,-95.5,1350
2024-09-16,41.0,-95.0,450
2024-09-16,41.0,-94.5,1890
2024-09-16,41.0,-94.0,630
2024-09-16,41.0,-93.5,180
2024-09-16,41.0,-93.0,450
2024-09-16,41.0,-91.5,90
2024-09-16,41.0,-90.5,90
2024-09-16,41.0,-88.5,90
2024-09-16,41.0,-87.0,270
2024-09-16,41.0,-86.5,90
2024-09-16,41.0,-86.0,90
2024-09-16,41.0,-80.0,90
2024-09-16,41.0,-79.0,90
2024-09-16,41.0,-78.5,360
2024-09-16,41.0,-78.0,990
2024-09-16,41.0,-77.5,450
2024-09-16,41.0,-77.0,360
2024-09-16,41.0,-76.5,90
2024-09-16,41.5,-121.0,180
2024-09-16,41.5,-120.5,180
2024-09-16,41.5,-117.5,180
2024-09-16,41.5,-117.0,180
2024-09-16,41.5,-116.5,180
2024-09-16,41.5,-116.0,270
2024-09-16,41.5,-115.5,360
2024-09-16,41.5,-115.0,90
2024-09-16,41.5,-114.5,180
2024-09-16,41.5,-114.0,540
2024-09-16,41.5,-113.5,360
2024-09-16,41.5,-113.0,90
2024-09-16,41.5,-112.5,360
2024-09-16,41.5,-111.0,180
2024-09-16,41.5,-110.5,90
2024-09-16,41.5,-109.0,270
2024-09-16,41.5,-106.0,90
2024-09-16,41.5,-104.5,270
2024-09-16,41.5,-104.0,270
2024-09-16,41.5,-103.5,360
2024-09-16,41.5,-103.0,90
2024-09-16,41.5,-102.5,90
2024-09-16,41.5,-102.0,270
2024-09-16,41.5,-101.0,180
2024-09-16,41.5,-100.5,270
2024-09-16,41.5,-99.5,270
2024-09-16,41.5,-99.0,720
2024-09-16,41.5,-98.5,630
2024-09-16,41.5,-97.5,180
2024-09-16,41.5,-97.0,180
2024-09-16,41.5,-96.5,360
2024-09-16,41.5,-95.0,720
2024-09-16,41.5,-94.5,2070
2024-09-16,41.5,-94.0,810
2024-09-16,41.5,-93.5,990
2024-09-16,41.5,-93.0,450
2024-09-16,41.5,-91.0,450
2024-09-16,41.5,-90.5,90
2024-09-16,41.5,-90.0,90
2024-09-16,41.5,-89.0,90
2024-09-16,41.5,-88.5,90
2024-09-16,41.5,-88.0,90
2024-09-16,41.5,-87.5,360
2024-09-16,41.5,-86.5,360
2024-09-16,41.5,-86.0,180
2024-09-16,41.5,-85.5,180
2024-09-16,41.5,-84.5,180
2024-09-16,41.5,-81.5,180
2024-09-16,41.5,-80.0,180
2024-09-16,41.5,-78.5,630
2024-09-16,41.5,-78.0,1980
2024-09-16,41.5,-76.5,90
2024-09-16,41.5,-70.0,90
2024-09-16,41.5,-69.5,180
2024-09-16,41.5,-69.0,180
2024-09-16,41.5,-68.5,180
2024-09-16,42.0,-119.0,90
2024-09-16,42.0,-118.5,270
2024-09-16,42.0,-117.5,180
2024-09-16,42.0,-117.0,180
2024-09-16,42.0,-116.0,90
2024-09-16,42.0,-115.5,540
2024-09-16,42.0,-114.5,90
2024-09-16,42.0,-114.0,90
2024-09-16,42.0,-113.5,180
2024-09-16,42.0,-113.0,90
2024-09-16,42.0,-112.5,90
2024-09-16,42.0,-112.0,90
2024-09-16,42.0,-111.5,90
2024-09-16,42.0,-109.0,180
2024-09-16,42.0,-108.5,90
2024-09-16,42.0,-106.5,180
2024-09-16,42.0,-106.0,90
2024-09-16,42.0,-105.5,270
2024-09-16,42.0,-105.0,90
2024-09-16,42.0,-104.5,1260
2024-09-16,42.0,-104.0,1170
2024-09-16,42.0,-103.5,900
2024-09-16,42.0,-103.0,810
2024-09-16,42.0,-102.5,180
2024-09-16,42.0,-101.5,540
2024-09-16,42.0,-101.0,90
2024-09-16,42.0,-100.5,450
2024-09-16,42.0,-100.0,1530
2024-09-16,42.0,-99.5,450
2024-09-16,42.0,-99.0,1260
2024-09-16,42.0,-98.5,900
2024-09-16,42.0,-98.0,90
2024-09-16,42.0,-97.0,90
2024-09-16,42.0,-96.5,90
2024-09-16,42.0,-96.0,1080
2024-09-16,42.0,-95.5,1440
2024-09-16,42.0,-95.0,900
2024-09-16,42.0,-94.5,810
2024-09-16,42.0,-94.0,2520
2024-09-16,42.0,-93.5,3690
2024-09-16,42.0,-93.0,270
2024-09-16,42.0,-91.0,90
2024-09-16,42.0,-90.0,90
2024-09-16,42.0,-89.5,270
2024-09-16,42.0,-89.0,180
2024-09-16,42.0,-87.5,360
2024-09-16,42.0,-87.0,450
2024-09-16,42.0,-86.5,180
2024-09-16,42.0,-86.0,180
2024-09-16,42.0,-82.5,90
2024-09-16,42.0,-81.5,90
2024-09-16,42.0,-78.5,1260
2024-09-16,42.0,-78.0,1260
2024-09-16,42.0,-77.5,90
2024-09-16,42.0,-70.0,90
2024-09-16,42.0,-69.5,90
2024-09-16,42.5,-119.0,270
2024-09-16,42.5,-118.5,180
2024-09-16,42.5,-118.0,270
2024-09-16,42.5,-117.5,180
2024-09-16,42.5,-116.5,180
2024-09-16,42.5,-116.0,270
2024-09-16,42.5,-115.5,270
2024-09-16,42.5,-114.5,270
2024-09-16,42.5,-113.5,270
2024-09-16,42.5,-113.0,180
2024-09-16,42.5,-112.5,90
2024-09-16,42.5,-111.0,270
2024-09-16,42.5,-110.5,90
2024-09-16,42.5,-109.5,90
2024-09-16,42.5,-108.0,90
2024-09-16,42.5,-106.0,90
2024-09-16,42.5,-105.5,270
2024-09-16,42.5,-105.0,90
2024-09-16,42.5,-104.5,630
2024-09-16,42.5,-104.0,540
2024-09-16,42.5,-103.5,720
2024-09-16,42.5,-103.0,990
2024-09-16,42.5,-102.5,360
2024-09-16,42.5,-102.0,450
2024-09-16,42.5,-101.5,2250
2024-09-16,42.5,-101.0,90
2024-09-16,42.5,-100.5,180
2024-09-16,42.5,-100.0,270
2024-09-16,42.5,-99.5,360
2024-09-16,42.5,-99.0,1350
2024-09-16,42.5,-98.5,1170
2024-09-16,42.5,-98.0,90
2024-09-16,42.5,-97.5,90
2024-09-16,42.5,-96.5,450
2024-09-16,42.5,-96.0,450
2024-09-16,42.5,-95.5,630
2024-09-16,42.5,-95.0,180
2024-09-16,42.5,-94.5,450
2024-09-16,42.5,-94.0,540
2024-09-16,42.5,-93.5,810
2024-09-16,42.5,-93.0,720
2024-09-16,42.5,-92.0,360
2024-09-16,42.5,-91.5,2340
2024-09-16,42.5,-91.0,3240
2024-09-16,42.5,-90.5,3240
2024-09-16,42.5,-90.0,1170
2024-09-16,42.5,-89.5,900
2024-09-16,42.5,-89.0,450
2024-09-16,42.5,-88.5,180
2024-09-16,42.5,-88.0,180
2024-09-16,42.5,-86.0,90
2024-09-16,42.5,-81.5,90
2024-09-16,42.5,-80.5,810
2024-09-16,42.5,-78.5,630
2024-09-16,43.0,-118.5,450
2024-09-16,43.0,-118.0,270
2024-09-16,43.0,-117.0,90
2024-09-16,43.0,-116.5,90
2024-09-16,43.0,-116.0,540
2024-09-16,43.0,-114.5,90
2024-09-16,43.0,-113.0,90
2024-09-16,43.0,-112.5,90
2024-09-16,43.0,-112.0,90
2024-09-16,43.0,-111.0,90
2024-09-16,43.0,-109.5,180
2024-09-16,43.0,-108.0,90
2024-09-16,43.0,-105.5,180
2024-09-16,43.0,-105.0,720
2024-09-16,43.0,-104.5,180
2024-09-16,43.0,-104.0,810
2024-09-16,43.0,-103.5,450
2024-09-16,43.0,-103.0,270
2024-09-16,43.0,-102.5,270
2024-09-16,43.0,-102.0,720
2024-09-16,43.0,-101.5,270
2024-09-16,43.0,-99.0,270
2024-09-16,43.0,-98.5,540
2024-09-16,43.0,-98.0,990
2024-09-16,43.0,-97.5,720
2024-09-16,43.0,-96.5,450
2024-09-16,43.0,-96.0,360
2024-09-16,43.0,-95.5,1080
2024-09-16,43.0,-95.0,1890
2024-09-16,43.0,-94.5,1710
2024-09-16,43.0,-94.0,720
2024-09-16,43.0,-93.5,810
2024-09-16,43.0,-93.0,630
2024-09-16,43.0,-92.5,2430
2024-09-16,43.0,-92.0,2250
2024-09-16,43.0,-91.5,3960
2024-09-16,43.0,-91.0,4950
2024-09-16,43.0,-90.5,2880
2024-09-16,43.0,-90.0,2970
2024-09-16,43.0,-89.5,1620
2024-09-16,43.0,-89.0,180
2024-09-16,43.0,-88.5,90
2024-09-16,43.0,-80.5,1620
2024-09-16,43.0,-80.0,450
2024-09-16,43.5,-118.5,90
2024-09-16,43.5,-118.0,270
2024-09-16,43.5,-116.5,90
2024-09-16,43.5,-116.0,810
2024-09-16,43.5,-115.5,180
2024-09-16,43.5,-114.5,90
2024-09-16,43.5,-113.5,90
2024-09-16,43.5,-112.5,90
2024-09-16,43.5,-112.0,270
2024-09-16,43.5,-111.5,180
2024-09-16,43.5,-110.5,180
2024-09-16,43.5,-106.0,270
2024-09-16,43.5,-105.5,180
2024-09-16,43.5,-105.0,1800
2024-09-16,43.5,-104.5,900
2024-09-16,43.5,-104.0,720
2024-09-16,43.5,-103.5,1620
2024-09-16,43.5,-103.0,270
2024-09-16,43.5,-102.0,180
2024-09-16,43.5,-101.5,90
2024-09-16,43.5,-100.0,90
2024-09-16,43.5,-99.0,360
2024-09-16,43.5,-98.5,90
2024-09-16,43.5,-98.0,360
2024-09-16,43.5,-97.5,720
2024-09-16,43.5,-97.0,720
2024-09-16,43.5,-96.5,270
2024-09-16,43.5,-96.0,90
2024-09-16,43.5,-95.0,180
2024-09-16,43.5,-94.5,900
2024-09-16,43.5,-94.0,1530
2024-09-16,43.5,-93.5,1170
2024-09-16,43.5,-93.0,1170
2024-09-16,43.5,-92.5,2160
2024-09-16,43.5,-92.0,1710
2024-09-16,43.5,-91.5,5310
2024-09-16,43.5,-91.0,4050
2024-09-16,43.5,-90.5,4590
2024-09-16,43.5,-90.0,2250
2024-09-16,43.5,-89.5,1170
2024-09-16,43.5,-89.0,180
2024-09-16,43.5,-88.5,180
2024-09-16,43.5,-85.0,180
2024-09-16,43.5,-84.5,90
2024-09-16,43.5,-80.0,720
2024-09-16,43.5,-79.5,270
2024-09-16,44.0,-117.5,90
2024-09-16,44.0,-116.5,180
2024-09-16,44.0,-116.0,90
2024-09-16,44.0,-115.5,90
2024-09-16,44.0,-115.0,90
2024-09-16,44.0,-114.0,90
2024-09-16,44.0,-112.5,180
2024-09-16,44.0,-111.5,630
2024-09-16,44.0,-111.0,90
2024-09-16,44.0,-110.5,270
2024-09-16,44.0,-110.0,180
2024-09-16,44.0,-106.5,90
2024-09-16,44.0,-105.0,1080
2024-09-16,44.0,-104.5,900
2024-09-16,44.0,-104.0,450
2024-09-16,44.0,-103.5,630
2024-09-16,44.0,-103.0,900
2024-09-16,44.0,-102.5,360
2024-09-16,44.0,-102.0,90
2024-09-16,44.0,-101.5,270
2024-09-16,44.0,-99.5,90
2024-09-16,44.0,-98.5,270
2024-09-16,44.0,-98.0,180
2024-09-16,44.0,-97.5,450
2024-09-16,44.0,-97.0,360
2024-09-16,44.0,-96.5,900
2024-09-16,44.0,-96.0,180
2024-09-16,44.0,-95.0,90
2024-09-16,44.0,-94.0,540
2024-09-16,44.0,-93.5,1530
2024-09-16,44.0,-93.0,2610
2024-09-16,44.0,-92.5,2430
2024-09-16,44.0,-92.0,1440
2024-09-16,44.0,-91.5,1440
2024-09-16,44.0,-91.0,1710
2024-09-16,44.0,-90.5,2520
2024-09-16,44.0,-90.0,1530
2024-09-16,44.0,-89.5,1620
2024-09-16,44.0,-89.0,630
2024-09-16,44.0,-88.5,360
2024-09-16,44.0,-84.5,180
2024-09-16,44.0,-80.0,810
2024-09-16,44.5,-118.0,90
2024-09-16,44.5,-117.5,90
2024-09-16,44.5,-117.0,90
2024-09-16,44.5,-116.5,90
2024-09-16,44.5,-115.5,90
2024-09-16,44.5,-115.0,90
2024-09-16,44.5,-114.0,90
2024-09-16,44.5,-111.5,450
2024-09-16,44.5,-111.0,270
2024-09-16,44.5,-110.5,540
2024-09-16,44.5,-110.0,630
2024-09-16,44.5,-109.0,90
2024-09-16,44.5,-107.0,180
2024-09-16,44.5,-105.5,90
2024-09-16,44.5,-105.0,540
2024-09-16,44.5,-104.5,2250
2024-09-16,44.5,-104.0,1530
2024-09-16,44.5,-103.5,90
2024-09-16,44.5,-103.0,720
2024-09-16,44.5,-102.5,1800
2024-09-16,44.5,-102.0,990
2024-09-16,44.5,-101.5,180
2024-09-16,44.5,-99.0,180
2024-09-16,44.5,-97.5,90
2024-09-16,44.5,-97.0,360
2024-09-16,44.5,-96.5,900
2024-09-16,44.5,-96.0,900
2024-09-16,44.5,-95.5,1440
2024-09-16,44.5,-95.0,270
2024-09-16,44.5,-94.5,180
2024-09-16,44.5,-93.5,360
2024-09-16,44.5,-93.0,1440
2024-09-16,44.5,-92.5,1170
2024-09-16,44.5,-92.0,3240
2024-09-16,44.5,-91.5,2520
2024-09-16,44.5,-91.0,2430
2024-09-16,44.5,-90.5,1710
2024-09-16,44.5,-90.0,3240
2024-09-16,44.5,-89.5,540
2024-09-16,44.5,-85.5,90
2024-09-16,44.5,-83.5,90
2024-09-16,44.5,-83.0,540
2024-09-16,44.5,-80.0,90
2024-09-16,45.0,-116.0,180
2024-09-16,45.0,-115.5,450
2024-09-16,45.0,-115.0,180
2024-09-16,45.0,-114.5,540
2024-09-16,45.0,-114.0,90
2024-09-16,45.0,-113.5,180
2024-09-16,45.0,-111.5,360
2024-09-16,45.0,-110.5,180
2024-09-16,45.0,-110.0,90
2024-09-16,45.0,-108.0,90
2024-09-16,45.0,-106.5,90
2024-09-16,45.0,-105.5,450
2024-09-16,45.0,-105.0,180
2024-09-16,45.0,-104.5,540
2024-09-16,45.0,-104.0,900
2024-09-16,45.0,-103.5,1260
2024-09-16,45.0,-103.0,720
2024-09-16,45.0,-102.5,1080
2024-09-16,45.0,-102.0,4770
2024-09-16,45.0,-101.5,540
2024-09-16,45.0,-97.0,90
2024-09-16,45.0,-96.5,180
2024-09-16,45.0,-96.0,540
2024-09-16,45.0,-95.5,540
2024-09-16,45.0,-95.0,1350
2024-09-16,45.0,-94.5,540
2024-09-16,45.0,-94.0,990
2024-09-16,45.0,-93.5,810
2024-09-16,45.0,-93.0,2430
2024-09-16,45.0,-92.5,1170
2024-09-16,45.0,-92.0,1710
2024-09-16,45.0,-91.5,810
2024-09-16,45.0,-91.0,2070
2024-09-16,45.0,-90.5,990
2024-09-16,45.0,-90.0,450
2024-09-16,45.0,-88.5,90
2024-09-16,45.0,-88.0,90
2024-09-16,45.0,-86.5,90
2024-09-16,45.0,-84.0,180
2024-09-16,45.0,-83.5,450
2024-09-16,45.0,-83.0,270
2024-09-16,45.0,-81.0,90
2024-09-16,45.5,-115.5,360
2024-09-16,45.5,-115.0,270
2024-09-16,45.5,-114.5,180
2024-09-16,45.5,-114.0,90
2024-09-16,45.5,-113.0,90
2024-09-16,45.5,-112.0,90
2024-09-16,45.5,-111.5,180
2024-09-16,45.5,-110.5,180
2024-09-16,45.5,-109.5,90
2024-09-16,45.5,-107.5,270
2024-09-16,45.5,-106.0,90
2024-09-16,45.5,-105.5,450
2024-09-16,45.5,-105.0,90
2024-09-16,45.5,-103.5,900
2024-09-16,45.5,-103.0,2340
2024-09-16,45.5,-102.5,720
2024-09-16,45.5,-102.0,630
2024-09-16,45.5,-101.5,180
2024-09-16,45.5,-97.0,90
2024-09-16,45.5,-96.5,360
2024-09-16,45.5,-95.5,270
2024-09-16,45.5,-95.0,270
2024-09-16,45.5,-94.5,630
2024-09-16,45.5,-94.0,720
2024-09-16,45.5,-93.5,1260
2024-09-16,45.5,-93.0,900
2024-09-16,45.5,-92.5,1440
2024-09-16,45.5,-92.0,270
2024-09-16,45.5,-91.5,360
2024-09-16,45.5,-91.0,180
2024-09-16,45.5,-90.5,90
2024-09-16,45.5,-90.0,90
2024-09-16,45.5,-89.5,90
2024-09-16,45.5,-88.0,90
2024-09-16,45.5,-87.5,90
2024-09-16,45.5,-86.0,90
2024-09-16,45.5,-84.0,270
2024-09-16,45.5,-83.5,180
2024-09-16,46.0,-115.5,270
2024-09-16,46.0,-115.0,90
2024-09-16,46.0,-113.5,180
2024-09-16,46.0,-113.0,270
2024-09-16,46.0,-112.5,360
2024-09-16,46.0,-111.0,90
2024-09-16,46.0,-110.5,90
2024-09-16,46.0,-109.5,180
2024-09-16,46.0,-109.0,90
2024-09-16,46.0,-108.5,90
2024-09-16,46.0,-107.5,90
2024-09-16,46.0,-106.0,90
2024-09-16,46.0,-105.5,90
2024-09-16,46.0,-105.0,360
2024-09-16,46.0,-104.5,90
2024-09-16,46.0,-103.5,360
2024-09-16,46.0,-103.0,720
2024-09-16,46.0,-102.5,990
2024-09-16,46.0,-102.0,180
2024-09-16,46.0,-101.5,630
2024-09-16,46.0,-101.0,270
2024-09-16,46.0,-100.5,90
2024-09-16,46.0,-99.0,180
2024-09-16,46.0,-95.5,1170
2024-09-16,46.0,-95.0,450
2024-09-16,46.0,-94.5,450
2024-09-16,46.0,-94.0,1170
2024-09-16,46.0,-93.5,180
2024-09-16,46.0,-93.0,1080
2024-09-16,46.0,-92.5,2970
2024-09-16,46.0,-92.0,270
2024-09-16,46.0,-87.5,90
2024-09-16,46.0,-87.0,90
2024-09-16,46.0,-86.0,90
2024-09-16,46.0,-84.5,90
2024-09-16,46.0,-84.0,90
2024-09-16,46.5,-111.0,180
2024-09-16,46.5,-110.0,90
2024-09-16,46.5,-109.5,90
2024-09-16,46.5,-107.5,90
2024-09-16,46.5,-107.0,450
2024-09-16,46.5,-105.5,90
2024-09-16,46.5,-105.0,540
2024-09-16,46.5,-104.5,180
2024-09-16,46.5,-104.0,90
2024-09-16,46.5,-103.5,90
2024-09-16,46.5,-103.0,90
2024-09-16,46.5,-102.5,720
2024-09-16,46.5,-102.0,450
2024-09-16,46.5,-101.5,270
2024-09-16,46.5,-101.0,360
2024-09-16,46.5,-100.5,90
2024-09-16,46.5,-100.0,90
2024-09-16,46.5,-99.0,450
2024-09-16,46.5,-98.5,90
2024-09-16,46.5,-98.0,90
2024-09-16,46.5,-97.0,180
2024-09-16,46.5,-96.5,90
2024-09-16,46.5,-96.0,450
2024-09-16,46.5,-95.5,1890
2024-09-16,46.5,-95.0,540
2024-09-16,46.5,-94.5,450
2024-09-16,46.5,-94.0,810
2024-09-16,46.5,-93.5,450
2024-09-16,46.5,-93.0,900
2024-09-16,46.5,-92.5,900
2024-09-16,46.5,-92.0,180
2024-09-16,46.5,-91.5,180
2024-09-16,46.5,-91.0,360
2024-09-16,46.5,-90.5,90
2024-09-16,46.5,-90.0,630
2024-09-16,46.5,-89.5,180
2024-09-16,46.5,-88.0,90
2024-09-16,46.5,-87.5,180
2024-09-16,46.5,-87.0,90
2024-09-16,46.5,-86.0,90
2024-09-16,46.5,-85.5,90
2024-09-16,46.5,-84.5,180
2024-09-16,47.0,-114.0,90
2024-09-16,47.0,-110.0,630
2024-09-16,47.0,-109.5,270
2024-09-16,47.0,-109.0,180
2024-09-16,47.0,-108.5,90
2024-09-16,47.0,-108.0,270
2024-09-16,47.0,-106.0,90
2024-09-16,47.0,-105.5,540
2024-09-16,47.0,-105.0,990
2024-09-16,47.0,-104.0,180
2024-09-16,47.0,-103.5,720
2024-09-16,47.0,-103.0,180
2024-09-16,47.0,-102.5,180
2024-09-16,47.0,-102.0,2970
2024-09-16,47.0,-101.5,1170
2024-09-16,47.0,-101.0,990
2024-09-16,47.0,-100.5,900
2024-09-16,47.0,-100.0,180
2024-09-16,47.0,-99.5,1080
2024-09-16,47.0,-99.0,90
2024-09-16,47.0,-98.5,540
2024-09-16,47.0,-98.0,90
2024-09-16,47.0,-97.5,450
2024-09-16,47.0,-97.0,180
2024-09-16,47.0,-96.5,270
2024-09-16,47.0,-96.0,720
2024-09-16,47.0,-95.5,2160
2024-09-16,47.0,-95.0,2520
2024-09-16,47.0,-94.5,540
2024-09-16,47.0,-94.0,360
2024-09-16,47.0,-93.5,2430
2024-09-16,47.0,-93.0,1170
2024-09-16,47.0,-92.5,2340
2024-09-16,47.0,-92.0,270
2024-09-16,47.0,-91.5,180
2024-09-16,47.0,-90.5,270
2024-09-16,47.0,-90.0,90
2024-09-16,47.0,-89.0,360
2024-09-16,47.0,-87.5,180
2024-09-16,47.5,-113.5,90
2024-09-16,47.5,-113.0,90
2024-09-16,47.5,-112.5,180
2024-09-16,47.5,-110.5,90
2024-09-16,47.5,-110.0,360
2024-09-16,47.5,-109.5,90
2024-09-16,47.5,-109.0,270
2024-09-16,47.5,-108.5,270
2024-09-16,47.5,-108.0,180
2024-09-16,47.5,-106.5,90
2024-09-16,47.5,-106.0,180
2024-09-16,47.5,-105.5,450
2024-09-16,47.5,-105.0,540
2024-09-16,47.5,-104.5,270
2024-09-16,47.5,-104.0,1440
2024-09-16,47.5,-103.5,90
2024-09-16,47.5,-103.0,990
2024-09-16,47.5,-102.5,1080
2024-09-16,47.5,-102.0,4680
2024-09-16,47.5,-101.5,4860
2024-09-16,47.5,-101.0,5760
2024-09-16,47.5,-100.5,4410
2024-09-16,47.5,-100.0,630
2024-09-16,47.5,-99.5,540
2024-09-16,47.5,-99.0,540
2024-09-16,47.5,-98.5,270
2024-09-16,47.5,-98.0,450
2024-09-16,47.5,-97.5,90
2024-09-16,47.5,-97.0,450
2024-09-16,47.5,-96.0,180
2024-09-16,47.5,-95.5,810
2024-09-16,47.5,-95.0,2790
2024-09-16,47.5,-94.5,1260
2024-09-16,47.5,-94.0,810
2024-09-16,47.5,-93.5,1080
2024-09-16,47.5,-93.0,900
2024-09-16,47.5,-92.5,540
2024-09-16,47.5,-92.0,1530
2024-09-16,47.5,-91.5,810
2024-09-16,47.5,-91.0,180
2024-09-16,47.5,-90.5,270
2024-09-16,47.5,-90.0,180
2024-09-16,47.5,-89.5,90
2024-09-16,47.5,-89.0,90
2024-09-16,47.5,-88.5,450
2024-09-16,47.5,-88.0,180
2024-09-16,47.5,-87.5,90
2024-09-16,47.5,-85.5,90
2024-09-16,47.5,-83.5,180
2024-09-16,48.0,-111.5,90
2024-09-16,48.0,-110.5,90
2024-09-16,48.0,-110.0,90
2024-09-16,48.0,-109.5,180
2024-09-16,48.0,-109.0,180
2024-09-16,48.0,-108.5,180
2024-09-16,48.0,-108.0,90
2024-09-16,48.0,-107.5,270
2024-09-16,48.0,-107.0,90
2024-09-16,48.0,-106.5,1080
2024-09-16,48.0,-106.0,1080
2024-09-16,48.0,-105.5,1440
2024-09-16,48.0,-105.0,1980
2024-09-16,48.0,-104.5,450
2024-09-16,48.0,-103.5,180
2024-09-16,48.0,-103.0,360
2024-09-16,48.0,-102.5,540
2024-09-16,48.0,-102.0,450
2024-09-16,48.0,-101.5,1890
2024-09-16,48.0,-101.0,4410
2024-09-16,48.0,-100.5,6390
2024-09-16,48.0,-100.0,5670
2024-09-16,48.0,-99.5,2790
2024-09-16,48.0,-99.0,2070
2024-09-16,48.0,-98.5,1350
2024-09-16,48.0,-98.0,360
2024-09-16,48.0,-97.5,2070
2024-09-16,48.0,-97.0,2340
2024-09-16,48.0,-96.5,1350
2024-09-16,48.0,-96.0,360
2024-09-16,48.0,-95.5,450
2024-09-16,48.0,-95.0,1080
2024-09-16,48.0,-94.5,450
2024-09-16,48.0,-94.0,1350
2024-09-16,48.0,-93.5,1530
2024-09-16,48.0,-93.0,990
2024-09-16,48.0,-92.5,1530
2024-09-16,48.0,-92.0,1170
2024-09-16,48.0,-91.5,630
2024-09-16,48.0,-91.0,90
2024-09-16,48.0,-90.5,810
2024-09-16,48.0,-90.0,360
2024-09-16,48.0,-89.5,180
2024-09-16,48.0,-88.5,90
2024-09-16,48.0,-87.5,180
2024-09-16,48.0,-87.0,90
2024-09-16,48.0,-86.5,90
2024-09-16,48.0,-72.5,90
2024-09-16,48.0,-72.0,180
2024-09-16,48.5,-110.5,180
2024-09-16,48.5,-109.5,360
2024-09-16,48.5,-108.5,630
2024-09-16,48.5,-107.5,180
2024-09-16,48.5,-106.5,180
2024-09-16,48.5,-106.0,630
2024-09-16,48.5,-105.5,1530
2024-09-16,48.5,-105.0,630
2024-09-16,48.5,-104.5,540
2024-09-16,48.5,-104.0,450
2024-09-16,48.5,-103.5,270
2024-09-16,48.5,-103.0,180
2024-09-16,48.5,-102.5,180
2024-09-16,48.5,-102.0,630
2024-09-16,48.5,-101.5,360
2024-09-16,48.5,-101.0,180
2024-09-16,48.5,-100.5,1080
2024-09-16,48.5,-100.0,1260
2024-09-16,48.5,-99.5,1980
2024-09-16,48.5,-99.0,5220
2024-09-16,48.5,-98.5,4770
2024-09-16,48.5,-98.0,2250
2024-09-16,48.5,-97.5,1980
2024-09-16,48.5,-97.0,1170
2024-09-16,48.5,-96.5,1620
2024-09-16,48.5,-96.0,630
2024-09-16,48.5,-95.5,990
2024-09-16,48.5,-95.0,450
2024-09-16,48.5,-94.5,720
2024-09-16,48.5,-94.0,2250
2024-09-16,48.5,-93.5,1620
2024-09-16,48.5,-93.0,2250
2024-09-16,48.5,-92.5,2970
2024-09-16,48.5,-92.0,1890
2024-09-16,48.5,-91.5,1980
2024-09-16,48.5,-91.0,360
2024-09-16,48.5,-90.5,900
2024-09-16,48.5,-89.5,90
2024-09-16,48.5,-89.0,90
2024-09-16,48.5,-88.5,90
2024-09-16,48.5,-88.0,90
2024-09-16,48.5,-87.5,90
2024-09-16,48.5,-82.5,90
2024-09-16,49.0,-116.5,90
2024-09-16,49.0,-114.0,90
2024-09-16,49.0,-112.5,180
2024-09-16,49.0,-110.0,90
2024-09-16,49.0,-109.5,270
2024-09-16,49.0,-108.5,90
2024-09-16,49.0,-108.0,810
2024-09-16,49.0,-107.5,990
2024-09-16,49.0,-107.0,180
2024-09-16,49.0,-105.5,630
2024-09-16,49.0,-105.0,1980
2024-09-16,49.0,-104.5,360
2024-09-16,49.0,-104.0,90
2024-09-16,49.0,-103.5,450
2024-09-16,49.0,-103.0,90
2024-09-16,49.0,-102.5,270
2024-09-16,49.0,-102.0,180
2024-09-16,49.0,-101.5,90
2024-09-16,49.0,-101.0,360
2024-09-16,49.0,-100.5,90
2024-09-16,49.0,-100.0,1890
2024-09-16,49.0,-99.5,1440
2024-09-16,49.0,-99.0,900
2024-09-16,49.0,-98.5,1440
2024-09-16,49.0,-98.0,2970
2024-09-16,49.0,-97.5,2160
2024-09-16,49.0,-97.0,1530
2024-09-16,49.0,-96.5,1530
2024-09-16,49.0,-96.0,810
2024-09-16,49.0,-95.5,810
2024-09-16,49.0,-95.0,540
2024-09-16,49.0,-94.5,1440
2024-09-16,49.0,-94.0,2790
2024-09-16,49.0,-93.5,2430
2024-09-16,49.0,-93.0,1620
2024-09-16,49.0,-92.5,540
2024-09-16,49.0,-92.0,900
2024-09-16,49.0,-91.5,900
2024-09-16,49.0,-91.0,450
2024-09-16,49.0,-90.0,180
2024-09-16,49.0,-89.0,90
2024-09-16,49.0,-88.5,180
2024-09-16,49.0,-82.0,90
2024-09-16,49.5,-111.5,180
2024-09-16,49.5,-108.5,360
2024-09-16,49.5,-108.0,720
2024-09-16,49.5,-107.5,1170
2024-09-16,49.5,-107.0,270
2024-09-16,49.5,-106.5,360
2024-09-16,49.5,-106.0,270
2024-09-16,49.5,-105.5,180
2024-09-16,49.5,-105.0,2070
2024-09-16,49.5,-104.5,270
2024-09-16,49.5,-104.0,180
2024-09-16,49.5,-103.5,180
2024-09-16,49.5,-103.0,270
2024-09-16,49.5,-102.0,540
2024-09-16,49.5,-101.5,90
2024-09-16,49.5,-101.0,90
2024-09-16,49.5,-100.5,90
2024-09-16,49.5,-100.0,2520
2024-09-16,49.5,-99.5,1170
2024-09-16,49.5,-99.0,900
2024-09-16,49.5,-98.5,90
2024-09-16,49.5,-98.0,270
2024-09-16,49.5,-97.5,810
2024-09-16,49.5,-97.0,1080
2024-09-16,49.5,-96.5,2070
2024-09-16,49.5,-96.0,450
2024-09-16,49.5,-95.5,630
2024-09-16,49.5,-95.0,360
2024-09-16,49.5,-94.5,1710
2024-09-16,49.5,-94.0,2250
2024-09-16,49.5,-93.5,630
2024-09-16,49.5,-93.0,720
2024-09-16,49.5,-92.5,630
2024-09-16,49.5,-92.0,1440
2024-09-16,49.5,-91.5,360
2024-09-16,49.5,-91.0,450
2024-09-16,49.5,-90.5,90
2024-09-16,49.5,-89.5,90
2024-09-16,49.5,-88.0,90
2024-09-16,49.5,-83.0,90
2024-09-16,49.5,-82.0,90
2024-09-16,49.5,-80.5,90
2024-09-16,49.5,-80.0,180
2024-09-16,49.5,-78.5,90
2024-09-16,49.5,-76.5,90
2024-09-16,49.5,-67.0,90
2024-09-16,49.5,-66.5,90
2024-09-16,49.5,-66.0,90
2024-09-16,50.0,-112.0,90
2024-09-16,50.0,-111.5,270
2024-09-16,50.0,-111.0,90
2024-09-16,50.0,-108.0,270
2024-09-16,50.0,-107.5,360
2024-09-16,50.0,-107.0,1620
2024-09-16,50.0,-106.5,270
2024-09-16,50.0,-106.0,540
2024-09-16,50.0,-105.5,360
2024-09-16,50.0,-105.0,630
2024-09-16,50.0,-104.5,360
2024-09-16,50.0,-104.0,810
2024-09-16,50.0,-103.5,450
2024-09-16,50.0,-103.0,360
2024-09-16,50.0,-102.5,1080
2024-09-16,50.0,-102.0,360
2024-09-16,50.0,-101.5,810
2024-09-16,50.0,-101.0,180
2024-09-16,50.0,-100.0,1080
2024-09-16,50.0,-99.5,1260
2024-09-16,50.0,-99.0,360
2024-09-16,50.0,-98.5,90
2024-09-16,50.0,-98.0,90
2024-09-16,50.0,-97.0,360
2024-09-16,50.0,-96.5,180
2024-09-16,50.0,-96.0,810
2024-09-16,50.0,-95.5,720
2024-09-16,50.0,-95.0,720
2024-09-16,50.0,-94.5,1350
2024-09-16,50.0,-94.0,1800
2024-09-16,50.0,-93.5,2070
2024-09-16,50.0,-93.0,1800
2024-09-16,50.0,-92.5,2520
2024-09-16,50.0,-92.0,2430
2024-09-16,50.0,-91.5,360
2024-09-16,50.0,-91.0,630
2024-09-16,50.0,-90.5,450
2024-09-16,50.0,-90.0,90
2024-09-16,50.0,-89.0,90
2024-09-16,50.0,-86.5,90
2024-09-16,50.0,-86.0,90
2024-09-16,50.0,-85.0,90
2024-09-16,50.0,-83.5,90
2024-09-16,50.0,-83.0,450
2024-09-16,50.0,-82.0,90
2024-09-16,50.0,-81.0,450
2024-09-16,50.0,-80.5,180
2024-09-16,50.0,-80.0,90
2024-09-16,50.0,-79.5,270
2024-09-16,50.0,-79.0,90
2024-09-16,50.0,-78.5,270
2024-09-16,50.0,-78.0,90
2024-09-16,50.0,-77.5,90
2024-09-16,50.0,-76.5,180
2024-09-16,50.0,-75.5,180
2024-09-16,50.0,-69.0,270
2024-09-16,50.0,-68.0,270
2024-09-16,50.0,-67.5,270
2024-09-16,50.0,-66.0,90
2024-09-16,50.5,-119.0,90
2024-09-16,50.5,-114.0,270
2024-09-16,50.5,-111.5,90
2024-09-16,50.5,-111.0,90
2024-09-16,50.5,-108.5,90
2024-09-16,50.5,-107.5,720
2024-09-16,50.5,-107.0,720
2024-09-16,50.5,-106.5,450
2024-09-16,50.5,-106.0,180
2024-09-16,50.5,-105.5,810
2024-09-16,50.5,-105.0,630
2024-09-16,50.5,-104.5,900
2024-09-16,50.5,-104.0,1530
2024-09-16,50.5,-103.5,270
2024-09-16,50.5,-103.0,360
2024-09-16,50.5,-102.5,630
2024-09-16,50.5,-102.0,1350
2024-09-16,50.5,-101.5,90
2024-09-16,50.5,-100.5,270
2024-09-16,50.5,-100.0,450
2024-09-16,50.5,-99.5,810
2024-09-16,50.5,-99.0,90
2024-09-16,50.5,-98.5,90
2024-09-16,50.5,-98.0,90
2024-09-16,50.5,-96.5,360
2024-09-16,50.5,-96.0,270
2024-09-16,50.5,-95.0,270
2024-09-16,50.5,-94.5,90
2024-09-16,50.5,-94.0,540
2024-09-16,50.5,-93.5,900
2024-09-16,50.5,-93.0,1620
2024-09-16,50.5,-92.5,1080
2024-09-16,50.5,-92.0,1440
2024-09-16,50.5,-91.5,1530
2024-09-16,50.5,-91.0,1980
2024-09-16,50.5,-90.5,630
2024-09-16,50.5,-90.0,450
2024-09-16,50.5,-89.5,1620
2024-09-16,50.5,-89.0,540
2024-09-16,50.5,-88.5,270
2024-09-16,50.5,-84.0,180
2024-09-16,50.5,-82.5,180
2024-09-16,50.5,-81.5,630
2024-09-16,50.5,-81.0,270
2024-09-16,50.5,-80.5,270
2024-09-16,50.5,-80.0,360
2024-09-16,50.5,-79.5,270
2024-09-16,50.5,-79.0,180
2024-09-16,50.5,-78.5,90
2024-09-16,50.5,-78.0,90
2024-09-16,50.5,-77.0,90
2024-09-16,50.5,-76.5,90
2024-09-16,50.5,-76.0,90
2024-09-16,50.5,-75.5,90
2024-09-16,50.5,-74.5,270
2024-09-16,50.5,-73.5,270
2024-09-16,50.5,-73.0,90
2024-09-16,50.5,-72.0,90
2024-09-16,50.5,-71.0,90
2024-09-16,50.5,-70.5,180
2024-09-16,51.0,-119.0,90
2024-09-16,51.0,-113.5,90
2024-09-16,51.0,-113.0,90
2024-09-16,51.0,-112.5,180
2024-09-16,51.0,-112.0,90
2024-09-16,51.0,-111.0,90
2024-09-16,51.0,-110.5,90
2024-09-16,51.0,-110.0,90
2024-09-16,51.0,-108.5,180
2024-09-16,51.0,-108.0,450
2024-09-16,51.0,-107.5,180
2024-09-16,51.0,-107.0,450
2024-09-16,51.0,-106.5,360
2024-09-16,51.0,-106.0,180
2024-09-16,51.0,-105.5,90
2024-09-16,51.0,-105.0,180
2024-09-16,51.0,-104.5,180
2024-09-16,51.0,-104.0,180
2024-09-16,51.0,-103.0,90
2024-09-16,51.0,-102.5,450
2024-09-16,51.0,-102.0,270
2024-09-16,51.0,-100.5,270
2024-09-16,51.0,-100.0,180
2024-09-16,51.0,-99.5,90
2024-09-16,51.0,-96.5,90
2024-09-16,51.0,-95.5,180
2024-09-16,51.0,-95.0,270
2024-09-16,51.0,-94.5,90
2024-09-16,51.0,-94.0,90
2024-09-16,51.0,-93.5,180
2024-09-16,51.0,-93.0,540
2024-09-16,51.0,-92.5,540
2024-09-16,51.0,-92.0,360
2024-09-16,51.0,-91.5,900
2024-09-16,51.0,-91.0,270
2024-09-16,51.0,-90.5,360
2024-09-16,51.0,-90.0,630
2024-09-16,51.0,-89.5,720
2024-09-16,51.0,-89.0,810
2024-09-16,51.0,-88.5,630
2024-09-16,51.0,-88.0,90
2024-09-16,51.0,-87.5,360
2024-09-16,51.0,-87.0,180
2024-09-16,51.0,-86.5,720
2024-09-16,51.0,-86.0,360
2024-09-16,51.0,-85.0,90
2024-09-16,51.0,-84.5,90
2024-09-16,51.0,-82.0,90
2024-09-16,51.0,-81.5,90
2024-09-16,51.0,-81.0,270
2024-09-16,51.0,-80.5,270
2024-09-16,51.0,-80.0,90
2024-09-16,51.0,-79.5,180
2024-09-16,51.0,-79.0,90
2024-09-16,51.0,-78.5,270
2024-09-16,51.0,-78.0,90
2024-09-16,51.0,-77.5,90
2024-09-16,51.0,-77.0,90
2024-09-16,51.0,-76.0,180
2024-09-16,51.0,-75.0,270
2024-09-16,51.0,-74.5,540
2024-09-16,51.0,-74.0,270
2024-09-16,51.0,-73.5,270
2024-09-16,51.0,-73.0,180
2024-09-16,51.0,-72.0,90
2024-09-16,51.0,-71.0,90
2024-09-16,51.5,-114.0,90
2024-09-16,51.5,-113.5,180
2024-09-16,51.5,-113.0,90
2024-09-16,51.5,-112.5,450
2024-09-16,51.5,-112.0,90
2024-09-16,51.5,-111.0,180
2024-09-16,51.5,-108.0,270
2024-09-16,51.5,-107.5,630
2024-09-16,51.5,-107.0,540
2024-09-16,51.5,-106.5,360
2024-09-16,51.5,-106.0,270
2024-09-16,51.5,-105.5,180
2024-09-16,51.5,-105.0,90
2024-09-16,51.5,-102.5,90
2024-09-16,51.5,-100.0,270
2024-09-16,51.5,-99.5,180
2024-09-16,51.5,-99.0,360
2024-09-16,51.5,-98.0,180
2024-09-16,51.5,-97.5,90
2024-09-16,51.5,-96.0,90
2024-09-16,51.5,-95.5,630
2024-09-16,51.5,-92.5,360
2024-09-16,51.5,-92.0,1890
2024-09-16,51.5,-91.5,270
2024-09-16,51.5,-91.0,270
2024-09-16,51.5,-90.5,270
2024-09-16,51.5,-90.0,90
2024-09-16,51.5,-88.0,90
2024-09-16,51.5,-87.5,180
2024-09-16,51.5,-87.0,270
2024-09-16,51.5,-86.5,450
2024-09-16,51.5,-86.0,720
2024-09-16,51.5,-85.5,630
2024-09-16,51.5,-85.0,360
2024-09-16,51.5,-84.5,90
2024-09-16,51.5,-84.0,180
2024-09-16,51.5,-83.5,90
2024-09-16,51.5,-82.5,90
2024-09-16,51.5,-79.5,180
2024-09-16,51.5,-79.0,270
2024-09-16,51.5,-78.5,90
2024-09-16,51.5,-77.0,180
2024-09-16,51.5,-76.5,180
2024-09-16,51.5,-76.0,360
2024-09-16,51.5,-75.5,180
2024-09-16,51.5,-75.0,90
2024-09-16,51.5,-69.0,90
2024-09-16,52.0,-115.0,90
2024-09-16,52.0,-114.5,180
2024-09-16,52.0,-112.5,90
2024-09-16,52.0,-107.0,270
2024-09-16,52.0,-105.5,90
2024-09-16,52.0,-105.0,90
2024-09-16,52.0,-104.0,180
2024-09-16,52.0,-103.5,90
2024-09-16,52.0,-102.5,90
2024-09-16,52.0,-102.0,90
2024-09-16,52.0,-100.5,180
2024-09-16,52.0,-99.5,180
2024-09-16,52.0,-98.5,1800
2024-09-16,52.0,-98.0,360
2024-09-16,52.0,-97.5,360
2024-09-16,52.0,-97.0,180
2024-09-16,52.0,-95.5,810
2024-09-16,52.0,-95.0,180
2024-09-16,52.0,-92.5,90
2024-09-16,52.0,-92.0,360
2024-09-16,52.0,-91.5,180
2024-09-16,52.0,-91.0,270
2024-09-16,52.0,-90.5,90
2024-09-16,52.0,-90.0,180
2024-09-16,52.0,-88.5,180
2024-09-16,52.0,-87.0,90
2024-09-16,52.0,-85.0,90
2024-09-16,52.0,-83.5,90
2024-09-16,52.0,-82.5,90
2024-09-16,52.0,-79.5,90
2024-09-16,52.0,-79.0,270
2024-09-16,52.0,-78.5,90
2024-09-16,52.0,-77.5,90
2024-09-16,52.0,-75.5,90
2024-09-16,52.0,-72.0,180
2024-09-16,52.0,-69.5,90
2024-09-16,52.5,-113.5,90
2024-09-16,52.5,-108.5,90
2024-09-16,52.5,-104.5,90
2024-09-16,52.5,-104.0,90
2024-09-16,52.5,-103.0,90
2024-09-16,52.5,-99.5,360
2024-09-16,52.5,-99.0,360
2024-09-16,52.5,-98.5,630
2024-09-16,52.5,-98.0,810
2024-09-16,52.5,-97.5,990
2024-09-16,52.5,-97.0,360
2024-09-16,52.5,-96.5,270
2024-09-16,52.5,-96.0,270
2024-09-16,52.5,-95.5,180
2024-09-16,52.5,-95.0,180
2024-09-16,52.5,-94.5,90
2024-09-16,52.5,-93.5,90
2024-09-16,52.5,-93.0,90
2024-09-16,52.5,-92.0,90
2024-09-16,52.5,-91.5,720
2024-09-16,52.5,-86.5,90
2024-09-16,52.5,-85.5,90
2024-09-16,52.5,-84.0,180
2024-09-16,52.5,-83.5,180
2024-09-16,52.5,-83.0,450
2024-09-16,52.5,-82.5,90
2024-09-16,52.5,-82.0,90
2024-09-16,52.5,-81.5,990
2024-09-16,52.5,-80.5,180
2024-09-16,52.5,-78.5,180
2024-09-16,52.5,-77.5,90
2024-09-16,52.5,-76.0,180
2024-09-16,52.5,-72.0,90
2024-09-16,53.0,-118.0,90
2024-09-16,53.0,-102.0,180
2024-09-16,53.0,-101.0,90
2024-09-16,53.0,-100.5,450
2024-09-16,53.0,-100.0,90
2024-09-16,53.0,-99.5,1350
2024-09-16,53.0,-99.0,270
2024-09-16,53.0,-98.5,1440
2024-09-16,53.0,-98.0,450
2024-09-16,53.0,-97.5,270
2024-09-16,53.0,-97.0,90
2024-09-16,53.0,-96.5,450
2024-09-16,53.0,-96.0,180
2024-09-16,53.0,-95.0,90
2024-09-16,53.0,-93.5,90
2024-09-16,53.0,-93.0,90
2024-09-16,53.0,-92.0,720
2024-09-16,53.0,-91.5,90
2024-09-16,53.0,-91.0,180
2024-09-16,53.0,-86.0,450
2024-09-16,53.0,-85.5,630
2024-09-16,53.0,-85.0,180
2024-09-16,53.0,-84.5,90
2024-09-16,53.0,-84.0,180
2024-09-16,53.0,-83.5,270
2024-09-16,53.0,-83.0,90
2024-09-16,53.0,-82.5,90
2024-09-16,53.0,-82.0,90
2024-09-16,53.0,-81.5,180
2024-09-16,53.0,-79.0,720
2024-09-16,53.0,-78.5,270
2024-09-16,53.0,-78.0,270
2024-09-16,53.0,-77.5,90
2024-09-16,53.0,-76.5,180
2024-09-16,53.5,-108.0,90
2024-09-16,53.5,-101.5,90
2024-09-16,53.5,-100.5,90
2024-09-16,53.5,-100.0,180
2024-09-16,53.5,-99.5,180
2024-09-16,53.5,-99.0,270
2024-09-16,53.5,-98.5,540
2024-09-16,53.5,-97.5,270
2024-09-16,53.5,-97.0,270
2024-09-16,53.5,-95.5,90
2024-09-16,53.5,-95.0,180
2024-09-16,53.5,-94.5,270
2024-09-16,53.5,-93.0,90
2024-09-16,53.5,-92.0,90
2024-09-16,53.5,-91.5,90
2024-09-16,53.5,-87.0,90
2024-09-16,53.5,-86.0,90
2024-09-16,53.5,-85.5,90
2024-09-16,53.5,-83.5,90
2024-09-16,53.5,-82.5,180
2024-09-16,53.5,-82.0,90
2024-09-16,53.5,-81.5,90
2024-09-16,53.5,-81.0,270
2024-09-16,53.5,-80.5,270
2024-09-16,53.5,-80.0,90
2024-09-16,53.5,-79.5,180
2024-09-16,53.5,-79.0,180
2024-09-16,53.5,-78.5,360
2024-09-16,53.5,-78.0,90
2024-09-16,53.5,-75.5,270
2024-09-16,54.0,-101.5,90
2024-09-16,54.0,-99.5,90
2024-09-16,54.0,-98.5,180
2024-09-16,54.0,-98.0,540
2024-09-16,54.0,-97.5,180
2024-09-16,54.0,-97.0,720
2024-09-16,54.0,-96.5,450
2024-09-16,54.0,-96.0,450
2024-09-16,54.0,-95.0,180
2024-09-16,54.0,-93.5,90
2024-09-16,54.0,-92.0,90
2024-09-16,54.0,-91.5,180
2024-09-16,54.0,-91.0,90
2024-09-16,54.0,-85.5,90
2024-09-16,54.0,-84.0,90
2024-09-16,54.0,-83.5,180
2024-09-16,54.0,-83.0,540
2024-09-16,54.0,-82.5,360
2024-09-16,54.0,-82.0,270
2024-09-16,54.0,-81.5,720
2024-09-16,54.0,-81.0,720
2024-09-16,54.0,-80.5,990
2024-09-16,54.0,-80.0,1260
2024-09-16,54.0,-79.0,990
2024-09-16,54.0,-78.5,360
2024-09-16,54.0,-77.5,360
2024-09-16,54.0,-76.0,180
2024-09-16,54.0,-75.5,90
2024-09-16,54.5,-112.0,90
2024-09-16,54.5,-111.5,90
2024-09-16,54.5,-107.5,270
2024-09-16,54.5,-107.0,90
2024-09-16,54.5,-96.5,270
2024-09-16,54.5,-95.5,90
2024-09-16,54.5,-95.0,180
2024-09-16,54.5,-91.5,180
2024-09-16,54.5,-90.5,90
2024-09-16,54.5,-81.5,360
2024-09-16,54.5,-81.0,90
2024-09-16,54.5,-79.5,270
2024-09-16,54.5,-78.5,90
2024-09-16,54.5,-74.5,90
2024-09-23,20.0,-106.5,90
2024-09-23,20.0,-106.0,90
2024-09-23,20.0,-105.5,1710
2024-09-23,20.0,-104.5,810
2024-09-23,20.0,-104.0,1710
2024-09-23,20.0,-103.5,180
2024-09-23,20.0,-103.0,450
2024-09-23,20.0,-101.0,90
2024-09-23,20.0,-98.5,90
2024-09-23,20.0,-98.0,720
2024-09-23,20.0,-97.5,1170
2024-09-23,20.0,-97.0,180
2024-09-23,20.0,-96.5,270
2024-09-23,20.0,-96.0,90
2024-09-23,20.0,-95.5,90
2024-09-23,20.0,-95.0,90
2024-09-23,20.0,-94.5,270
2024-09-23,20.0,-94.0,360
2024-09-23,20.0,-93.5,90
2024-09-23,20.0,-93.0,90
2024-09-23,20.0,-92.5,180
2024-09-23,20.0,-92.0,990
2024-09-23,20.0,-91.0,90
2024-09-23,20.0,-90.5,90
2024-09-23,20.0,-90.0,450
2024-09-23,20.0,-89.5,360
2024-09-23,20.0,-89.0,900
2024-09-23,20.0,-88.5,900
2024-09-23,20.0,-88.0,450
2024-09-23,20.0,-87.5,540
2024-09-23,20.0,-87.0,270
2024-09-23,20.0,-86.5,450
2024-09-23,20.0,-86.0,270
2024-09-23,20.0,-84.5,450
2024-09-23,20.0,-84.0,540
2024-09-23,20.0,-83.5,180
2024-09-23,20.0,-83.0,630
2024-09-23,20.0,-82.5,270
2024-09-23,20.0,-82.0,90
2024-09-23,20.0,-81.5,180
2024-09-23,20.0,-81.0,90
2024-09-23,20.0,-80.5,270
2024-09-23,20.0,-80.0,90
2024-09-23,20.0,-79.5,630
2024-09-23,20.0,-79.0,450
2024-09-23,20.0,-78.5,450
2024-09-23,20.0,-78.0,180
2024-09-23,20.0,-77.5,360
2024-09-23,20.0,-77.0,900
2024-09-23,20.0,-76.5,360
2024-09-23,20.0,-76.0,2520
2024-09-23,20.0,-75.5,1620
2024-09-23,20.0,-75.0,810
2024-09-23,20.0,-74.5,180
2024-09-23,20.0,-73.5,90
2024-09-23,20.0,-73.0,720
2024-09-23,20.0,-72.5,450
2024-09-23,20.0,-72.0,90
2024-09-23,20.0,-71.0,90
2024-09-23,20.0,-66.0,90
2024-09-23,20.0,-65.5,90
2024-09-23,20.5,-106.0,450
2024-09-23,20.5,-105.5,1890
2024-09-23,20.5,-104.0,270
2024-09-23,20.5,-103.5,990
2024-09-23,20.5,-103.0,450
2024-09-23,20.5,-102.5,90
2024-09-23,20.5,-102.0,90
2024-09-23,20.5,-99.0,180
2024-09-23,20.5,-98.5,540
2024-09-23,20.5,-98.0,450
2024-09-23,20.5,-95.5,180
2024-09-23,20.5,-94.5,360
2024-09-23,20.5,-94.0,360
2024-09-23,20.5,-93.5,540
2024-09-23,20.5,-92.5,630
2024-09-23,20.5,-92.0,540
2024-09-23,20.5,-91.5,270
2024-09-23,20.5,-90.5,630
2024-09-23,20.5,-90.0,360
2024-09-23,20.5,-89.5,1260
2024-09-23,20.5,-89.0,1260
2024-09-23,20.5,-88.5,540
2024-09-23,20.5,-88.0,720
2024-09-23,20.5,-87.5,900
2024-09-23,20.5,-87.0,630
2024-09-23,20.5,-86.5,540
2024-09-23,20.5,-86.0,180
2024-09-23,20.5,-85.0,90
2024-09-23,20.5,-84.5,270
2024-09-23,20.5,-84.0,90
2024-09-23,20.5,-83.5,630
2024-09-23,20.5,-83.0,90
2024-09-23,20.5,-82.5,180
2024-09-23,20.5,-81.0,90
2024-09-23,20.5,-80.5,90
2024-09-23,20.5,-79.5,540
2024-09-23,20.5,-79.0,270
2024-09-23,20.5,-78.5,90
2024-09-23,20.5,-78.0,270
2024-09-23,20.5,-77.5,450
2024-09-23,20.5,-77.0,1620
2024-09-23,20.5,-76.5,2520
2024-09-23,20.5,-76.0,1170
2024-09-23,20.5,-75.5,810
2024-09-23,20.5,-75.0,2340
2024-09-23,20.5,-74.5,90
2024-09-23,20.5,-74.0,90
2024-09-23,20.5,-73.5,90
2024-09-23,20.5,-72.5,270
2024-09-23,20.5,-70.0,90
2024-09-23,20.5,-69.5,270
2024-09-23,20.5,-69.0,90
2024-09-23,20.5,-66.0,90
2024-09-23,21.0,-106.0,180
2024-09-23,21.0,-105.5,4320
2024-09-23,21.0,-105.0,360
2024-09-23,21.0,-104.0,360
2024-09-23,21.0,-103.5,90
2024-09-23,21.0,-103.0,270
2024-09-23,21.0,-102.5,90
2024-09-23,21.0,-99.0,360
2024-09-23,21.0,-98.5,450
2024-09-23,21.0,-98.0,90
2024-09-23,21.0,-97.5,180
2024-09-23,21.0,-96.5,90
2024-09-23,21.0,-95.5,90
2024-09-23,21.0,-95.0,90
2024-09-23,21.0,-94.5,180
2024-09-23,21.0,-94.0,540
2024-09-23,21.0,-93.5,360
2024-09-23,21.0,-93.0,90
2024-09-23,21.0,-92.5,180
2024-09-23,21.0,-92.0,1170
2024-09-23,21.0,-91.5,270
2024-09-23,21.0,-91.0,180
2024-09-23,21.0,-90.5,90
2024-09-23,21.0,-90.0,360
2024-09-23,21.0,-89.5,810
2024-09-23,21.0,-89.0,630
2024-09-23,21.0,-88.5,720
2024-09-23,21.0,-88.0,270
2024-09-23,21.0,-87.5,90
2024-09-23,21.0,-87.0,90
2024-09-23,21.0,-86.5,270
2024-09-23,21.0,-86.0,900
2024-09-23,21.0,-85.5,360
2024-09-23,21.0,-84.5,900
2024-09-23,21.0,-84.0,180
2024-09-23,21.0,-83.5,720
2024-09-23,21.0,-82.5,270
2024-09-23,21.0,-82.0,180
2024-09-23,21.0,-81.5,180
2024-09-23,21.0,-81.0,270
2024-09-23,21.0,-80.5,630
2024-09-23,21.0,-80.0,360
2024-09-23,21.0,-79.5,180
2024-09-23,21.0,-79.0,90
2024-09-23,21.0,-78.5,450
2024-09-23,21.0,-78.0,1260
2024-09-23,21.0,-77.5,1260
2024-09-23,21.0,-77.0,1080
2024-09-23,21.0,-76.5,1620
2024-09-23,21.0,-76.0,360
2024-09-23,21.0,-75.5,900
2024-09-23,21.0,-74.5,450
2024-09-23,21.0,-74.0,630
2024-09-23,21.0,-65.5,90
2024-09-23,21.5,-107.5,90
2024-09-23,21.5,-107.0,90
2024-09-23,21.5,-106.5,180
2024-09-23,21.5,-106.0,270
2024-09-23,21.5,-105.5,2610
2024-09-23,21.5,-105.0,1890
2024-09-23,21.5,-104.5,540
2024-09-23,21.5,-104.0,180
2024-09-23,21.5,-103.5,90
2024-09-23,21.5,-99.5,90
2024-09-23,21.5,-99.0,180
2024-09-23,21.5,-98.0,270
2024-09-23,21.5,-97.5,90
2024-09-23,21.5,-96.0,90
2024-09-23,21.5,-94.5,270
2024-09-23,21.5,-93.5,450
2024-09-23,21.5,-93.0,90
2024-09-23,21.5,-92.5,360
2024-09-23,21.5,-92.0,90
2024-09-23,21.5,-91.5,270
2024-09-23,21.5,-91.0,180
2024-09-23,21.5,-90.5,90
2024-09-23,21.5,-90.0,360
2024-09-23,21.5,-89.5,180
2024-09-23,21.5,-89.0,180
2024-09-23,21.5,-88.5,450
2024-09-23,21.5,-87.5,90
2024-09-23,21.5,-87.0,90
2024-09-23,21.5,-86.5,90
2024-09-23,21.5,-85.5,180
2024-09-23,21.5,-85.0,90
2024-09-23,21.5,-84.5,630
2024-09-23,21.5,-84.0,360
2024-09-23,21.5,-83.5,270
2024-09-23,21.5,-83.0,90
2024-09-23,21.5,-82.0,180
2024-09-23,21.5,-81.5,810
2024-09-23,21.5,-81.0,360
2024-09-23,21.5,-80.5,630
2024-09-23,21.5,-80.0,900
2024-09-23,21.5,-79.5,450
2024-09-23,21.5,-79.0,720
2024-09-23,21.5,-78.5,540
2024-09-23,21.5,-78.0,360
2024-09-23,21.5,-77.5,900
2024-09-23,21.5,-77.0,1620
2024-09-23,21.5,-76.5,180
2024-09-23,21.5,-76.0,90
2024-09-23,21.5,-75.5,270
2024-09-23,21.5,-75.0,360
2024-09-23,21.5,-74.0,180
2024-09-23,21.5,-73.5,810
2024-09-23,21.5,-72.5,450
2024-09-23,21.5,-72.0,270
2024-09-23,22.0,-107.5,270
2024-09-23,22.0,-107.0,90
2024-09-23,22.0,-106.0,900
2024-09-23,22.0,-105.5,450
2024-09-23,22.0,-105.0,2250
2024-09-23,22.0,-104.5,90
2024-09-23,22.0,-104.0,90
2024-09-23,22.0,-99.5,450
2024-09-23,22.0,-99.0,450
2024-09-23,22.0,-98.5,900
2024-09-23,22.0,-98.0,270
2024-09-23,22.0,-97.5,90
2024-09-23,22.0,-94.5,90
2024-09-23,22.0,-93.5,90
2024-09-23,22.0,-93.0,90
2024-09-23,22.0,-92.5,90
2024-09-23,22.0,-91.5,270
2024-09-23,22.0,-91.0,270
2024-09-23,22.0,-90.5,270
2024-09-23,22.0,-90.0,360
2024-09-23,22.0,-89.5,180
2024-09-23,22.0,-89.0,450
2024-09-23,22.0,-88.5,270
2024-09-23,22.0,-87.5,90
2024-09-23,22.0,-87.0,180
2024-09-23,22.0,-86.0,90
2024-09-23,22.0,-85.0,360
2024-09-23,22.0,-84.5,360
2024-09-23,22.0,-84.0,270
2024-09-23,22.0,-83.5,90
2024-09-23,22.0,-83.0,90
2024-09-23,22.0,-82.5,180
2024-09-23,22.0,-82.0,360
2024-09-23,22.0,-81.5,540
2024-09-23,22.0,-81.0,900
2024-09-23,22.0,-80.5,720
2024-09-23,22.0,-80.0,810
2024-09-23,22.0,-79.5,720
2024-09-23,22.0,-79.0,1440
2024-09-23,22.0,-78.5,180
2024-09-23,22.0,-78.0,270
2024-09-23,22.0,-77.5,270
2024-09-23,22.0,-77.0,90
2024-09-23,22.0,-76.5,90
2024-09-23,22.0,-75.0,270
2024-09-23,22.0,-74.5,450
2024-09-23,22.0,-74.0,360
2024-09-23,22.0,-73.5,270
2024-09-23,22.5,-107.5,90
2024-09-23,22.5,-106.0,270
2024-09-23,22.5,-105.5,1440
2024-09-23,22.5,-105.0,1620
2024-09-23,22.5,-104.5,180
2024-09-23,22.5,-100.0,90
2024-09-23,22.5,-99.5,360
2024-09-23,22.5,-99.0,1170
2024-09-23,22.5,-98.5,990
2024-09-23,22.5,-98.0,90
2024-09-23,22.5,-94.5,180
2024-09-23,22.5,-93.0,90
2024-09-23,22.5,-92.5,360
2024-09-23,22.5,-92.0,270
2024-09-23,22.5,-91.5,180
2024-09-23,22.5,-91.0,180
2024-09-23,22.5,-90.5,90
2024-09-23,22.5,-90.0,270
2024-09-23,22.5,-89.5,180
2024-09-23,22.5,-89.0,180
2024-09-23,22.5,-88.5,90
2024-09-23,22.5,-88.0,90
2024-09-23,22.5,-87.5,90
2024-09-23,22.5,-87.0,90
2024-09-23,22.5,-86.0,90
2024-09-23,22.5,-85.5,180
2024-09-23,22.5,-85.0,180
2024-09-23,22.5,-84.5,540
2024-09-23,22.5,-84.0,180
2024-09-23,22.5,-83.5,360
2024-09-23,22.5,-83.0,360
2024-09-23,22.5,-82.5,1440
2024-09-23,22.5,-82.0,1620
2024-09-23,22.5,-81.5,630
2024-09-23,22.5,-81.0,990
2024-09-23,22.5,-80.5,720
2024-09-23,22.5,-80.0,990
2024-09-23,22.5,-79.5,450
2024-09-23,22.5,-79.0,540
2024-09-23,22.5,-78.5,2430
2024-09-23,22.5,-78.0,360
2024-09-23,22.5,-77.0,180
2024-09-23,22.5,-76.5,90
2024-09-23,22.5,-75.5,180
2024-09-23,22.5,-74.5,270
2024-09-23,22.5,-73.0,90
2024-09-23,22.5,-71.0,90
2024-09-23,22.5,-68.5,90
2024-09-23,23.0,-106.0,2520
2024-09-23,23.0,-105.5,90
2024-09-23,23.0,-100.5,720
2024-09-23,23.0,-99.5,90
2024-09-23,23.0,-99.0,180
2024-09-23,23.0,-98.0,180
2024-09-23,23.0,-94.5,180
2024-09-23,23.0,-93.5,90
2024-09-23,23.0,-93.0,360
2024-09-23,23.0,-92.5,270
2024-09-23,23.0,-92.0,90
2024-09-23,23.0,-91.5,180
2024-09-23,23.0,-91.0,270
2024-09-23,23.0,-90.5,180
2024-09-23,23.0,-90.0,90
2024-09-23,23.0,-89.5,180
2024-09-23,23.0,-89.0,90
2024-09-23,23.0,-88.0,180
2024-09-23,23.0,-87.5,90
2024-09-23,23.0,-87.0,90
2024-09-23,23.0,-86.0,180
2024-09-23,23.0,-85.5,90
2024-09-23,23.0,-85.0,270
2024-09-23,23.0,-84.5,450
2024-09-23,23.0,-84.0,450
2024-09-23,23.0,-83.5,540
2024-09-23,23.0,-83.0,270
2024-09-23,23.0,-82.5,990
2024-09-23,23.0,-81.5,540
2024-09-23,23.0,-81.0,540
2024-09-23,23.0,-80.5,720
2024-09-23,23.0,-80.0,360
2024-09-23,23.0,-79.5,450
2024-09-23,23.0,-79.0,90
2024-09-23,23.0,-78.5,180
2024-09-23,23.0,-77.5,180
2024-09-23,23.0,-76.5,90
2024-09-23,23.0,-70.5,90
2024-09-23,23.0,-69.5,90
2024-09-23,23.0,-69.0,180
2024-09-23,23.0,-68.5,270
2024-09-23,23.0,-67.0,90
2024-09-23,23.5,-103.0,90
2024-09-23,23.5,-99.5,720
2024-09-23,23.5,-99.0,720
2024-09-23,23.5,-98.5,180
2024-09-23,23.5,-92.5,90
2024-09-23,23.5,-92.0,90
2024-09-23,23.5,-91.0,90
2024-09-23,23.5,-90.0,180
2024-09-23,23.5,-89.5,90
2024-09-23,23.5,-89.0,540
2024-09-23,23.5,-88.0,270
2024-09-23,23.5,-87.5,90
2024-09-23,23.5,-86.0,270
2024-09-23,23.5,-85.5,180
2024-09-23,23.5,-85.0,90
2024-09-23,23.5,-84.5,180
2024-09-23,23.5,-84.0,360
2024-09-23,23.5,-83.5,360
2024-09-23,23.5,-83.0,90
2024-09-23,23.5,-82.5,540
2024-09-23,23.5,-82.0,360
2024-09-23,23.5,-81.5,180
2024-09-23,23.5,-81.0,90
2024-09-23,23.5,-80.5,630
2024-09-23,23.5,-80.0,630
2024-09-23,23.5,-79.5,360
2024-09-23,23.5,-79.0,90
2024-09-23,23.5,-78.0,450
2024-09-23,23.5,-76.5,180
2024-09-23,23.5,-76.0,180
2024-09-23,23.5,-75.5,90
2024-09-23,23.5,-71.5,90
2024-09-23,23.5,-68.5,180
2024-09-23,23.5,-67.0,180
2024-09-23,23.5,-66.5,270
2024-09-23,24.0,-107.5,90
2024-09-23,24.0,-106.5,1530
2024-09-23,24.0,-102.5,90
2024-09-23,24.0,-102.0,270
2024-09-23,24.0,-101.5,90
2024-09-23,24.0,-101.0,270
2024-09-23,24.0,-100.0,540
2024-09-23,24.0,-99.5,90
2024-09-23,24.0,-99.0,360
2024-09-23,24.0,-98.0,180
2024-09-23,24.0,-97.0,90
2024-09-23,24.0,-96.0,90
2024-09-23,24.0,-92.5,90
2024-09-23,24.0,-92.0,180
2024-09-23,24.0,-89.5,90
2024-09-23,24.0,-88.5,270
2024-09-23,24.0,-87.5,90
2024-09-23,24.0,-86.0,90
2024-09-23,24.0,-85.5,90
2024-09-23,24.0,-85.0,90
2024-09-23,24.0,-84.5,90
2024-09-23,24.0,-83.5,360
2024-09-23,24.0,-83.0,180
2024-09-23,24.0,-82.5,270
2024-09-23,24.0,-82.0,90
2024-09-23,24.0,-81.5,90
2024-09-23,24.0,-81.0,90
2024-09-23,24.0,-80.5,540
2024-09-23,24.0,-80.0,180
2024-09-23,24.0,-79.5,1080
2024-09-23,24.0,-79.0,810
2024-09-23,24.0,-78.5,450
2024-09-23,24.0,-78.0,360
2024-09-23,24.0,-76.5,180
2024-09-23,24.0,-76.0,90
2024-09-23,24.0,-75.5,90
2024-09-23,24.0,-68.0,90
2024-09-23,24.0,-66.5,360
2024-09-23,24.0,-66.0,270
2024-09-23,24.5,-106.5,180
2024-09-23,24.5,-102.0,90
2024-09-23,24.5,-101.5,90
2024-09-23,24.5,-101.0,360
2024-09-23,24.5,-99.0,90
2024-09-23,24.5,-98.5,90
2024-09-23,24.5,-98.0,90
2024-09-23,24.5,-97.5,90
2024-09-23,24.5,-96.0,90
2024-09-23,24.5,-91.5,90
2024-09-23,24.5,-89.5,270
2024-09-23,24.5,-88.5,270
2024-09-23,24.5,-88.0,90
2024-09-23,24.5,-87.5,90
2024-09-23,24.5,-87.0,270
2024-09-23,24.5,-86.0,90
2024-09-23,24.5,-85.5,90
2024-09-23,24.5,-85.0,90
2024-09-23,24.5,-84.5,540
2024-09-23,24.5,-84.0,270
2024-09-23,24.5,-83.5,270
2024-09-23,24.5,-83.0,90
2024-09-23,24.5,-82.5,810
2024-09-23,24.5,-82.0,360
2024-09-23,24.5,-81.5,180
2024-09-23,24.5,-81.0,90
2024-09-23,24.5,-80.5,180
2024-09-23,24.5,-80.0,630
2024-09-23,24.5,-79.5,1440
2024-09-23,24.5,-79.0,720
2024-09-23,24.5,-78.5,270
2024-09-23,24.5,-78.0,270
2024-09-23,24.5,-77.0,270
2024-09-23,24.5,-76.0,90
2024-09-23,24.5,-67.0,180
2024-09-23,24.5,-66.0,90
2024-09-23,24.5,-65.5,90
2024-09-23,25.0,-108.5,450
2024-09-23,25.0,-108.0,720
2024-09-23,25.0,-107.5,270
2024-09-23,25.0,-107.0,630
2024-09-23,25.0,-106.5,630
2024-09-23,25.0,-105.0,180
2024-09-23,25.0,-104.5,90
2024-09-23,25.0,-99.5,270
2024-09-23,25.0,-99.0,360
2024-09-23,25.0,-98.5,90
2024-09-23,25.0,-98.0,90
2024-09-23,25.0,-96.0,90
2024-09-23,25.0,-90.0,90
2024-09-23,25.0,-88.5,90
2024-09-23,25.0,-88.0,90
2024-09-23,25.0,-87.5,180
2024-09-23,25.0,-87.0,360
2024-09-23,25.0,-86.5,270
2024-09-23,25.0,-86.0,180
2024-09-23,25.0,-85.5,90
2024-09-23,25.0,-85.0,90
2024-09-23,25.0,-84.5,90
2024-09-23,25.0,-84.0,270
2024-09-23,25.0,-83.5,540
2024-09-23,25.0,-83.0,900
2024-09-23,25.0,-82.5,90
2024-09-23,25.0,-82.0,630
2024-09-23,25.0,-81.0,360
2024-09-23,25.0,-80.5,360
2024-09-23,25.0,-80.0,180
2024-09-23,25.0,-79.5,720
2024-09-23,25.0,-79.0,540
2024-09-23,25.0,-78.5,270
2024-09-23,25.0,-78.0,90
2024-09-23,25.0,-77.5,180
2024-09-23,25.0,-65.5,360
2024-09-23,25.5,-108.5,90
2024-09-23,25.5,-108.0,450
2024-09-23,25.5,-107.5,1170
2024-09-23,25.5,-107.0,360
2024-09-23,25.5,-106.5,450
2024-09-23,25.5,-106.0,450
2024-09-23,25.5,-105.5,360
2024-09-23,25.5,-105.0,90
2024-09-23,25.5,-100.5,90
2024-09-23,25.5,-99.5,270
2024-09-23,25.5,-99.0,180
2024-09-23,25.5,-98.0,450
2024-09-23,25.5,-96.0,270
2024-09-23,25.5,-88.0,90
2024-09-23,25.5,-87.0,270
2024-09-23,25.5,-86.5,90
2024-09-23,25.5,-86.0,270
2024-09-23,25.5,-85.5,450
2024-09-23,25.5,-85.0,90
2024-09-23,25.5,-84.5,270
2024-09-23,25.5,-84.0,270
2024-09-23,25.5,-83.5,270
2024-09-23,25.5,-83.0,900
2024-09-23,25.5,-82.5,540
2024-09-23,25.5,-82.0,900
2024-09-23,25.5,-81.5,270
2024-09-23,25.5,-81.0,540
2024-09-23,25.5,-80.5,180
2024-09-23,25.5,-79.5,360
2024-09-23,25.5,-79.0,540
2024-09-23,25.5,-78.5,90
2024-09-23,25.5,-78.0,180
2024-09-23,25.5,-66.0,180
2024-09-23,25.5,-65.5,180
2024-09-23,26.0,-107.5,900
2024-09-23,26.0,-107.0,90
2024-09-23,26.0,-106.5,180
2024-09-23,26.0,-105.5,180
2024-09-23,26.0,-99.5,90
2024-09-23,26.0,-99.0,540
2024-09-23,26.0,-98.5,180
2024-09-23,26.0,-89.0,90
2024-09-23,26.0,-88.5,360
2024-09-23,26.0,-88.0,90
2024-09-23,26.0,-87.5,90
2024-09-23,26.0,-86.5,180
2024-09-23,26.0,-86.0,180
2024-09-23,26.0,-85.5,630
2024-09-23,26.0,-85.0,540
2024-09-23,26.0,-84.5,630
2024-09-23,26.0,-84.0,90
2024-09-23,26.0,-83.5,810
2024-09-23,26.0,-83.0,180
2024-09-23,26.0,-82.5,630
2024-09-23,26.0,-82.0,540
2024-09-23,26.0,-81.5,1170
2024-09-23,26.0,-81.0,180
2024-09-23,26.0,-80.5,360
2024-09-23,26.0,-80.0,180
2024-09-23,26.0,-79.5,990
2024-09-23,26.0,-79.0,990
2024-09-23,26.0,-78.5,90
2024-09-23,26.0,-78.0,270
2024-09-23,26.0,-77.0,90
2024-09-23,26.0,-68.0,90
2024-09-23,26.5,-108.0,90
2024-09-23,26.5,-107.5,270
2024-09-23,26.5,-107.0,180
2024-09-23,26.5,-106.5,180
2024-09-23,26.5,-106.0,360
2024-09-23,26.5,-105.5,720
2024-09-23,26.5,-99.5,360
2024-09-23,26.5,-99.0,6120
2024-09-23,26.5,-98.5,90
2024-09-23,26.5,-97.5,630
2024-09-23,26.5,-89.5,90
2024-09-23,26.5,-88.5,810
2024-09-23,26.5,-88.0,540
2024-09-23,26.5,-87.5,360
2024-09-23,26.5,-86.5,360
2024-09-23,26.5,-86.0,270
2024-09-23,26.5,-85.5,90
2024-09-23,26.5,-85.0,360
2024-09-23,26.5,-84.5,90
2024-09-23,26.5,-84.0,270
2024-09-23,26.5,-83.5,450
2024-09-23,26.5,-83.0,450
2024-09-23,26.5,-82.0,1440
2024-09-23,26.5,-81.5,1350
2024-09-23,26.5,-81.0,1170
2024-09-23,26.5,-80.5,1530
2024-09-23,26.5,-80.0,450
2024-09-23,26.5,-79.5,1440
2024-09-23,26.5,-79.0,630
2024-09-23,26.5,-78.5,180
2024-09-23,26.5,-78.0,90
2024-09-23,27.0,-108.5,90
2024-09-23,27.0,-108.0,270
2024-09-23,27.0,-107.5,630
2024-09-23,27.0,-107.0,180
2024-09-23,27.0,-106.5,90
2024-09-23,27.0,-106.0,540
2024-09-23,27.0,-105.5,1260
2024-09-23,27.0,-105.0,360
2024-09-23,27.0,-104.5,180
2024-09-23,27.0,-101.5,90
2024-09-23,27.0,-100.5,540
2024-09-23,27.0,-99.5,180
2024-09-23,27.0,-99.0,90
2024-09-23,27.0,-98.5,3060
2024-09-23,27.0,-98.0,90
2024-09-23,27.0,-97.0,90
2024-09-23,27.0,-89.0,90
2024-09-23,27.0,-88.5,90
2024-09-23,27.0,-88.0,90
2024-09-23,27.0,-87.5,810
2024-09-23,27.0,-87.0,270
2024-09-23,27.0,-86.5,90
2024-09-23,27.0,-86.0,180
2024-09-23,27.0,-85.5,360
2024-09-23,27.0,-85.0,270
2024-09-23,27.0,-84.5,180
2024-09-23,27.0,-84.0,450
2024-09-23,27.0,-83.5,90
2024-09-23,27.0,-83.0,900
2024-09-23,27.0,-82.5,540
2024-09-23,27.0,-82.0,270
2024-09-23,27.0,-81.5,450
2024-09-23,27.0,-80.5,900
2024-09-23,27.0,-80.0,450
2024-09-23,27.0,-79.5,360
2024-09-23,27.0,-79.0,90
2024-09-23,27.0,-78.5,90
2024-09-23,27.0,-78.0,270
2024-09-23,27.0,-66.5,540
2024-09-23,27.0,-65.5,90
2024-09-23,27.5,-108.0,270
2024-09-23,27.5,-107.0,720
2024-09-23,27.5,-106.5,1710
2024-09-23,27.5,-106.0,1170
2024-09-23,27.5,-105.5,90
2024-09-23,27.5,-105.0,270
2024-09-23,27.5,-104.5,270
2024-09-23,27.5,-104.0,1350
2024-09-23,27.5,-100.5,270
2024-09-23,27.5,-100.0,270
2024-09-23,27.5,-98.5,1440
2024-09-23,27.5,-98.0,990
2024-09-23,27.5,-97.5,180
2024-09-23,27.5,-96.5,90
2024-09-23,27.5,-87.5,180
2024-09-23,27.5,-87.0,90
2024-09-23,27.5,-86.0,180
2024-09-23,27.5,-85.5,360
2024-09-23,27.5,-85.0,270
2024-09-23,27.5,-84.5,360
2024-09-23,27.5,-84.0,90
2024-09-23,27.5,-83.5,180
2024-09-23,27.5,-83.0,270
2024-09-23,27.5,-82.5,810
2024-09-23,27.5,-82.0,180
2024-09-23,27.5,-81.5,180
2024-09-23,27.5,-81.0,90
2024-09-23,27.5,-80.5,270
2024-09-23,27.5,-80.0,270
2024-09-23,27.5,-79.5,180
2024-09-23,27.5,-79.0,180
2024-09-23,27.5,-78.5,90
2024-09-23,27.5,-78.0,90
2024-09-23,27.5,-76.5,90
2024-09-23,27.5,-68.0,90
2024-09-23,27.5,-67.5,90
2024-09-23,27.5,-65.5,90
2024-09-23,28.0,-108.5,90
2024-09-23,28.0,-107.5,180
2024-09-23,28.0,-107.0,1080
2024-09-23,28.0,-106.5,900
2024-09-23,28.0,-106.0,810
2024-09-23,28.0,-105.0,360
2024-09-23,28.0,-104.0,810
2024-09-23,28.0,-103.5,1170
2024-09-23,28.0,-103.0,630
2024-09-23,28.0,-99.5,270
2024-09-23,28.0,-99.0,90
2024-09-23,28.0,-98.5,270
2024-09-23,28.0,-98.0,270
2024-09-23,28.0,-97.5,990
2024-09-23,28.0,-97.0,3240
2024-09-23,28.0,-96.5,720
2024-09-23,28.0,-96.0,90
2024-09-23,28.0,-94.5,90
2024-09-23,28.0,-87.5,90
2024-09-23,28.0,-86.5,180
2024-09-23,28.0,-86.0,540
2024-09-23,28.0,-85.5,180
2024-09-23,28.0,-85.0,90
2024-09-23,28.0,-84.5,270
2024-09-23,28.0,-84.0,90
2024-09-23,28.0,-83.5,450
2024-09-23,28.0,-83.0,810
2024-09-23,28.0,-82.5,270
2024-09-23,28.0,-81.5,90
2024-09-23,28.0,-81.0,630
2024-09-23,28.0,-80.5,270
2024-09-23,28.0,-80.0,270
2024-09-23,28.0,-79.5,90
2024-09-23,28.0,-79.0,180
2024-09-23,28.0,-78.5,90
2024-09-23,28.0,-67.5,90
2024-09-23,28.0,-67.0,270
2024-09-23,28.0,-66.5,360
2024-09-23,28.0,-66.0,180
2024-09-23,28.5,-108.5,450
2024-09-23,28.5,-106.5,720
2024-09-23,28.5,-105.5,270
2024-09-23,28.5,-104.0,180
2024-09-23,28.5,-103.5,1260
2024-09-23,28.5,-103.0,1440
2024-09-23,28.5,-100.0,450
2024-09-23,28.5,-98.0,270
2024-09-23,28.5,-97.5,900
2024-09-23,28.5,-97.0,3330
2024-09-23,28.5,-96.5,4050
2024-09-23,28.5,-96.0,1170
2024-09-23,28.5,-95.5,540
2024-09-23,28.5,-95.0,900
2024-09-23,28.5,-94.5,270
2024-09-23,28.5,-91.0,90
2024-09-23,28.5,-86.5,360
2024-09-23,28.5,-86.0,360
2024-09-23,28.5,-85.5,450
2024-09-23,28.5,-85.0,810
2024-09-23,28.5,-84.5,450
2024-09-23,28.5,-84.0,90
2024-09-23,28.5,-83.5,360
2024-09-23,28.5,-83.0,1620
2024-09-23,28.5,-82.5,1170
2024-09-23,28.5,-82.0,180
2024-09-23,28.5,-81.5,270
2024-09-23,28.5,-81.0,1440
2024-09-23,28.5,-80.5,720
2024-09-23,28.5,-80.0,270
2024-09-23,28.5,-79.5,450
2024-09-23,28.5,-79.0,360
2024-09-23,28.5,-78.0,270
2024-09-23,28.5,-77.5,90
2024-09-23,28.5,-66.0,90
2024-09-23,28.5,-65.5,270
2024-09-23,29.0,-108.5,90
2024-09-23,29.0,-108.0,90
2024-09-23,29.0,-106.5,1620
2024-09-23,29.0,-106.0,450
2024-09-23,29.0,-104.0,450
2024-09-23,29.0,-103.5,450
2024-09-23,29.0,-103.0,90
2024-09-23,29.0,-97.0,900
2024-09-23,29.0,-96.5,90
2024-09-23,29.0,-96.0,2070
2024-09-23,29.0,-95.5,90
2024-09-23,29.0,-91.0,630
2024-09-23,29.0,-86.5,90
2024-09-23,29.0,-86.0,450
2024-09-23,29.0,-85.5,810
2024-09-23,29.0,-85.0,90
2024-09-23,29.0,-84.5,450
2024-09-23,29.0,-84.0,90
2024-09-23,29.0,-83.5,360
2024-09-23,29.0,-83.0,810
2024-09-23,29.0,-82.5,540
2024-09-23,29.0,-82.0,810
2024-09-23,29.0,-81.5,360
2024-09-23,29.0,-81.0,1260
2024-09-23,29.0,-80.5,1980
2024-09-23,29.0,-80.0,360
2024-09-23,29.0,-79.5,360
2024-09-23,29.0,-79.0,90
2024-09-23,29.0,-78.5,270
2024-09-23,29.0,-77.0,180
2024-09-23,29.0,-65.5,450
2024-09-23,29.5,-109.0,270
2024-09-23,29.5,-108.5,90
2024-09-23,29.5,-107.5,90
2024-09-23,29.5,-107.0,180
2024-09-23,29.5,-106.0,90
2024-09-23,29.5,-105.5,1170
2024-09-23,29.5,-105.0,1350
2024-09-23,29.5,-104.5,180
2024-09-23,29.5,-104.0,180
2024-09-23,29.5,-103.5,180
2024-09-23,29.5,-103.0,1620
2024-09-23,29.5,-102.5,450
2024-09-23,29.5,-97.0,2700
2024-09-23,29.5,-96.5,810
2024-09-23,29.5,-96.0,90
2024-09-23,29.5,-95.5,180
2024-09-23,29.5,-95.0,540
2024-09-23,29.5,-94.5,360
2024-09-23,29.5,-93.0,450
2024-09-23,29.5,-92.5,540
2024-09-23,29.5,-91.0,180
2024-09-23,29.5,-89.5,360
2024-09-23,29.5,-86.5,180
2024-09-23,29.5,-85.5,900
2024-09-23,29.5,-85.0,1170
2024-09-23,29.5,-84.5,180
2024-09-23,29.5,-84.0,90
2024-09-23,29.5,-83.5,450
2024-09-23,29.5,-83.0,630
2024-09-23,29.5,-82.5,630
2024-09-23,29.5,-81.5,180
2024-09-23,29.5,-80.5,360
2024-09-23,29.5,-80.0,180
2024-09-23,29.5,-79.5,270
2024-09-23,29.5,-79.0,180
2024-09-23,29.5,-78.5,90
2024-09-23,29.5,-77.5,180
2024-09-23,29.5,-66.0,180
2024-09-23,29.5,-65.5,180
2024-09-23,30.0,-106.5,90
2024-09-23,30.0,-106.0,90
2024-09-23,30.0,-105.5,450
2024-09-23,30.0,-105.0,360
2024-09-23,30.0,-104.5,540
2024-09-23,30.0,-104.0,180
2024-09-23,30.0,-103.5,270
2024-09-23,30.0,-103.0,540
2024-09-23,30.0,-102.5,3150
2024-09-23,30.0,-97.5,270
2024-09-23,30.0,-97.0,450
2024-09-23,30.0,-96.5,2610
2024-09-23,30.0,-96.0,180
2024-09-23,30.0,-95.5,360
2024-09-23,30.0,-93.5,180
2024-09-23,30.0,-91.5,90
2024-09-23,30.0,-90.5,270
2024-09-23,30.0,-90.0,1710
2024-09-23,30.0,-89.5,360
2024-09-23,30.0,-88.5,540
2024-09-23,30.0,-85.5,90
2024-09-23,30.0,-85.0,1440
2024-09-23,30.0,-84.0,360
2024-09-23,30.0,-83.5,360
2024-09-23,30.0,-83.0,990
2024-09-23,30.0,-82.5,270
2024-09-23,30.0,-81.0,90
2024-09-23,30.0,-80.5,90
2024-09-23,30.0,-80.0,90
2024-09-23,30.0,-79.5,180
2024-09-23,30.0,-79.0,180
2024-09-23,30.0,-78.5,180
2024-09-23,30.0,-78.0,90
2024-09-23,30.0,-77.5,630
2024-09-23,30.0,-77.0,540
2024-09-23,30.0,-65.5,270
2024-09-23,30.5,-102.5,1170
2024-09-23,30.5,-102.0,1440
2024-09-23,30.5,-101.0,90
2024-09-23,30.5,-100.5,1890
2024-09-23,30.5,-97.5,180
2024-09-23,30.5,-97.0,720
2024-09-23,30.5,-96.0,360
2024-09-23,30.5,-95.5,2610
2024-09-23,30.5,-95.0,360
2024-09-23,30.5,-94.5,180
2024-09-23,30.5,-94.0,450
2024-09-23,30.5,-93.5,1980
2024-09-23,30.5,-90.5,900
2024-09-23,30.5,-88.5,180
2024-09-23,30.5,-87.5,630
2024-09-23,30.5,-87.0,180
2024-09-23,30.5,-86.5,270
2024-09-23,30.5,-86.0,270
2024-09-23,30.5,-85.0,360
2024-09-23,30.5,-84.5,270
2024-09-23,30.5,-84.0,270
2024-09-23,30.5,-83.5,180
2024-09-23,30.5,-82.5,90
2024-09-23,30.5,-82.0,90
2024-09-23,30.5,-81.5,90
2024-09-23,30.5,-80.5,270
2024-09-23,30.5,-80.0,90
2024-09-23,30.5,-79.5,90
2024-09-23,30.5,-78.5,90
2024-09-23,30.5,-78.0,270
2024-09-23,30.5,-77.5,90
2024-09-23,30.5,-77.0,270
2024-09-23,30.5,-76.5,180
2024-09-23,30.5,-69.5,90
2024-09-23,30.5,-69.0,180
2024-09-23,31.0,-102.0,360
2024-09-23,31.0,-101.0,90
2024-09-23,31.0,-98.0,450
2024-09-23,31.0,-97.5,630
2024-09-23,31.0,-97.0,180
2024-09-23,31.0,-96.5,1080
2024-09-23,31.0,-96.0,540
2024-09-23,31.0,-95.5,630
2024-09-23,31.0,-95.0,540
2024-09-23,31.0,-94.0,1530
2024-09-23,31.0,-93.5,900
2024-09-23,31.0,-93.0,360
2024-09-23,31.0,-92.5,990
2024-09-23,31.0,-92.0,90
2024-09-23,31.0,-91.5,90
2024-09-23,31.0,-87.5,90
2024-09-23,31.0,-87.0,90
2024-09-23,31.0,-86.5,720
2024-09-23,31.0,-86.0,630
2024-09-23,31.0,-84.0,270
2024-09-23,31.0,-83.5,180
2024-09-23,31.0,-83.0,90
2024-09-23,31.0,-82.5,90
2024-09-23,31.0,-82.0,90
2024-09-23,31.0,-80.0,90
2024-09-23,31.0,-78.0,90
2024-09-23,31.0,-77.5,360
2024-09-23,31.0,-76.0,90
2024-09-23,31.0,-75.5,90
2024-09-23,31.0,-70.0,90
2024-09-23,31.0,-69.5,90
2024-09-23,31.0,-69.0,450
2024-09-23,31.5,-102.0,90
2024-09-23,31.5,-101.5,1710
2024-09-23,31.5,-101.0,810
2024-09-23,31.5,-100.0,360
2024-09-23,31.5,-99.5,1170
2024-09-23,31.5,-99.0,180
2024-09-23,31.5,-98.0,270
2024-09-23,31.5,-97.5,90
2024-09-23,31.5,-96.5,1080
2024-09-23,31.5,-96.0,630
2024-09-23,31.5,-95.0,180
2024-09-23,31.5,-94.5,360
2024-09-23,31.5,-94.0,180
2024-09-23,31.5,-93.5,180
2024-09-23,31.5,-93.0,1890
2024-09-23,31.5,-92.5,2160
2024-09-23,31.5,-92.0,270
2024-09-23,31.5,-91.5,450
2024-09-23,31.5,-91.0,1350
2024-09-23,31.5,-90.5,630
2024-09-23,31.5,-90.0,450
2024-09-23,31.5,-89.5,450
2024-09-23,31.5,-89.0,90
2024-09-23,31.5,-87.0,360
2024-09-23,31.5,-86.5,90
2024-09-23,31.5,-86.0,900
2024-09-23,31.5,-85.5,270
2024-09-23,31.5,-85.0,90
2024-09-23,31.5,-84.0,270
2024-09-23,31.5,-83.5,270
2024-09-23,31.5,-82.0,90
2024-09-23,31.5,-80.0,270
2024-09-23,31.5,-78.5,180
2024-09-23,31.5,-78.0,180
2024-09-23,31.5,-77.5,360
2024-09-23,31.5,-77.0,360
2024-09-23,31.5,-76.5,630
2024-09-23,31.5,-76.0,180
2024-09-23,31.5,-75.5,360
2024-09-23,31.5,-70.0,90
2024-09-23,31.5,-69.5,180
2024-09-23,32.0,-101.5,270
2024-09-23,32.0,-101.0,270
2024-09-23,32.0,-100.5,540
2024-09-23,32.0,-100.0,2610
2024-09-23,32.0,-99.5,1530
2024-09-23,32.0,-99.0,1260
2024-09-23,32.0,-98.5,810
2024-09-23,32.0,-98.0,90
2024-09-23,32.0,-97.5,90
2024-09-23,32.0,-97.0,630
2024-09-23,32.0,-96.5,540
2024-09-23,32.0,-96.0,2430
2024-09-23,32.0,-95.5,1170
2024-09-23,32.0,-95.0,90
2024-09-23,32.0,-94.5,90
2024-09-23,32.0,-93.5,360
2024-09-23,32.0,-93.0,270
2024-09-23,32.0,-92.5,2520
2024-09-23,32.0,-92.0,2160
2024-09-23,32.0,-91.0,360
2024-09-23,32.0,-90.5,360
2024-09-23,32.0,-90.0,810
2024-09-23,32.0,-89.5,1080
2024-09-23,32.0,-89.0,360
2024-09-23,32.0,-86.5,90
2024-09-23,32.0,-86.0,270
2024-09-23,32.0,-85.5,630
2024-09-23,32.0,-85.0,270
2024-09-23,32.0,-84.5,90
2024-09-23,32.0,-84.0,180
2024-09-23,32.0,-83.5,180
2024-09-23,32.0,-82.5,270
2024-09-23,32.0,-80.0,270
2024-09-23,32.0,-79.0,90
2024-09-23,32.0,-78.0,90
2024-09-23,32.0,-77.0,270
2024-09-23,32.0,-76.5,180
2024-09-23,32.0,-75.0,90
2024-09-23,32.0,-73.0,90
2024-09-23,32.5,-101.0,180
2024-09-23,32.5,-100.5,180
2024-09-23,32.5,-99.5,1530
2024-09-23,32.5,-99.0,270
2024-09-23,32.5,-97.5,90
2024-09-23,32.5,-97.0,3060
2024-09-23,32.5,-96.5,1890
2024-09-23,32.5,-96.0,1080
2024-09-23,32.5,-95.0,90
2024-09-23,32.5,-94.5,90
2024-09-23,32.5,-94.0,270
2024-09-23,32.5,-93.5,180
2024-09-23,32.5,-91.0,90
2024-09-23,32.5,-90.5,1260
2024-09-23,32.5,-90.0,360
2024-09-23,32.5,-89.5,360
2024-09-23,32.5,-89.0,1890
2024-09-23,32.5,-88.5,540
2024-09-23,32.5,-88.0,450
2024-09-23,32.5,-87.5,90
2024-09-23,32.5,-86.0,180
2024-09-23,32.5,-85.5,990
2024-09-23,32.5,-85.0,900
2024-09-23,32.5,-84.5,180
2024-09-23,32.5,-84.0,90
2024-09-23,32.5,-83.5,90
2024-09-23,32.5,-82.5,90
2024-09-23,32.5,-81.5,90
2024-09-23,32.5,-81.0,90
2024-09-23,32.5,-80.0,540
2024-09-23,32.5,-79.5,90
2024-09-23,32.5,-78.5,90
2024-09-23,32.5,-76.5,540
2024-09-23,32.5,-75.5,90
2024-09-23,33.0,-101.5,90
2024-09-23,33.0,-101.0,180
2024-09-23,33.0,-100.5,90
2024-09-23,33.0,-100.0,270
2024-09-23,33.0,-99.5,180
2024-09-23,33.0,-99.0,90
2024-09-23,33.0,-98.5,180
2024-09-23,33.0,-98.0,90
2024-09-23,33.0,-97.0,1440
2024-09-23,33.0,-96.5,900
2024-09-23,33.0,-96.0,450
2024-09-23,33.0,-95.5,180
2024-09-23,33.0,-94.5,90
2024-09-23,33.0,-90.5,90
2024-09-23,33.0,-90.0,990
2024-09-23,33.0,-89.5,90
2024-09-23,33.0,-89.0,540
2024-09-23,33.0,-88.5,540
2024-09-23,33.0,-88.0,90
2024-09-23,33.0,-87.5,450
2024-09-23,33.0,-86.0,90
2024-09-23,33.0,-85.5,450
2024-09-23,33.0,-85.0,990
2024-09-23,33.0,-84.5,450
2024-09-23,33.0,-82.5,90
2024-09-23,33.0,-81.5,90
2024-09-23,33.0,-79.5,90
2024-09-23,33.0,-78.5,90
2024-09-23,33.0,-78.0,90
2024-09-23,33.0,-77.0,360
2024-09-23,33.0,-76.0,90
2024-09-23,33.0,-75.5,90
2024-09-23,33.5,-100.0,90
2024-09-23,33.5,-99.5,270
2024-09-23,33.5,-99.0,270
2024-09-23,33.5,-98.5,450
2024-09-23,33.5,-98.0,90
2024-09-23,33.5,-97.5,90
2024-09-23,33.5,-97.0,1530
2024-09-23,33.5,-96.5,90
2024-09-23,33.5,-96.0,810
2024-09-23,33.5,-95.5,90
2024-09-23,33.5,-95.0,90
2024-09-23,33.5,-92.5,630
2024-09-23,33.5,-90.0,1170
2024-09-23,33.5,-89.5,1620
2024-09-23,33.5,-89.0,630
2024-09-23,33.5,-88.5,270
2024-09-23,33.5,-88.0,270
2024-09-23,33.5,-87.5,90
2024-09-23,33.5,-86.0,270
2024-09-23,33.5,-85.5,450
2024-09-23,33.5,-85.0,450
2024-09-23,33.5,-84.5,630
2024-09-23,33.5,-84.0,270
2024-09-23,33.5,-83.0,2250
2024-09-23,33.5,-80.0,180
2024-09-23,33.5,-79.5,90
2024-09-23,33.5,-76.5,450
2024-09-23,33.5,-71.5,90
2024-09-23,34.0,-100.0,180
2024-09-23,34.0,-99.5,270
2024-09-23,34.0,-99.0,900
2024-09-23,34.0,-98.5,810
2024-09-23,34.0,-98.0,540
2024-09-23,34.0,-97.5,180
2024-09-23,34.0,-97.0,540
2024-09-23,34.0,-96.0,180
2024-09-23,34.0,-95.5,630
2024-09-23,34.0,-94.5,90
2024-09-23,34.0,-90.0,270
2024-09-23,34.0,-89.5,3600
2024-09-23,34.0,-89.0,1800
2024-09-23,34.0,-88.5,1620
2024-09-23,34.0,-88.0,810
2024-09-23,34.0,-87.5,1440
2024-09-23,34.0,-87.0,180
2024-09-23,34.0,-85.5,1260
2024-09-23,34.0,-85.0,1080
2024-09-23,34.0,-84.5,270
2024-09-23,34.0,-84.0,1800
2024-09-23,34.0,-83.0,90
2024-09-23,34.0,-82.5,180
2024-09-23,34.0,-82.0,630
2024-09-23,34.0,-79.5,90
2024-09-23,34.0,-67.5,90
2024-09-23,34.5,-98.5,180
2024-09-23,34.5,-98.0,360
2024-09-23,34.5,-97.5,180
2024-09-23,34.5,-97.0,90
2024-09-23,34.5,-96.5,2160
2024-09-23,34.5,-96.0,1080
2024-09-23,34.5,-95.5,540
2024-09-23,34.5,-95.0,90
2024-09-23,34.5,-94.5,180
2024-09-23,34.5,-89.5,810
2024-09-23,34.5,-89.0,810
2024-09-23,34.5,-88.5,450
2024-09-23,34.5,-88.0,270
2024-09-23,34.5,-86.5,90
2024-09-23,34.5,-85.5,180
2024-09-23,34.5,-85.0,630
2024-09-23,34.5,-84.5,180
2024-09-23,34.5,-84.0,1530
2024-09-23,34.5,-83.5,2250
2024-09-23,34.5,-83.0,1980
2024-09-23,34.5,-82.5,2970
2024-09-23,34.5,-82.0,810
2024-09-23,34.5,-81.5,720
2024-09-23,34.5,-79.5,90
2024-09-23,34.5,-78.5,90
2024-09-23,35.0,-105.5,90
2024-09-23,35.0,-98.0,180
2024-09-23,35.0,-97.5,1530
2024-09-23,35.0,-97.0,2610
2024-09-23,35.0,-96.5,900
2024-09-23,35.0,-96.0,1080
2024-09-23,35.0,-95.5,2610
2024-09-23,35.0,-95.0,900
2024-09-23,35.0,-94.5,180
2024-09-23,35.0,-91.5,90
2024-09-23,35.0,-89.5,180
2024-09-23,35.0,-89.0,270
2024-09-23,35.0,-88.5,900
2024-09-23,35.0,-88.0,1530
2024-09-23,35.0,-87.5,1170
2024-09-23,35.0,-87.0,90
2024-09-23,35.0,-86.0,180
2024-09-23,35.0,-85.0,90
2024-09-23,35.0,-84.5,270
2024-09-23,35.0,-84.0,270
2024-09-23,35.0,-83.5,180
2024-09-23,35.0,-83.0,1440
2024-09-23,35.0,-82.5,1890
2024-09-23,35.0,-82.0,2700
2024-09-23,35.0,-81.5,630
2024-09-23,35.0,-81.0,1260
2024-09-23,35.0,-80.5,180
2024-09-23,35.0,-80.0,360
2024-09-23,35.0,-79.5,180
2024-09-23,35.0,-78.5,810
2024-09-23,35.0,-78.0,180
2024-09-23,35.0,-75.0,90
2024-09-23,35.0,-68.0,90
2024-09-23,35.5,-105.5,90
2024-09-23,35.5,-105.0,90
2024-09-23,35.5,-98.0,720
2024-09-23,35.5,-97.0,2520
2024-09-23,35.5,-96.5,1350
2024-09-23,35.5,-96.0,1260
2024-09-23,35.5,-94.5,90
2024-09-23,35.5,-93.5,90
2024-09-23,35.5,-92.5,90
2024-09-23,35.5,-92.0,720
2024-09-23,35.5,-89.5,180
2024-09-23,35.5,-88.5,720
2024-09-23,35.5,-88.0,2070
2024-09-23,35.5,-87.5,1350
2024-09-23,35.5,-87.0,1350
2024-09-23,35.5,-86.5,90
2024-09-23,35.5,-85.5,90
2024-09-23,35.5,-85.0,270
2024-09-23,35.5,-84.5,270
2024-09-23,35.5,-84.0,1080
2024-09-23,35.5,-83.5,1170
2024-09-23,35.5,-83.0,1350
2024-09-23,35.5,-82.5,1260
2024-09-23,35.5,-82.0,1530
2024-09-23,35.5,-81.5,1170
2024-09-23,35.5,-81.0,1890
2024-09-23,35.5,-80.5,2880
2024-09-23,35.5,-80.0,2610
2024-09-23,35.5,-79.5,180
2024-09-23,35.5,-79.0,630
2024-09-23,35.5,-78.5,360
2024-09-23,35.5,-78.0,360
2024-09-23,35.5,-77.5,90
2024-09-23,36.0,-106.0,90
2024-09-23,36.0,-105.5,90
2024-09-23,36.0,-105.0,270
2024-09-23,36.0,-104.5,540
2024-09-23,36.0,-97.5,450
2024-09-23,36.0,-97.0,630
2024-09-23,36.0,-96.5,90
2024-09-23,36.0,-94.0,90
2024-09-23,36.0,-93.5,90
2024-09-23,36.0,-93.0,270
2024-09-23,36.0,-92.5,630
2024-09-23,36.0,-92.0,1080
2024-09-23,36.0,-91.0,180
2024-09-23,36.0,-90.5,630
2024-09-23,36.0,-89.5,90
2024-09-23,36.0,-88.5,360
2024-09-23,36.0,-88.0,270
2024-09-23,36.0,-87.5,2700
2024-09-23,36.0,-87.0,3780
2024-09-23,36.0,-86.5,1350
2024-09-23,36.0,-86.0,450
2024-09-23,36.0,-85.5,990
2024-09-23,36.0,-84.5,540
2024-09-23,36.0,-84.0,1170
2024-09-23,36.0,-83.5,1170
2024-09-23,36.0,-83.0,1440
2024-09-23,36.0,-82.5,360
2024-09-23,36.0,-82.0,1350
2024-09-23,36.0,-81.5,360
2024-09-23,36.0,-81.0,90
2024-09-23,36.0,-80.5,810
2024-09-23,36.0,-80.0,1440
2024-09-23,36.0,-79.5,990
2024-09-23,36.0,-79.0,450
2024-09-23,36.0,-78.5,540
2024-09-23,36.0,-78.0,450
2024-09-23,36.0,-77.5,180
2024-09-23,36.0,-77.0,180
2024-09-23,36.5,-107.0,180
2024-09-23,36.5,-106.5,90
2024-09-23,36.5,-94.5,180
2024-09-23,36.5,-94.0,270
2024-09-23,36.5,-93.5,360
2024-09-23,36.5,-93.0,450
2024-09-23,36.5,-92.5,180
2024-09-23,36.5,-92.0,90
2024-09-23,36.5,-91.5,720
2024-09-23,36.5,-91.0,630
2024-09-23,36.5,-90.5,4050
2024-09-23,36.5,-90.0,2520
2024-09-23,36.5,-89.5,1260
2024-09-23,36.5,-89.0,180
2024-09-23,36.5,-88.5,450
2024-09-23,36.5,-88.0,540
2024-09-23,36.5,-87.5,450
2024-09-23,36.5,-87.0,1350
2024-09-23,36.5,-86.5,2880
2024-09-23,36.5,-86.0,2340
2024-09-23,36.5,-85.5,1710
2024-09-23,36.5,-85.0,990
2024-09-23,36.5,-84.5,630
2024-09-23,36.5,-84.0,1260
2024-09-23,36.5,-83.5,2610
2024-09-23,36.5,-83.0,2700
2024-09-23,36.5,-82.5,2070
2024-09-23,36.5,-82.0,630
2024-09-23,36.5,-81.5,270
2024-09-23,36.5,-81.0,540
2024-09-23,36.5,-80.5,720
2024-09-23,36.5,-80.0,1080
2024-09-23,36.5,-79.5,2250
2024-09-23,36.5,-79.0,2250
2024-09-23,36.5,-78.5,900
2024-09-23,36.5,-78.0,450
2024-09-23,36.5,-77.5,630
2024-09-23,36.5,-77.0,90
2024-09-23,36.5,-76.5,180
2024-09-23,36.5,-72.5,180
2024-09-23,36.5,-71.0,90
2024-09-23,36.5,-68.5,270
2024-09-23,37.0,-107.5,90
2024-09-23,37.0,-106.5,90
2024-09-23,37.0,-95.0,90
2024-09-23,37.0,-94.0,450
2024-09-23,37.0,-93.5,900
2024-09-23,37.0,-93.0,450
2024-09-23,37.0,-92.5,810
2024-09-23,37.0,-92.0,630
2024-09-23,37.0,-91.5,180
2024-09-23,37.0,-91.0,1260
2024-09-23,37.0,-90.5,2160
2024-09-23,37.0,-90.0,1350
2024-09-23,37.0,-89.5,720
2024-09-23,37.0,-89.0,360
2024-09-23,37.0,-88.5,540
2024-09-23,37.0,-88.0,450
2024-09-23,37.0,-87.5,2430
2024-09-23,37.0,-87.0,2340
2024-09-23,37.0,-86.5,2880
2024-09-23,37.0,-86.0,1800
2024-09-23,37.0,-85.5,3240
2024-09-23,37.0,-85.0,2430
2024-09-23,37.0,-84.5,180
2024-09-23,37.0,-84.0,2520
2024-09-23,37.0,-83.5,2430
2024-09-23,37.0,-83.0,1710
2024-09-23,37.0,-82.5,1350
2024-09-23,37.0,-82.0,810
2024-09-23,37.0,-81.5,630
2024-09-23,37.0,-81.0,630
2024-09-23,37.0,-80.5,990
2024-09-23,37.0,-80.0,270
2024-09-23,37.0,-79.5,270
2024-09-23,37.0,-79.0,810
2024-09-23,37.0,-78.5,90
2024-09-23,37.0,-78.0,90
2024-09-23,37.0,-77.5,360
2024-09-23,37.0,-66.5,180
2024-09-23,37.5,-107.0,90
2024-09-23,37.5,-104.0,90
2024-09-23,37.5,-94.5,90
2024-09-23,37.5,-94.0,90
2024-09-23,37.5,-92.5,180
2024-09-23,37.5,-92.0,2070
2024-09-23,37.5,-91.5,1980
2024-09-23,37.5,-91.0,540
2024-09-23,37.5,-90.5,540
2024-09-23,37.5,-90.0,1350
2024-09-23,37.5,-89.5,1980
2024-09-23,37.5,-89.0,2520
2024-09-23,37.5,-88.5,810
2024-09-23,37.5,-88.0,1980
2024-09-23,37.5,-87.5,270
2024-09-23,37.5,-87.0,180
2024-09-23,37.5,-86.5,900
2024-09-23,37.5,-86.0,2070
2024-09-23,37.5,-85.5,720
2024-09-23,37.5,-85.0,900
2024-09-23,37.5,-84.5,450
2024-09-23,37.5,-84.0,270
2024-09-23,37.5,-83.5,360
2024-09-23,37.5,-83.0,540
2024-09-23,37.5,-82.5,360
2024-09-23,37.5,-82.0,1170
2024-09-23,37.5,-81.5,360
2024-09-23,37.5,-81.0,360
2024-09-23,37.5,-80.0,90
2024-09-23,37.5,-75.5,90
2024-09-23,37.5,-74.5,180
2024-09-23,37.5,-74.0,90
2024-09-23,37.5,-67.0,90
2024-09-23,38.0,-109.0,90
2024-09-23,38.0,-108.0,180
2024-09-23,38.0,-104.0,180
2024-09-23,38.0,-95.5,90
2024-09-23,38.0,-93.5,90
2024-09-23,38.0,-92.0,90
2024-09-23,38.0,-91.5,180
2024-09-23,38.0,-90.0,90
2024-09-23,38.0,-89.5,90
2024-09-23,38.0,-89.0,810
2024-09-23,38.0,-88.5,990
2024-09-23,38.0,-88.0,810
2024-09-23,38.0,-87.0,180
2024-09-23,38.0,-86.5,720
2024-09-23,38.0,-86.0,1800
2024-09-23,38.0,-85.5,1620
2024-09-23,38.0,-85.0,1170
2024-09-23,38.0,-84.5,2070
2024-09-23,38.0,-84.0,720
2024-09-23,38.0,-83.5,1350
2024-09-23,38.0,-83.0,90
2024-09-23,38.0,-82.5,90
2024-09-23,38.0,-81.5,270
2024-09-23,38.0,-81.0,540
2024-09-23,38.0,-80.5,270
2024-09-23,38.0,-79.0,180
2024-09-23,38.0,-78.5,360
2024-09-23,38.0,-75.0,90
2024-09-23,38.0,-74.0,180
2024-09-23,38.0,-73.5,180
2024-09-23,38.5,-106.5,90
2024-09-23,38.5,-105.5,90
2024-09-23,38.5,-96.0,1080
2024-09-23,38.5,-95.5,450
2024-09-23,38.5,-94.5,540
2024-09-23,38.5,-93.5,90
2024-09-23,38.5,-91.5,90
2024-09-23,38.5,-91.0,360
2024-09-23,38.5,-90.5,180
2024-09-23,38.5,-90.0,450
2024-09-23,38.5,-89.5,90
2024-09-23,38.5,-88.0,360
2024-09-23,38.5,-87.5,270
2024-09-23,38.5,-87.0,720
2024-09-23,38.5,-86.0,1350
2024-09-23,38.5,-85.5,540
2024-09-23,38.5,-85.0,2340
2024-09-23,38.5,-84.5,270
2024-09-23,38.5,-84.0,360
2024-09-23,38.5,-83.5,540
2024-09-23,38.5,-83.0,180
2024-09-23,38.5,-82.5,270
2024-09-23,38.5,-82.0,180
2024-09-23,38.5,-81.5,630
2024-09-23,38.5,-81.0,270
2024-09-23,38.5,-80.5,180
2024-09-23,38.5,-80.0,450
2024-09-23,38.5,-79.0,90
2024-09-23,38.5,-78.5,90
2024-09-23,38.5,-74.5,90
2024-09-23,39.0,-96.5,90
2024-09-23,39.0,-96.0,540
2024-09-23,39.0,-95.0,180
2024-09-23,39.0,-94.5,720
2024-09-23,39.0,-92.5,180
2024-09-23,39.0,-90.0,90
2024-09-23,39.0,-89.0,90
2024-09-23,39.0,-85.5,90
2024-09-23,39.0,-85.0,1350
2024-09-23,39.0,-84.5,360
2024-09-23,39.0,-84.0,90
2024-09-23,39.0,-83.5,270
2024-09-23,39.0,-83.0,180
2024-09-23,39.0,-82.0,270
2024-09-23,39.0,-81.5,180
2024-09-23,39.0,-80.5,720
2024-09-23,39.0,-80.0,360
2024-09-23,39.0,-66.5,90
2024-09-23,39.5,-96.5,180
2024-09-23,39.5,-96.0,90
2024-09-23,39.5,-95.5,720
2024-09-23,39.5,-95.0,1170
2024-09-23,39.5,-89.0,450
2024-09-23,39.5,-88.5,360
2024-09-23,39.5,-85.0,180
2024-09-23,39.5,-84.5,360
2024-09-23,39.5,-84.0,90
2024-09-23,39.5,-83.0,450
2024-09-23,39.5,-82.5,90
2024-09-23,39.5,-81.5,90
2024-09-23,39.5,-80.0,180
2024-09-23,40.0,-112.5,90
2024-09-23,40.0,-96.0,270
2024-09-23,40.0,-95.5,630
2024-09-23,40.0,-95.0,1170
2024-09-23,40.0,-92.5,90
2024-09-23,40.0,-88.5,540
2024-09-23,40.0,-88.0,450
2024-09-23,40.0,-87.5,180
2024-09-23,40.0,-87.0,90
2024-09-23,40.0,-85.5,180
2024-09-23,40.0,-85.0,270
2024-09-23,40.0,-84.5,450
2024-09-23,40.0,-84.0,90
2024-09-23,40.0,-83.5,180
2024-09-23,40.0,-82.0,270
2024-09-23,40.5,-112.0,90
2024-09-23,40.5,-111.5,90
2024-09-23,40.5,-109.5,90
2024-09-23,40.5,-95.5,90
2024-09-23,40.5,-95.0,1080
2024-09-23,40.5,-94.0,180
2024-09-23,40.5,-88.0,180
2024-09-23,40.5,-86.0,90
2024-09-23,40.5,-85.5,270
2024-09-23,40.5,-85.0,540
2024-09-23,40.5,-84.5,630
2024-09-23,40.5,-84.0,90
2024-09-23,40.5,-83.5,90
2024-09-23,40.5,-83.0,90
2024-09-23,40.5,-81.5,180
2024-09-23,40.5,-81.0,180
2024-09-23,41.0,-95.0,180
2024-09-23,41.0,-94.5,90
2024-09-23,41.0,-94.0,270
2024-09-23,41.0,-85.5,90
2024-09-23,41.0,-85.0,90
2024-09-23,41.0,-84.5,4770
2024-09-23,41.0,-84.0,450
2024-09-23,41.0,-83.5,1350
2024-09-23,41.0,-83.0,540
2024-09-23,41.0,-82.5,540
2024-09-23,41.0,-81.0,90
2024-09-23,41.5,-86.0,90
2024-09-23,41.5,-82.5,90
2024-09-23,41.5,-82.0,90
2024-09-23,42.0,-89.5,90
2024-09-23,42.0,-82.5,90
2024-09-23,42.0,-80.0,90
2024-09-23,42.5,-83.0,180
2024-09-23,42.5,-82.0,180
2024-09-23,42.5,-80.5,90
2024-09-23,43.0,-82.0,270
2024-09-23,43.0,-81.5,90
2024-09-23,43.0,-80.0,90
2024-09-23,43.0,-78.5,90
2024-09-23,44.0,-100.0,90
2024-09-23,44.0,-83.0,90
2024-09-23,44.0,-73.5,90
2024-09-23,44.5,-83.0,360
2024-09-23,45.0,-78.5,90
2024-09-23,45.5,-118.5,90
2024-09-23,45.5,-78.5,90
2024-09-23,46.0,-117.5,90
2024-09-23,46.5,-116.0,90
2024-09-23,46.5,-75.5,90
2024-09-23,46.5,-73.5,90
2024-09-23,46.5,-73.0,180
2024-09-23,46.5,-72.5,180
2024-09-23,47.0,-117.0,180
2024-09-23,47.0,-116.5,90
2024-09-23,47.0,-116.0,180
2024-09-23,47.5,-118.0,90
2024-09-23,47.5,-117.0,90
2024-09-23,47.5,-116.5,180
2024-09-23,47.5,-114.0,90
2024-09-23,48.0,-120.0,360
2024-09-23,48.0,-119.0,90
2024-09-23,48.0,-115.5,90
2024-09-23,48.0,-115.0,180
2024-09-23,48.0,-114.0,180
2024-09-23,48.0,-113.5,90
2024-09-23,48.5,-120.0,90
2024-09-23,48.5,-118.0,90
2024-09-23,48.5,-117.0,90
2024-09-23,48.5,-116.5,90
2024-09-23,48.5,-114.5,180
2024-09-23,48.5,-114.0,180
2024-09-23,49.0,-119.5,90
2024-09-23,49.5,-119.0,90
2024-09-23,49.5,-118.5,90
2024-09-23,49.5,-115.5,90
2024-09-23,50.0,-117.5,90
2024-09-23,50.0,-116.0,90
2024-09-23,50.0,-115.5,90
2024-09-23,50.0,-68.0,90
2024-09-23,50.5,-118.5,90
2024-09-23,50.5,-116.0,90
2024-09-23,50.5,-80.5,90
2024-09-23,50.5,-69.5,90
2024-09-23,51.0,-118.5,90
2024-09-23,51.0,-118.0,90
2024-09-23,51.0,-117.5,90
2024-09-23,51.0,-116.5,90
2024-09-23,51.0,-116.0,90
2024-09-23,51.0,-115.0,90
2024-09-23,51.0,-104.5,90
2024-09-23,51.0,-78.5,90
2024-09-23,51.5,-104.5,90
2024-09-23,51.5,-78.0,90
2024-09-23,51.5,-69.0,270
2024-09-23,51.5,-68.5,90
2024-09-23,51.5,-67.5,90
2024-09-23,51.5,-67.0,90
2024-09-23,51.5,-66.5,90
2024-09-23,52.0,-116.0,90
2024-09-23,52.0,-106.0,90
2024-09-23,52.0,-103.5,90
2024-09-23,52.0,-68.0,90
2024-09-23,52.0,-67.0,180
2024-09-23,52.5,-118.0,90
2024-09-23,52.5,-116.5,270
2024-09-23,52.5,-116.0,90
2024-09-23,52.5,-106.0,90
2024-09-23,52.5,-104.5,90
2024-09-23,52.5,-76.0,90
2024-09-23,52.5,-75.5,90
2024-09-23,52.5,-66.5,90
2024-09-23,53.0,-115.5,270
2024-09-23,53.0,-114.0,90
2024-09-23,53.0,-77.0,90
2024-09-23,53.0,-66.5,90
2024-09-23,53.0,-65.5,90
2024-09-23,53.5,-116.0,90
2024-09-23,53.5,-115.0,270
2024-09-23,53.5,-104.0,90
2024-09-23,53.5,-81.0,90
2024-09-23,53.5,-78.5,90
2024-09-23,53.5,-78.0,90
2024-09-23,54.0,-113.5,90
2024-09-23,54.0,-111.0,90
2024-09-23,54.0,-102.5,90
2024-09-23,54.0,-81.0,90
2024-09-23,54.0,-80.5,180
2024-09-23,54.0,-80.0,90
2024-09-23,54.0,-79.5,180
2024-09-23,54.0,-78.5,90
2024-09-23,54.5,-111.5,90
2024-09-23,54.5,-111.0,180
2024-09-23,54.5,-110.5,90
2024-09-23,54.5,-104.0,90
2024-09-23,54.5,-103.0,90
2024-09-23,54.5,-102.5,90
2024-09-23,54.5,-102.0,90
2024-09-23,54.5,-82.0,90
2024-09-30,20.0,-106.0,630
2024-09-30,20.0,-105.5,1170
2024-09-30,20.0,-105.0,630
2024-09-30,20.0,-104.0,90
2024-09-30,20.0,-102.5,180
2024-09-30,20.0,-102.0,90
2024-09-30,20.0,-96.5,90
2024-09-30,20.0,-95.0,180
2024-09-30,20.0,-94.5,1440
2024-09-30,20.0,-94.0,1620
2024-09-30,20.0,-93.5,900
2024-09-30,20.0,-93.0,540
2024-09-30,20.0,-92.5,630
2024-09-30,20.0,-92.0,630
2024-09-30,20.0,-91.5,1350
2024-09-30,20.0,-91.0,1350
2024-09-30,20.0,-90.5,630
2024-09-30,20.0,-90.0,1080
2024-09-30,20.0,-89.5,4050
2024-09-30,20.0,-89.0,3690
2024-09-30,20.0,-88.5,1170
2024-09-30,20.0,-88.0,1080
2024-09-30,20.0,-87.5,900
2024-09-30,20.0,-87.0,360
2024-09-30,20.0,-86.5,900
2024-09-30,20.0,-86.0,1620
2024-09-30,20.0,-85.5,450
2024-09-30,20.0,-84.5,540
2024-09-30,20.0,-84.0,270
2024-09-30,20.0,-83.5,270
2024-09-30,20.0,-83.0,180
2024-09-30,20.0,-82.0,90
2024-09-30,20.0,-81.5,90
2024-09-30,20.0,-81.0,450
2024-09-30,20.0,-80.5,360
2024-09-30,20.0,-80.0,90
2024-09-30,20.0,-79.5,990
2024-09-30,20.0,-79.0,990
2024-09-30,20.0,-78.5,90
2024-09-30,20.0,-78.0,720
2024-09-30,20.0,-77.5,3330
2024-09-30,20.0,-77.0,3960
2024-09-30,20.0,-76.5,2070
2024-09-30,20.0,-76.0,2700
2024-09-30,20.0,-75.5,1530
2024-09-30,20.0,-75.0,1440
2024-09-30,20.0,-74.5,900
2024-09-30,20.0,-74.0,90
2024-09-30,20.5,-106.0,1620
2024-09-30,20.5,-105.5,450
2024-09-30,20.5,-104.5,720
2024-09-30,20.5,-104.0,450
2024-09-30,20.5,-103.5,360
2024-09-30,20.5,-103.0,180
2024-09-30,20.5,-96.5,540
2024-09-30,20.5,-96.0,180
2024-09-30,20.5,-95.0,180
2024-09-30,20.5,-94.5,630
2024-09-30,20.5,-94.0,810
2024-09-30,20.5,-93.5,180
2024-09-30,20.5,-93.0,720
2024-09-30,20.5,-92.5,450
2024-09-30,20.5,-92.0,720
2024-09-30,20.5,-91.5,1710
2024-09-30,20.5,-91.0,630
2024-09-30,20.5,-90.5,810
2024-09-30,20.5,-90.0,1620
2024-09-30,20.5,-89.5,2790
2024-09-30,20.5,-89.0,1980
2024-09-30,20.5,-88.5,2340
2024-09-30,20.5,-88.0,720
2024-09-30,20.5,-87.5,1440
2024-09-30,20.5,-87.0,810
2024-09-30,20.5,-86.5,270
2024-09-30,20.5,-86.0,360
2024-09-30,20.5,-85.5,1980
2024-09-30,20.5,-84.5,270
2024-09-30,20.5,-84.0,180
2024-09-30,20.5,-83.5,720
2024-09-30,20.5,-82.5,90
2024-09-30,20.5,-81.5,180
2024-09-30,20.5,-81.0,180
2024-09-30,20.5,-80.5,180
2024-09-30,20.5,-80.0,270
2024-09-30,20.5,-79.5,450
2024-09-30,20.5,-79.0,540
2024-09-30,20.5,-78.5,540
2024-09-30,20.5,-78.0,1080
2024-09-30,20.5,-77.5,1980
2024-09-30,20.5,-77.0,4950
2024-09-30,20.5,-76.5,5220
2024-09-30,20.5,-76.0,1800
2024-09-30,20.5,-75.5,90
2024-09-30,20.5,-75.0,90
2024-09-30,20.5,-74.5,90
2024-09-30,20.5,-73.5,90
2024-09-30,21.0,-106.0,2700
2024-09-30,21.0,-105.5,2880
2024-09-30,21.0,-105.0,90
2024-09-30,21.0,-104.0,90
2024-09-30,21.0,-102.5,90
2024-09-30,21.0,-98.5,90
2024-09-30,21.0,-96.5,540
2024-09-30,21.0,-96.0,270
2024-09-30,21.0,-95.5,180
2024-09-30,21.0,-94.5,360
2024-09-30,21.0,-94.0,360
2024-09-30,21.0,-93.5,720
2024-09-30,21.0,-93.0,1530
2024-09-30,21.0,-92.5,720
2024-09-30,21.0,-92.0,630
2024-09-30,21.0,-91.5,990
2024-09-30,21.0,-91.0,180
2024-09-30,21.0,-90.5,1170
2024-09-30,21.0,-90.0,1350
2024-09-30,21.0,-89.5,2970
2024-09-30,21.0,-89.0,1710
2024-09-30,21.0,-88.5,1260
2024-09-30,21.0,-88.0,1440
2024-09-30,21.0,-87.5,1260
2024-09-30,21.0,-87.0,630
2024-09-30,21.0,-86.5,540
2024-09-30,21.0,-86.0,450
2024-09-30,21.0,-85.5,630
2024-09-30,21.0,-85.0,360
2024-09-30,21.0,-84.5,540
2024-09-30,21.0,-84.0,360
2024-09-30,21.0,-83.5,90
2024-09-30,21.0,-83.0,90
2024-09-30,21.0,-82.5,180
2024-09-30,21.0,-82.0,90
2024-09-30,21.0,-81.5,360
2024-09-30,21.0,-81.0,360
2024-09-30,21.0,-80.5,90
2024-09-30,21.0,-80.0,270
2024-09-30,21.0,-79.5,180
2024-09-30,21.0,-79.0,450
2024-09-30,21.0,-78.5,6570
2024-09-30,21.0,-78.0,3510
2024-09-30,21.0,-77.5,720
2024-09-30,21.0,-77.0,2250
2024-09-30,21.0,-76.5,720
2024-09-30,21.0,-76.0,630
2024-09-30,21.5,-106.5,270
2024-09-30,21.5,-106.0,3960
2024-09-30,21.5,-105.5,1080
2024-09-30,21.5,-105.0,270
2024-09-30,21.5,-104.5,360
2024-09-30,21.5,-104.0,270
2024-09-30,21.5,-102.5,270
2024-09-30,21.5,-98.0,90
2024-09-30,21.5,-97.5,90
2024-09-30,21.5,-96.5,90
2024-09-30,21.5,-96.0,270
2024-09-30,21.5,-95.5,1530
2024-09-30,21.5,-95.0,270
2024-09-30,21.5,-94.5,450
2024-09-30,21.5,-94.0,270
2024-09-30,21.5,-93.5,450
2024-09-30,21.5,-93.0,270
2024-09-30,21.5,-92.5,270
2024-09-30,21.5,-92.0,90
2024-09-30,21.5,-91.5,360
2024-09-30,21.5,-91.0,270
2024-09-30,21.5,-90.5,360
2024-09-30,21.5,-89.5,270
2024-09-30,21.5,-89.0,630
2024-09-30,21.5,-88.5,990
2024-09-30,21.5,-88.0,1260
2024-09-30,21.5,-87.5,540
2024-09-30,21.5,-87.0,270
2024-09-30,21.5,-86.5,720
2024-09-30,21.5,-86.0,360
2024-09-30,21.5,-85.5,270
2024-09-30,21.5,-85.0,90
2024-09-30,21.5,-84.5,90
2024-09-30,21.5,-84.0,180
2024-09-30,21.5,-83.5,540
2024-09-30,21.5,-83.0,90
2024-09-30,21.5,-82.5,90
2024-09-30,21.5,-82.0,630
2024-09-30,21.5,-81.5,90
2024-09-30,21.5,-80.5,270
2024-09-30,21.5,-80.0,540
2024-09-30,21.5,-79.5,2340
2024-09-30,21.5,-79.0,3060
2024-09-30,21.5,-78.5,2610
2024-09-30,21.5,-78.0,1890
2024-09-30,21.5,-77.5,1170
2024-09-30,21.5,-76.5,90
2024-09-30,21.5,-76.0,180
2024-09-30,21.5,-75.5,180
2024-09-30,21.5,-72.5,90
2024-09-30,22.0,-107.0,180
2024-09-30,22.0,-106.5,270
2024-09-30,22.0,-106.0,450
2024-09-30,22.0,-105.5,90
2024-09-30,22.0,-105.0,990
2024-09-30,22.0,-104.5,450
2024-09-30,22.0,-104.0,90
2024-09-30,22.0,-98.0,180
2024-09-30,22.0,-97.5,90
2024-09-30,22.0,-97.0,90
2024-09-30,22.0,-96.5,90
2024-09-30,22.0,-96.0,270
2024-09-30,22.0,-94.5,180
2024-09-30,22.0,-94.0,180
2024-09-30,22.0,-93.5,450
2024-09-30,22.0,-93.0,360
2024-09-30,22.0,-92.0,450
2024-09-30,22.0,-91.5,180
2024-09-30,22.0,-91.0,360
2024-09-30,22.0,-90.5,270
2024-09-30,22.0,-90.0,810
2024-09-30,22.0,-89.5,990
2024-09-30,22.0,-89.0,1080
2024-09-30,22.0,-88.5,630
2024-09-30,22.0,-88.0,180
2024-09-30,22.0,-87.5,540
2024-09-30,22.0,-87.0,270
2024-09-30,22.0,-86.5,450
2024-09-30,22.0,-86.0,630
2024-09-30,22.0,-85.5,540
2024-09-30,22.0,-85.0,450
2024-09-30,22.0,-84.5,270
2024-09-30,22.0,-83.5,720
2024-09-30,22.0,-82.0,630
2024-09-30,22.0,-81.5,720
2024-09-30,22.0,-81.0,1080
2024-09-30,22.0,-80.5,1800
2024-09-30,22.0,-80.0,990
2024-09-30,22.0,-79.5,2700
2024-09-30,22.0,-79.0,810
2024-09-30,22.0,-78.5,1260
2024-09-30,22.0,-78.0,180
2024-09-30,22.0,-76.5,180
2024-09-30,22.0,-76.0,90
2024-09-30,22.0,-71.0,90
2024-09-30,22.0,-69.5,90
2024-09-30,22.5,-106.5,720
2024-09-30,22.5,-105.0,180
2024-09-30,22.5,-104.5,90
2024-09-30,22.5,-98.0,90
2024-09-30,22.5,-97.0,90
2024-09-30,22.5,-96.5,180
2024-09-30,22.5,-96.0,270
2024-09-30,22.5,-95.5,450
2024-09-30,22.5,-95.0,270
2024-09-30,22.5,-94.0,450
2024-09-30,22.5,-93.5,90
2024-09-30,22.5,-93.0,180
2024-09-30,22.5,-92.0,90
2024-09-30,22.5,-91.5,90
2024-09-30,22.5,-90.5,90
2024-09-30,22.5,-89.5,180
2024-09-30,22.5,-89.0,360
2024-09-30,22.5,-88.5,90
2024-09-30,22.5,-87.5,90
2024-09-30,22.5,-87.0,270
2024-09-30,22.5,-86.5,810
2024-09-30,22.5,-86.0,360
2024-09-30,22.5,-85.5,1350
2024-09-30,22.5,-85.0,630
2024-09-30,22.5,-84.5,1890
2024-09-30,22.5,-84.0,1440
2024-09-30,22.5,-83.5,450
2024-09-30,22.5,-82.5,2250
2024-09-30,22.5,-82.0,5490
2024-09-30,22.5,-81.5,3150
2024-09-30,22.5,-81.0,2970
2024-09-30,22.5,-80.5,3510
2024-09-30,22.5,-80.0,270
2024-09-30,22.5,-79.5,270
2024-09-30,22.5,-79.0,90
2024-09-30,22.5,-78.0,90
2024-09-30,22.5,-74.5,90
2024-09-30,23.0,-106.0,180
2024-09-30,23.0,-100.5,90
2024-09-30,23.0,-97.0,360
2024-09-30,23.0,-96.0,90
2024-09-30,23.0,-95.5,180
2024-09-30,23.0,-95.0,360
2024-09-30,23.0,-94.5,270
2024-09-30,23.0,-94.0,90
2024-09-30,23.0,-93.5,450
2024-09-30,23.0,-93.0,90
2024-09-30,23.0,-92.5,90
2024-09-30,23.0,-92.0,450
2024-09-30,23.0,-91.0,450
2024-09-30,23.0,-90.5,90
2024-09-30,23.0,-90.0,90
2024-09-30,23.0,-89.0,180
2024-09-30,23.0,-88.5,270
2024-09-30,23.0,-88.0,90
2024-09-30,23.0,-87.5,270
2024-09-30,23.0,-87.0,990
2024-09-30,23.0,-86.5,90
2024-09-30,23.0,-86.0,450
2024-09-30,23.0,-85.5,450
2024-09-30,23.0,-85.0,1710
2024-09-30,23.0,-84.5,720
2024-09-30,23.0,-84.0,1350
2024-09-30,23.0,-83.5,2430
2024-09-30,23.0,-83.0,1890
2024-09-30,23.0,-82.5,2160
2024-09-30,23.0,-82.0,2520
2024-09-30,23.0,-81.5,270
2024-09-30,23.0,-81.0,720
2024-09-30,23.0,-80.5,90
2024-09-30,23.0,-80.0,180
2024-09-30,23.0,-77.0,270
2024-09-30,23.0,-76.5,90
2024-09-30,23.0,-75.5,180
2024-09-30,23.0,-72.5,90
2024-09-30,23.0,-71.5,90
2024-09-30,23.5,-106.5,90
2024-09-30,23.5,-101.5,180
2024-09-30,23.5,-97.0,180
2024-09-30,23.5,-96.5,270
2024-09-30,23.5,-95.5,90
2024-09-30,23.5,-95.0,270
2024-09-30,23.5,-94.5,360
2024-09-30,23.5,-94.0,630
2024-09-30,23.5,-93.5,630
2024-09-30,23.5,-93.0,810
2024-09-30,23.5,-92.5,180
2024-09-30,23.5,-92.0,90
2024-09-30,23.5,-91.5,180
2024-09-30,23.5,-91.0,90
2024-09-30,23.5,-90.5,90
2024-09-30,23.5,-89.5,180
2024-09-30,23.5,-87.5,450
2024-09-30,23.5,-87.0,630
2024-09-30,23.5,-86.5,810
2024-09-30,23.5,-86.0,630
2024-09-30,23.5,-85.5,270
2024-09-30,23.5,-84.5,360
2024-09-30,23.5,-84.0,990
2024-09-30,23.5,-83.5,1620
2024-09-30,23.5,-83.0,450
2024-09-30,23.5,-82.5,720
2024-09-30,23.5,-82.0,90
2024-09-30,23.5,-81.5,270
2024-09-30,23.5,-79.5,90
2024-09-30,23.5,-79.0,90
2024-09-30,24.0,-107.0,180
2024-09-30,24.0,-106.5,180
2024-09-30,24.0,-98.0,180
2024-09-30,24.0,-97.5,90
2024-09-30,24.0,-96.5,90
2024-09-30,24.0,-94.5,270
2024-09-30,24.0,-94.0,360
2024-09-30,24.0,-93.5,360
2024-09-30,24.0,-93.0,450
2024-09-30,24.0,-92.5,450
2024-09-30,24.0,-92.0,360
2024-09-30,24.0,-91.5,270
2024-09-30,24.0,-91.0,270
2024-09-30,24.0,-87.0,810
2024-09-30,24.0,-86.5,1170
2024-09-30,24.0,-86.0,450
2024-09-30,24.0,-85.0,180
2024-09-30,24.0,-84.5,360
2024-09-30,24.0,-84.0,360
2024-09-30,24.0,-83.5,180
2024-09-30,24.0,-83.0,90
2024-09-30,24.0,-82.5,90
2024-09-30,24.0,-82.0,90
2024-09-30,24.0,-81.0,540
2024-09-30,24.0,-80.5,360
2024-09-30,24.0,-79.5,90
2024-09-30,24.5,-101.5,90
2024-09-30,24.5,-94.5,90
2024-09-30,24.5,-94.0,180
2024-09-30,24.5,-93.5,450
2024-09-30,24.5,-93.0,90
2024-09-30,24.5,-92.5,360
2024-09-30,24.5,-92.0,450
2024-09-30,24.5,-91.5,90
2024-09-30,24.5,-87.0,540
2024-09-30,24.5,-86.5,360
2024-09-30,24.5,-84.0,180
2024-09-30,24.5,-83.5,90
2024-09-30,24.5,-83.0,180
2024-09-30,24.5,-82.5,90
2024-09-30,24.5,-82.0,90
2024-09-30,24.5,-81.5,90
2024-09-30,24.5,-81.0,90
2024-09-30,25.0,-98.0,270
2024-09-30,25.0,-94.0,90
2024-09-30,25.0,-93.5,180
2024-09-30,25.0,-93.0,90
2024-09-30,25.0,-92.5,270
2024-09-30,25.0,-92.0,270
2024-09-30,25.0,-91.5,90
2024-09-30,25.0,-91.0,180
2024-09-30,25.0,-87.5,270
2024-09-30,25.0,-87.0,720
2024-09-30,25.0,-86.5,540
2024-09-30,25.0,-85.5,180
2024-09-30,25.0,-84.0,180
2024-09-30,25.0,-83.0,90
2024-09-30,25.0,-82.5,1170
2024-09-30,25.0,-82.0,90
2024-09-30,25.0,-81.5,180
2024-09-30,25.0,-80.5,90
2024-09-30,25.0,-78.5,90
2024-09-30,25.5,-92.0,540
2024-09-30,25.5,-90.0,90
2024-09-30,25.5,-89.5,90
2024-09-30,25.5,-88.0,270
2024-09-30,25.5,-87.0,90
2024-09-30,25.5,-86.5,270
2024-09-30,25.5,-84.5,90
2024-09-30,25.5,-83.5,270
2024-09-30,25.5,-83.0,180
2024-09-30,25.5,-82.5,360
2024-09-30,25.5,-82.0,360
2024-09-30,25.5,-81.5,540
2024-09-30,25.5,-81.0,270
2024-09-30,25.5,-80.0,90
2024-09-30,26.0,-99.0,90
2024-09-30,26.0,-98.0,90
2024-09-30,26.0,-97.5,270
2024-09-30,26.0,-94.5,90
2024-09-30,26.0,-92.5,90
2024-09-30,26.0,-92.0,90
2024-09-30,26.0,-91.0,180
2024-09-30,26.0,-90.5,90
2024-09-30,26.0,-90.0,180
2024-09-30,26.0,-89.0,180
2024-09-30,26.0,-88.5,90
2024-09-30,26.0,-86.0,450
2024-09-30,26.0,-84.5,90
2024-09-30,26.0,-83.5,990
2024-09-30,26.0,-83.0,540
2024-09-30,26.0,-82.5,180
2024-09-30,26.0,-82.0,1530
2024-09-30,26.0,-81.5,1620
2024-09-30,26.0,-81.0,450
2024-09-30,26.0,-78.0,90
2024-09-30,26.0,-77.5,90
2024-09-30,26.0,-77.0,180
2024-09-30,26.5,-100.0,90
2024-09-30,26.5,-98.0,180
2024-09-30,26.5,-97.5,180
2024-09-30,26.5,-96.0,90
2024-09-30,26.5,-94.5,90
2024-09-30,26.5,-93.0,180
2024-09-30,26.5,-91.5,270
2024-09-30,26.5,-91.0,270
2024-09-30,26.5,-89.5,90
2024-09-30,26.5,-88.5,270
2024-09-30,26.5,-86.5,90
2024-09-30,26.5,-86.0,540
2024-09-30,26.5,-83.0,360
2024-09-30,26.5,-82.5,1260
2024-09-30,26.5,-82.0,1710
2024-09-30,26.5,-81.5,1170
2024-09-30,26.5,-81.0,630
2024-09-30,26.5,-80.5,810
2024-09-30,26.5,-80.0,180
2024-09-30,26.5,-79.5,90
2024-09-30,26.5,-79.0,450
2024-09-30,26.5,-78.5,90
2024-09-30,27.0,-109.0,450
2024-09-30,27.0,-100.0,180
2024-09-30,27.0,-98.5,270
2024-09-30,27.0,-98.0,180
2024-09-30,27.0,-97.5,360
2024-09-30,27.0,-96.0,90
2024-09-30,27.0,-95.0,90
2024-09-30,27.0,-94.0,90
2024-09-30,27.0,-93.5,180
2024-09-30,27.0,-93.0,90
2024-09-30,27.0,-92.5,90
2024-09-30,27.0,-91.5,90
2024-09-30,27.0,-90.5,90
2024-09-30,27.0,-87.5,270
2024-09-30,27.0,-87.0,180
2024-09-30,27.0,-86.5,360
2024-09-30,27.0,-86.0,450
2024-09-30,27.0,-85.5,450
2024-09-30,27.0,-84.5,270
2024-09-30,27.0,-84.0,90
2024-09-30,27.0,-83.5,270
2024-09-30,27.0,-83.0,810
2024-09-30,27.0,-82.5,4050
2024-09-30,27.0,-82.0,1260
2024-09-30,27.0,-81.5,1710
2024-09-30,27.0,-81.0,270
2024-09-30,27.0,-80.5,270
2024-09-30,27.0,-80.0,90
2024-09-30,27.0,-79.0,90
2024-09-30,27.5,-94.5,90
2024-09-30,27.5,-87.5,90
2024-09-30,27.5,-87.0,540
2024-09-30,27.5,-86.5,360
2024-09-30,27.5,-85.5,180
2024-09-30,27.5,-84.0,270
2024-09-30,27.5,-83.5,720
2024-09-30,27.5,-83.0,630
2024-09-30,27.5,-82.5,1440
2024-09-30,27.5,-82.0,1890
2024-09-30,27.5,-81.5,720
2024-09-30,27.5,-81.0,540
2024-09-30,27.5,-80.5,270
2024-09-30,27.5,-80.0,180
2024-09-30,27.5,-79.5,90
2024-09-30,27.5,-70.5,90
2024-09-30,28.0,-93.5,90
2024-09-30,28.0,-92.5,90
2024-09-30,28.0,-89.5,90
2024-09-30,28.0,-89.0,180
2024-09-30,28.0,-88.5,90
2024-09-30,28.0,-87.0,90
2024-09-30,28.0,-85.5,90
2024-09-30,28.0,-85.0,90
2024-09-30,28.0,-84.5,360
2024-09-30,28.0,-84.0,360
2024-09-30,28.0,-83.5,90
2024-09-30,28.0,-83.0,990
2024-09-30,28.0,-82.5,630
2024-09-30,28.0,-82.0,630
2024-09-30,28.0,-81.5,900
2024-09-30,28.0,-81.0,1710
2024-09-30,28.0,-80.5,450
2024-09-30,28.0,-80.0,1800
2024-09-30,28.0,-79.5,90
2024-09-30,28.5,-111.0,90
2024-09-30,28.5,-90.0,90
2024-09-30,28.5,-88.0,90
2024-09-30,28.5,-87.5,180
2024-09-30,28.5,-86.0,90
2024-09-30,28.5,-85.5,360
2024-09-30,28.5,-85.0,90
2024-09-30,28.5,-83.5,90
2024-09-30,28.5,-82.5,180
2024-09-30,28.5,-82.0,180
2024-09-30,28.5,-81.5,360
2024-09-30,28.5,-81.0,1260
2024-09-30,28.5,-80.5,360
2024-09-30,28.5,-80.0,810
2024-09-30,28.5,-79.5,1080
2024-09-30,28.5,-79.0,1530
2024-09-30,28.5,-78.5,90
2024-09-30,28.5,-78.0,180
2024-09-30,29.0,-91.5,90
2024-09-30,29.0,-87.5,90
2024-09-30,29.0,-86.0,90
2024-09-30,29.0,-85.5,270
2024-09-30,29.0,-82.0,90
2024-09-30,29.0,-81.5,450
2024-09-30,29.0,-80.5,180
2024-09-30,29.0,-80.0,630
2024-09-30,29.0,-79.5,270
2024-09-30,29.0,-79.0,270
2024-09-30,29.0,-78.5,180
2024-09-30,29.0,-78.0,360
2024-09-30,29.0,-77.5,360
2024-09-30,29.0,-77.0,270
2024-09-30,29.5,-112.5,90
2024-09-30,29.5,-111.0,360
2024-09-30,29.5,-93.5,90
2024-09-30,29.5,-87.5,720
2024-09-30,29.5,-87.0,270
2024-09-30,29.5,-82.5,90
2024-09-30,29.5,-82.0,720
2024-09-30,29.5,-81.5,630
2024-09-30,29.5,-81.0,270
2024-09-30,29.5,-80.0,1890
2024-09-30,29.5,-79.5,1260
2024-09-30,29.5,-79.0,360
2024-09-30,29.5,-78.5,90
2024-09-30,29.5,-77.5,270
2024-09-30,29.5,-77.0,270
2024-09-30,29.5,-76.5,270
2024-09-30,29.5,-76.0,270
2024-09-30,30.0,-112.5,90
2024-09-30,30.0,-80.0,360
2024-09-30,30.0,-79.5,810
2024-09-30,30.0,-79.0,630
2024-09-30,30.0,-78.5,630
2024-09-30,30.0,-74.5,90
2024-09-30,30.0,-74.0,180
2024-09-30,30.0,-73.5,90
2024-09-30,30.0,-73.0,180
2024-09-30,30.5,-128.5,90
2024-09-30,30.5,-122.5,90
2024-09-30,30.5,-112.0,360
2024-09-30,30.5,-90.5,90
2024-09-30,30.5,-81.0,270
2024-09-30,30.5,-80.5,180
2024-09-30,30.5,-80.0,720
2024-09-30,30.5,-79.5,1350
2024-09-30,30.5,-79.0,720
2024-09-30,30.5,-78.5,360
2024-09-30,30.5,-78.0,360
2024-09-30,30.5,-77.0,270
2024-09-30,30.5,-70.0,90
2024-09-30,30.5,-69.5,270
2024-09-30,30.5,-67.5,90
2024-09-30,31.0,-123.0,90
2024-09-30,31.0,-112.5,90
2024-09-30,31.0,-79.5,180
2024-09-30,31.0,-79.0,450
2024-09-30,31.0,-78.5,450
2024-09-30,31.0,-78.0,450
2024-09-30,31.0,-76.0,270
2024-09-30,31.0,-75.5,90
2024-09-30,31.0,-75.0,90
2024-09-30,31.0,-74.0,90
2024-09-30,31.0,-69.5,90
2024-09-30,31.5,-113.0,1260
2024-09-30,31.5,-112.5,360
2024-09-30,31.5,-112.0,180
2024-09-30,31.5,-76.5,90
2024-09-30,31.5,-74.5,90
2024-09-30,31.5,-69.0,90
2024-09-30,31.5,-66.0,90
2024-09-30,32.0,-125.0,90
2024-09-30,32.0,-113.5,180
2024-09-30,32.0,-113.0,720
2024-09-30,32.0,-112.5,810
2024-09-30,32.0,-112.0,90
2024-09-30,32.5,-128.5,90
2024-09-30,32.5,-124.5,90
2024-09-30,33.0,-129.0,90
2024-09-30,33.0,-128.5,180
2024-09-30,33.0,-124.5,90
2024-09-30,33.5,-128.5,90
2024-09-30,33.5,-111.5,90
2024-09-30,33.5,-109.5,180
2024-09-30,34.0,-125.0,90
2024-09-30,34.0,-109.5,90
2024-09-30,34.0,-108.5,90
2024-09-30,34.0,-108.0,90
2024-09-30,34.0,-76.0,180
2024-09-30,34.0,-69.5,180
2024-09-30,34.0,-68.5,180
2024-09-30,34.0,-68.0,180
2024-09-30,34.5,-69.0,180
2024-09-30,34.5,-68.5,90
2024-09-30,34.5,-65.5,90
2024-09-30,35.0,-105.5,90
2024-09-30,35.0,-71.5,720
2024-09-30,35.5,-110.0,90
2024-09-30,35.5,-109.5,180
2024-09-30,35.5,-109.0,270
2024-09-30,35.5,-104.5,360
2024-09-30,35.5,-71.5,1440
2024-09-30,36.0,-107.5,90
2024-09-30,36.0,-84.5,180
2024-09-30,36.0,-81.0,90
2024-09-30,36.0,-71.5,180
2024-09-30,36.5,-107.5,180
2024-09-30,36.5,-107.0,90
2024-09-30,36.5,-103.5,90
2024-09-30,36.5,-70.5,90
2024-09-30,36.5,-70.0,180
2024-09-30,36.5,-69.5,90
2024-09-30,37.0,-107.5,90
2024-09-30,37.0,-71.5,180
2024-09-30,37.0,-71.0,90
2024-09-30,37.0,-70.5,900
2024-09-30,37.0,-70.0,450
2024-09-30,37.0,-69.5,90
2024-09-30,37.0,-69.0,180
2024-09-30,37.5,-104.0,270
2024-09-30,37.5,-71.0,360
2024-09-30,37.5,-70.0,180
2024-09-30,38.0,-108.5,90
2024-09-30,38.0,-108.0,90
2024-09-30,38.0,-79.0,90
2024-09-30,39.0,-89.5,90
2024-09-30,39.5,-108.5,90
2024-09-30,39.5,-91.5,180
2024-09-30,39.5,-91.0,1260
2024-09-30,39.5,-90.5,540
2024-09-30,39.5,-90.0,90
2024-09-30,39.5,-82.5,90
2024-09-30,40.0,-109.0,90
2024-09-30,40.0,-108.5,90
2024-09-30,40.0,-108.0,90
2024-09-30,40.0,-92.5,90
2024-09-30,40.0,-92.0,990
2024-09-30,40.0,-91.5,900
2024-09-30,40.0,-91.0,540
2024-09-30,40.0,-90.5,1260
2024-09-30,40.0,-90.0,180
2024-09-30,40.0,-82.0,270
2024-09-30,40.0,-81.5,180
2024-09-30,40.0,-81.0,180
2024-09-30,40.0,-80.5,90
2024-09-30,40.5,-93.5,90
2024-09-30,40.5,-93.0,270
2024-09-30,40.5,-92.5,990
2024-09-30,40.5,-92.0,630
2024-09-30,40.5,-91.5,810
2024-09-30,40.5,-91.0,1710
2024-09-30,40.5,-90.5,900
2024-09-30,40.5,-90.0,90
2024-09-30,40.5,-81.5,540
2024-09-30,40.5,-81.0,630
2024-09-30,40.5,-80.5,1440
2024-09-30,40.5,-80.0,630
2024-09-30,40.5,-79.5,90
2024-09-30,40.5,-79.0,90
2024-09-30,41.0,-94.5,270
2024-09-30,41.0,-94.0,810
2024-09-30,41.0,-93.5,2070
2024-09-30,41.0,-93.0,2700
2024-09-30,41.0,-92.5,4230
2024-09-30,41.0,-92.0,2340
2024-09-30,41.0,-91.5,2250
2024-09-30,41.0,-91.0,540
2024-09-30,41.0,-81.5,180
2024-09-30,41.0,-81.0,450
2024-09-30,41.0,-80.5,1350
2024-09-30,41.0,-80.0,810
2024-09-30,41.0,-79.5,180
2024-09-30,41.0,-79.0,1620
2024-09-30,41.5,-94.0,450
2024-09-30,41.5,-93.5,540
2024-09-30,41.5,-93.0,540
2024-09-30,41.5,-92.5,90
2024-09-30,41.5,-92.0,180
2024-09-30,41.5,-91.5,360
2024-09-30,41.5,-91.0,90
2024-09-30,41.5,-90.5,90
2024-09-30,41.5,-81.0,270
2024-09-30,41.5,-80.5,1170
2024-09-30,41.5,-80.0,1260
2024-09-30,41.5,-79.5,270
2024-09-30,41.5,-79.0,450
2024-09-30,41.5,-78.5,90
2024-09-30,42.0,-80.5,90
2024-09-30,42.0,-80.0,90
2024-09-30,42.0,-79.5,1080
2024-09-30,42.0,-79.0,540
2024-09-30,42.0,-78.5,90
2024-09-30,42.5,-79.0,90
2024-09-30,42.5,-78.5,360
2024-09-30,42.5,-78.0,360
2024-09-30,43.0,-78.0,540
2024-09-30,43.0,-77.5,900
2024-09-30,43.5,-83.5,180
2024-09-30,43.5,-82.0,90
2024-09-30,43.5,-79.0,90
2024-09-30,43.5,-78.0,180
2024-09-30,43.5,-77.5,630
2024-09-30,43.5,-77.0,540
2024-09-30,43.5,-76.5,90
2024-09-30,44.0,-83.5,360
2024-09-30,44.0,-83.0,180
2024-09-30,44.0,-82.5,1440
2024-09-30,44.0,-82.0,540
2024-09-30,44.0,-81.5,810
2024-09-30,44.0,-81.0,360
2024-09-30,44.0,-80.5,270
2024-09-30,44.0,-79.5,540
2024-09-30,44.0,-79.0,90
2024-09-30,44.0,-78.5,900
2024-09-30,44.0,-78.0,1350
2024-09-30,44.0,-77.0,360
2024-09-30,44.0,-76.5,90
2024-09-30,44.5,-83.0,270
2024-09-30,44.5,-82.5,630
2024-09-30,44.5,-82.0,1710
2024-09-30,44.5,-81.5,1080
2024-09-30,44.5,-81.0,360
2024-09-30,44.5,-80.5,90
2024-09-30,44.5,-80.0,540
2024-09-30,44.5,-79.5,450
2024-09-30,44.5,-79.0,180
2024-09-30,44.5,-78.5,360
2024-09-30,44.5,-78.0,360
2024-09-30,44.5,-77.5,180
2024-09-30,44.5,-77.0,180
2024-09-30,44.5,-76.5,90
2024-09-30,44.5,-75.5,180
2024-09-30,45.0,-91.0,90
2024-09-30,45.0,-90.5,90
2024-09-30,45.0,-89.5,90
2024-09-30,45.0,-84.5,180
2024-09-30,45.0,-82.5,720
2024-09-30,45.0,-82.0,450
2024-09-30,45.0,-81.5,540
2024-09-30,45.0,-81.0,270
2024-09-30,45.0,-80.5,450
2024-09-30,45.0,-80.0,540
2024-09-30,45.0,-79.5,720
2024-09-30,45.0,-79.0,90
2024-09-30,45.0,-78.5,180
2024-09-30,45.0,-78.0,90
2024-09-30,45.0,-77.5,90
2024-09-30,45.0,-77.0,180
2024-09-30,45.0,-76.5,180
2024-09-30,45.5,-105.5,90
2024-09-30,45.5,-90.5,630
2024-09-30,45.5,-90.0,180
2024-09-30,45.5,-89.5,900
2024-09-30,45.5,-89.0,450
2024-09-30,45.5,-88.5,270
2024-09-30,45.5,-88.0,540
2024-09-30,45.5,-87.5,810
2024-09-30,45.5,-85.5,180
2024-09-30,45.5,-85.0,270
2024-09-30,45.5,-84.5,720
2024-09-30,45.5,-83.5,180
2024-09-30,45.5,-83.0,90
2024-09-30,45.5,-82.5,2070
2024-09-30,45.5,-82.0,1440
2024-09-30,45.5,-81.5,1260
2024-09-30,45.5,-81.0,630
2024-09-30,45.5,-80.5,360
2024-09-30,45.5,-80.0,180
2024-09-30,45.5,-79.5,270
2024-09-30,45.5,-79.0,180
2024-09-30,45.5,-78.5,180
2024-09-30,45.5,-78.0,90
2024-09-30,45.5,-77.5,180
2024-09-30,45.5,-77.0,90
2024-09-30,45.5,-76.5,90
2024-09-30,45.5,-76.0,90
2024-09-30,45.5,-75.0,90
2024-09-30,45.5,-74.0,90
2024-09-30,46.0,-91.0,180
2024-09-30,46.0,-90.5,720
2024-09-30,46.0,-90.0,270
2024-09-30,46.0,-89.5,810
2024-09-30,46.0,-89.0,630
2024-09-30,46.0,-88.5,1440
2024-09-30,46.0,-88.0,990
2024-09-30,46.0,-87.5,720
2024-09-30,46.0,-87.0,450
2024-09-30,46.0,-86.5,540
2024-09-30,46.0,-86.0,180
2024-09-30,46.0,-85.5,450
2024-09-30,46.0,-85.0,450
2024-09-30,46.0,-84.5,450
2024-09-30,46.0,-84.0,180
2024-09-30,46.0,-83.5,2790
2024-09-30,46.0,-83.0,1350
2024-09-30,46.0,-82.5,2250
2024-09-30,46.0,-82.0,900
2024-09-30,46.0,-81.5,1080
2024-09-30,46.0,-81.0,630
2024-09-30,46.0,-80.5,450
2024-09-30,46.0,-80.0,180
2024-09-30,46.0,-79.0,90
2024-09-30,46.0,-78.5,90
2024-09-30,46.0,-78.0,180
2024-09-30,46.0,-77.5,90
2024-09-30,46.0,-76.5,90
2024-09-30,46.0,-76.0,180
2024-09-30,46.0,-75.0,90
2024-09-30,46.5,-105.0,180
2024-09-30,46.5,-104.0,90
2024-09-30,46.5,-91.5,270
2024-09-30,46.5,-89.5,810
2024-09-30,46.5,-89.0,90
2024-09-30,46.5,-88.5,360
2024-09-30,46.5,-87.5,1260
2024-09-30,46.5,-87.0,900
2024-09-30,46.5,-86.5,180
2024-09-30,46.5,-86.0,450
2024-09-30,46.5,-85.5,720
2024-09-30,46.5,-85.0,810
2024-09-30,46.5,-84.5,180
2024-09-30,46.5,-84.0,540
2024-09-30,46.5,-83.5,450
2024-09-30,46.5,-83.0,1890
2024-09-30,46.5,-82.5,810
2024-09-30,46.5,-82.0,540
2024-09-30,46.5,-81.5,450
2024-09-30,46.5,-81.0,360
2024-09-30,46.5,-80.5,180
2024-09-30,46.5,-80.0,180
2024-09-30,46.5,-77.5,90
2024-09-30,46.5,-77.0,90
2024-09-30,46.5,-76.5,90
2024-09-30,47.0,-91.0,180
2024-09-30,47.0,-90.5,360
2024-09-30,47.0,-90.0,270
2024-09-30,47.0,-89.5,90
2024-09-30,47.0,-88.0,180
2024-09-30,47.0,-87.0,360
2024-09-30,47.0,-86.5,180
2024-09-30,47.0,-86.0,1440
2024-09-30,47.0,-85.5,360
2024-09-30,47.0,-85.0,450
2024-09-30,47.0,-84.5,1170
2024-09-30,47.0,-84.0,450
2024-09-30,47.0,-83.5,720
2024-09-30,47.0,-81.5,270
2024-09-30,47.0,-81.0,90
2024-09-30,47.0,-80.5,180
2024-09-30,47.0,-80.0,90
2024-09-30,47.0,-76.5,90
2024-09-30,47.5,-106.5,90
2024-09-30,47.5,-91.0,90
2024-09-30,47.5,-90.0,180
2024-09-30,47.5,-89.5,90
2024-09-30,47.5,-88.0,90
2024-09-30,47.5,-87.5,90
2024-09-30,47.5,-87.0,90
2024-09-30,47.5,-86.5,270
2024-09-30,47.5,-86.0,90
2024-09-30,47.5,-85.5,90
2024-09-30,47.5,-85.0,90
2024-09-30,47.5,-84.5,360
2024-09-30,47.5,-84.0,180
2024-09-30,47.5,-83.5,180
2024-09-30,47.5,-82.5,180
2024-09-30,47.5,-82.0,180
2024-09-30,47.5,-80.0,180
2024-09-30,47.5,-78.0,90
2024-09-30,48.0,-108.0,180
2024-09-30,48.0,-106.0,90
2024-09-30,48.0,-90.0,90
2024-09-30,48.0,-89.0,90
2024-09-30,48.0,-87.0,90
2024-09-30,48.0,-86.5,180
2024-09-30,48.0,-83.0,180
2024-09-30,48.0,-82.5,90
2024-09-30,48.0,-82.0,180
2024-09-30,48.0,-79.0,90
2024-09-30,48.5,-109.0,180
2024-09-30,48.5,-82.0,180
2024-09-30,48.5,-81.0,180
2024-09-30,48.5,-76.0,90
2024-09-30,49.0,-108.0,90
2024-09-30,49.0,-107.5,180
2024-09-30,49.0,-88.0,90
2024-09-30,49.5,-112.5,90
2024-09-30,49.5,-104.5,90
2024-09-30,49.5,-102.5,90
2024-09-30,49.5,-87.5,180
2024-09-30,50.0,-104.5,90
2024-09-30,50.0,-88.0,270
2024-09-30,50.5,-85.0,180
2024-09-30,50.5,-84.5,90
2024-09-30,51.0,-115.0,90
2024-09-30,51.0,-95.0,90
2024-09-30,51.0,-88.0,270
2024-09-30,51.0,-85.0,90
2024-09-30,51.5,-86.0,90
2024-09-30,52.5,-86.0,90
2024-09-30,54.5,-115.5,90
2024-09-30,54.5,-80.0,90
2024-10-07,20.0,-108.0,810
2024-10-07,20.0,-107.5,360
2024-10-07,20.0,-107.0,180
2024-10-07,20.0,-106.0,270
2024-10-07,20.0,-105.5,90
2024-10-07,20.0,-105.0,180
2024-10-07,20.0,-104.5,90
2024-10-07,20.0,-103.5,360
2024-10-07,20.0,-102.0,90
2024-10-07,20.0,-92.0,90
2024-10-07,20.0,-90.5,270
2024-10-07,20.0,-89.5,360
2024-10-07,20.0,-89.0,270
2024-10-07,20.0,-88.0,90
2024-10-07,20.0,-87.5,990
2024-10-07,20.0,-87.0,450
2024-10-07,20.0,-86.5,540
2024-10-07,20.0,-86.0,180
2024-10-07,20.0,-85.5,540
2024-10-07,20.0,-85.0,90
2024-10-07,20.0,-84.5,360
2024-10-07,20.0,-83.5,180
2024-10-07,20.0,-82.5,90
2024-10-07,20.0,-82.0,180
2024-10-07,20.0,-80.5,90
2024-10-07,20.0,-80.0,90
2024-10-07,20.0,-79.5,180
2024-10-07,20.0,-79.0,180
2024-10-07,20.0,-78.5,720
2024-10-07,20.0,-78.0,180
2024-10-07,20.0,-77.5,1440
2024-10-07,20.0,-77.0,3240
2024-10-07,20.0,-76.5,3420
2024-10-07,20.0,-76.0,2340
2024-10-07,20.0,-75.5,2700
2024-10-07,20.0,-75.0,900
2024-10-07,20.0,-74.5,1080
2024-10-07,20.0,-74.0,90
2024-10-07,20.0,-73.5,90
2024-10-07,20.0,-73.0,810
2024-10-07,20.0,-72.5,1350
2024-10-07,20.0,-72.0,810
2024-10-07,20.0,-71.0,270
2024-10-07,20.0,-70.5,540
2024-10-07,20.0,-69.5,180
2024-10-07,20.0,-68.5,90
2024-10-07,20.0,-68.0,90
2024-10-07,20.5,-107.5,90
2024-10-07,20.5,-106.0,720
2024-10-07,20.5,-105.5,1530
2024-10-07,20.5,-105.0,90
2024-10-07,20.5,-104.5,1080
2024-10-07,20.5,-104.0,450
2024-10-07,20.5,-103.5,180
2024-10-07,20.5,-96.5,180
2024-10-07,20.5,-96.0,90
2024-10-07,20.5,-89.5,360
2024-10-07,20.5,-89.0,270
2024-10-07,20.5,-88.5,90
2024-10-07,20.5,-88.0,270
2024-10-07,20.5,-87.5,1800
2024-10-07,20.5,-87.0,720
2024-10-07,20.5,-86.5,630
2024-10-07,20.5,-86.0,270
2024-10-07,20.5,-85.5,90
2024-10-07,20.5,-85.0,90
2024-10-07,20.5,-84.5,90
2024-10-07,20.5,-84.0,180
2024-10-07,20.5,-83.5,360
2024-10-07,20.5,-83.0,270
2024-10-07,20.5,-82.5,90
2024-10-07,20.5,-82.0,90
2024-10-07,20.5,-81.5,90
2024-10-07,20.5,-80.5,180
2024-10-07,20.5,-80.0,90
2024-10-07,20.5,-79.5,630
2024-10-07,20.5,-79.0,360
2024-10-07,20.5,-78.5,540
2024-10-07,20.5,-77.5,1530
2024-10-07,20.5,-77.0,5310
2024-10-07,20.5,-76.5,5130
2024-10-07,20.5,-76.0,1530
2024-10-07,20.5,-75.5,2520
2024-10-07,20.5,-75.0,540
2024-10-07,20.5,-74.5,90
2024-10-07,20.5,-74.0,90
2024-10-07,20.5,-72.5,270
2024-10-07,20.5,-72.0,180
2024-10-07,20.5,-71.5,180
2024-10-07,20.5,-71.0,90
2024-10-07,20.5,-70.5,180
2024-10-07,20.5,-70.0,90
2024-10-07,20.5,-69.5,360
2024-10-07,20.5,-69.0,540
2024-10-07,20.5,-68.5,90
2024-10-07,21.0,-108.0,180
2024-10-07,21.0,-107.5,180
2024-10-07,21.0,-107.0,90
2024-10-07,21.0,-106.5,90
2024-10-07,21.0,-106.0,2070
2024-10-07,21.0,-105.5,4050
2024-10-07,21.0,-105.0,360
2024-10-07,21.0,-104.5,900
2024-10-07,21.0,-104.0,90
2024-10-07,21.0,-97.5,270
2024-10-07,21.0,-97.0,270
2024-10-07,21.0,-90.5,270
2024-10-07,21.0,-89.0,180
2024-10-07,21.0,-88.5,180
2024-10-07,21.0,-88.0,360
2024-10-07,21.0,-87.5,900
2024-10-07,21.0,-87.0,990
2024-10-07,21.0,-86.5,990
2024-10-07,21.0,-86.0,180
2024-10-07,21.0,-85.5,180
2024-10-07,21.0,-84.5,180
2024-10-07,21.0,-83.0,360
2024-10-07,21.0,-80.0,270
2024-10-07,21.0,-79.5,450
2024-10-07,21.0,-79.0,270
2024-10-07,21.0,-78.5,1350
2024-10-07,21.0,-78.0,2250
2024-10-07,21.0,-77.5,5040
2024-10-07,21.0,-77.0,5940
2024-10-07,21.0,-76.5,4770
2024-10-07,21.0,-76.0,990
2024-10-07,21.0,-75.5,450
2024-10-07,21.0,-74.0,90
2024-10-07,21.0,-73.5,90
2024-10-07,21.0,-73.0,90
2024-10-07,21.0,-72.0,90
2024-10-07,21.0,-70.5,450
2024-10-07,21.0,-70.0,990
2024-10-07,21.0,-69.0,180
2024-10-07,21.0,-68.5,90
2024-10-07,21.0,-68.0,180
2024-10-07,21.0,-67.5,180
2024-10-07,21.0,-66.5,180
2024-10-07,21.5,-106.5,540
2024-10-07,21.5,-106.0,1620
2024-10-07,21.5,-105.5,2970
2024-10-07,21.5,-105.0,2160
2024-10-07,21.5,-104.5,1170
2024-10-07,21.5,-104.0,540
2024-10-07,21.5,-103.5,180
2024-10-07,21.5,-103.0,90
2024-10-07,21.5,-97.5,180
2024-10-07,21.5,-97.0,180
2024-10-07,21.5,-92.5,1350
2024-10-07,21.5,-92.0,1530
2024-10-07,21.5,-91.5,1800
2024-10-07,21.5,-91.0,3420
2024-10-07,21.5,-90.5,1080
2024-10-07,21.5,-90.0,450
2024-10-07,21.5,-89.5,450
2024-10-07,21.5,-89.0,180
2024-10-07,21.5,-87.5,540
2024-10-07,21.5,-87.0,810
2024-10-07,21.5,-86.5,1530
2024-10-07,21.5,-86.0,180
2024-10-07,21.5,-85.5,180
2024-10-07,21.5,-85.0,90
2024-10-07,21.5,-84.5,180
2024-10-07,21.5,-84.0,270
2024-10-07,21.5,-83.5,450
2024-10-07,21.5,-83.0,270
2024-10-07,21.5,-82.5,360
2024-10-07,21.5,-82.0,90
2024-10-07,21.5,-81.5,180
2024-10-07,21.5,-80.0,450
2024-10-07,21.5,-79.5,360
2024-10-07,21.5,-79.0,360
2024-10-07,21.5,-78.5,2880
2024-10-07,21.5,-78.0,3420
2024-10-07,21.5,-77.5,2160
2024-10-07,21.5,-77.0,990
2024-10-07,21.5,-76.5,720
2024-10-07,21.5,-76.0,360
2024-10-07,21.5,-75.5,270
2024-10-07,21.5,-74.5,270
2024-10-07,21.5,-71.0,90
2024-10-07,21.5,-70.5,270
2024-10-07,21.5,-69.5,180
2024-10-07,21.5,-68.5,180
2024-10-07,21.5,-67.5,90
2024-10-07,21.5,-67.0,90
2024-10-07,21.5,-66.5,180
2024-10-07,21.5,-66.0,90
2024-10-07,21.5,-65.5,90
2024-10-07,22.0,-107.0,180
2024-10-07,22.0,-106.5,450
2024-10-07,22.0,-106.0,2160
2024-10-07,22.0,-105.5,2520
2024-10-07,22.0,-105.0,1890
2024-10-07,22.0,-104.5,630
2024-10-07,22.0,-104.0,90
2024-10-07,22.0,-103.5,90
2024-10-07,22.0,-103.0,90
2024-10-07,22.0,-92.5,90
2024-10-07,22.0,-91.0,720
2024-10-07,22.0,-90.5,1440
2024-10-07,22.0,-90.0,180
2024-10-07,22.0,-89.5,900
2024-10-07,22.0,-89.0,990
2024-10-07,22.0,-88.5,1170
2024-10-07,22.0,-88.0,180
2024-10-07,22.0,-87.5,90
2024-10-07,22.0,-87.0,180
2024-10-07,22.0,-86.5,180
2024-10-07,22.0,-86.0,900
2024-10-07,22.0,-85.5,90
2024-10-07,22.0,-85.0,90
2024-10-07,22.0,-84.5,180
2024-10-07,22.0,-84.0,180
2024-10-07,22.0,-83.5,270
2024-10-07,22.0,-83.0,450
2024-10-07,22.0,-82.5,270
2024-10-07,22.0,-82.0,540
2024-10-07,22.0,-81.5,1440
2024-10-07,22.0,-81.0,450
2024-10-07,22.0,-80.5,1890
2024-10-07,22.0,-80.0,630
2024-10-07,22.0,-79.5,2250
2024-10-07,22.0,-79.0,3690
2024-10-07,22.0,-78.5,4770
2024-10-07,22.0,-78.0,2880
2024-10-07,22.0,-77.5,990
2024-10-07,22.0,-77.0,1170
2024-10-07,22.0,-76.5,1080
2024-10-07,22.0,-76.0,90
2024-10-07,22.0,-75.5,180
2024-10-07,22.0,-75.0,540
2024-10-07,22.0,-74.5,90
2024-10-07,22.0,-73.5,180
2024-10-07,22.0,-68.0,90
2024-10-07,22.0,-66.5,90
2024-10-07,22.0,-66.0,180
2024-10-07,22.5,-107.0,180
2024-10-07,22.5,-106.5,90
2024-10-07,22.5,-106.0,1080
2024-10-07,22.5,-105.5,1710
2024-10-07,22.5,-105.0,270
2024-10-07,22.5,-104.0,90
2024-10-07,22.5,-103.5,90
2024-10-07,22.5,-103.0,90
2024-10-07,22.5,-91.0,990
2024-10-07,22.5,-90.5,2880
2024-10-07,22.5,-90.0,360
2024-10-07,22.5,-89.5,900
2024-10-07,22.5,-89.0,1260
2024-10-07,22.5,-88.5,630
2024-10-07,22.5,-88.0,1800
2024-10-07,22.5,-87.5,1170
2024-10-07,22.5,-87.0,360
2024-10-07,22.5,-86.5,90
2024-10-07,22.5,-86.0,450
2024-10-07,22.5,-85.0,180
2024-10-07,22.5,-84.5,90
2024-10-07,22.5,-84.0,990
2024-10-07,22.5,-83.5,1530
2024-10-07,22.5,-83.0,1260
2024-10-07,22.5,-82.5,180
2024-10-07,22.5,-82.0,450
2024-10-07,22.5,-81.5,2430
2024-10-07,22.5,-81.0,1080
2024-10-07,22.5,-80.5,2970
2024-10-07,22.5,-80.0,1800
2024-10-07,22.5,-79.5,720
2024-10-07,22.5,-79.0,1980
2024-10-07,22.5,-78.5,720
2024-10-07,22.5,-78.0,720
2024-10-07,22.5,-77.5,1260
2024-10-07,22.5,-77.0,720
2024-10-07,22.5,-76.5,2070
2024-10-07,22.5,-76.0,1890
2024-10-07,22.5,-75.5,810
2024-10-07,22.5,-75.0,540
2024-10-07,22.5,-74.0,180
2024-10-07,22.5,-69.0,540
2024-10-07,22.5,-68.0,90
2024-10-07,22.5,-67.5,90
2024-10-07,22.5,-67.0,90
2024-10-07,22.5,-66.0,90
2024-10-07,23.0,-108.0,90
2024-10-07,23.0,-107.5,450
2024-10-07,23.0,-107.0,810
2024-10-07,23.0,-106.5,540
2024-10-07,23.0,-106.0,540
2024-10-07,23.0,-105.5,630
2024-10-07,23.0,-105.0,180
2024-10-07,23.0,-102.5,90
2024-10-07,23.0,-91.5,90
2024-10-07,23.0,-91.0,180
2024-10-07,23.0,-90.5,540
2024-10-07,23.0,-90.0,360
2024-10-07,23.0,-89.5,270
2024-10-07,23.0,-89.0,360
2024-10-07,23.0,-88.5,270
2024-10-07,23.0,-87.5,180
2024-10-07,23.0,-87.0,2160
2024-10-07,23.0,-86.5,1530
2024-10-07,23.0,-86.0,450
2024-10-07,23.0,-85.5,360
2024-10-07,23.0,-84.5,90
2024-10-07,23.0,-84.0,90
2024-10-07,23.0,-83.5,90
2024-10-07,23.0,-83.0,540
2024-10-07,23.0,-82.5,810
2024-10-07,23.0,-82.0,1350
2024-10-07,23.0,-81.5,540
2024-10-07,23.0,-81.0,630
2024-10-07,23.0,-80.5,1710
2024-10-07,23.0,-80.0,270
2024-10-07,23.0,-79.5,270
2024-10-07,23.0,-79.0,270
2024-10-07,23.0,-78.5,180
2024-10-07,23.0,-78.0,900
2024-10-07,23.0,-77.5,90
2024-10-07,23.0,-77.0,630
2024-10-07,23.0,-76.5,630
2024-10-07,23.0,-76.0,1350
2024-10-07,23.0,-75.5,450
2024-10-07,23.0,-75.0,450
2024-10-07,23.0,-74.0,180
2024-10-07,23.0,-73.5,90
2024-10-07,23.0,-71.0,90
2024-10-07,23.0,-70.0,90
2024-10-07,23.0,-67.5,180
2024-10-07,23.0,-67.0,180
2024-10-07,23.5,-110.5,90
2024-10-07,23.5,-107.0,360
2024-10-07,23.5,-106.5,720
2024-10-07,23.5,-106.0,540
2024-10-07,23.5,-98.0,90
2024-10-07,23.5,-97.5,90
2024-10-07,23.5,-90.5,180
2024-10-07,23.5,-90.0,180
2024-10-07,23.5,-89.5,90
2024-10-07,23.5,-89.0,90
2024-10-07,23.5,-88.5,90
2024-10-07,23.5,-87.0,90
2024-10-07,23.5,-86.5,1170
2024-10-07,23.5,-86.0,900
2024-10-07,23.5,-85.5,990
2024-10-07,23.5,-85.0,270
2024-10-07,23.5,-84.5,180
2024-10-07,23.5,-83.0,180
2024-10-07,23.5,-82.5,540
2024-10-07,23.5,-82.0,180
2024-10-07,23.5,-81.5,630
2024-10-07,23.5,-81.0,270
2024-10-07,23.5,-80.5,540
2024-10-07,23.5,-80.0,360
2024-10-07,23.5,-79.5,180
2024-10-07,23.5,-79.0,270
2024-10-07,23.5,-78.5,90
2024-10-07,23.5,-78.0,90
2024-10-07,23.5,-77.5,90
2024-10-07,23.5,-77.0,270
2024-10-07,23.5,-76.5,360
2024-10-07,23.5,-76.0,540
2024-10-07,23.5,-75.5,540
2024-10-07,23.5,-75.0,180
2024-10-07,23.5,-74.0,90
2024-10-07,23.5,-69.5,90
2024-10-07,23.5,-68.5,180
2024-10-07,23.5,-67.5,90
2024-10-07,23.5,-67.0,90
2024-10-07,23.5,-66.5,90
2024-10-07,23.5,-66.0,270
2024-10-07,23.5,-65.5,360
2024-10-07,24.0,-107.0,630
2024-10-07,24.0,-106.5,540
2024-10-07,24.0,-106.0,270
2024-10-07,24.0,-88.5,90
2024-10-07,24.0,-87.0,180
2024-10-07,24.0,-86.5,270
2024-10-07,24.0,-86.0,810
2024-10-07,24.0,-85.5,1620
2024-10-07,24.0,-85.0,1080
2024-10-07,24.0,-84.5,1710
2024-10-07,24.0,-83.0,180
2024-10-07,24.0,-82.5,180
2024-10-07,24.0,-82.0,270
2024-10-07,24.0,-81.5,630
2024-10-07,24.0,-81.0,180
2024-10-07,24.0,-80.5,990
2024-10-07,24.0,-80.0,720
2024-10-07,24.0,-79.5,360
2024-10-07,24.0,-78.5,90
2024-10-07,24.0,-78.0,540
2024-10-07,24.0,-77.5,180
2024-10-07,24.0,-77.0,990
2024-10-07,24.0,-76.5,360
2024-10-07,24.0,-76.0,360
2024-10-07,24.0,-75.5,270
2024-10-07,24.0,-72.0,90
2024-10-07,24.0,-71.5,90
2024-10-07,24.0,-70.0,90
2024-10-07,24.0,-69.0,90
2024-10-07,24.0,-68.0,90
2024-10-07,24.0,-67.0,360
2024-10-07,24.0,-66.5,1170
2024-10-07,24.0,-66.0,540
2024-10-07,24.0,-65.5,630
2024-10-07,24.5,-108.0,90
2024-10-07,24.5,-107.5,1890
2024-10-07,24.5,-107.0,2070
2024-10-07,24.5,-106.5,540
2024-10-07,24.5,-89.0,180
2024-10-07,24.5,-88.0,180
2024-10-07,24.5,-86.0,270
2024-10-07,24.5,-85.5,810
2024-10-07,24.5,-85.0,3600
2024-10-07,24.5,-84.5,3870
2024-10-07,24.5,-84.0,1080
2024-10-07,24.5,-83.5,1260
2024-10-07,24.5,-83.0,990
2024-10-07,24.5,-82.5,2520
2024-10-07,24.5,-82.0,180
2024-10-07,24.5,-81.5,1800
2024-10-07,24.5,-81.0,810
2024-10-07,24.5,-80.5,810
2024-10-07,24.5,-80.0,2070
2024-10-07,24.5,-79.5,1260
2024-10-07,24.5,-79.0,1260
2024-10-07,24.5,-78.5,450
2024-10-07,24.5,-78.0,900
2024-10-07,24.5,-77.5,90
2024-10-07,24.5,-77.0,90
2024-10-07,24.5,-76.5,90
2024-10-07,24.5,-76.0,180
2024-10-07,24.5,-75.5,180
2024-10-07,24.5,-75.0,180
2024-10-07,24.5,-74.5,90
2024-10-07,24.5,-74.0,90
2024-10-07,24.5,-73.5,90
2024-10-07,24.5,-72.5,90
2024-10-07,24.5,-70.0,90
2024-10-07,24.5,-68.5,90
2024-10-07,24.5,-68.0,180
2024-10-07,25.0,-107.5,630
2024-10-07,25.0,-107.0,630
2024-10-07,25.0,-106.5,90
2024-10-07,25.0,-87.5,90
2024-10-07,25.0,-87.0,180
2024-10-07,25.0,-86.0,180
2024-10-07,25.0,-85.5,90
2024-10-07,25.0,-85.0,900
2024-10-07,25.0,-84.5,2790
2024-10-07,25.0,-84.0,1080
2024-10-07,25.0,-83.5,360
2024-10-07,25.0,-83.0,1620
2024-10-07,25.0,-82.5,2790
2024-10-07,25.0,-82.0,1980
2024-10-07,25.0,-81.5,810
2024-10-07,25.0,-81.0,2340
2024-10-07,25.0,-80.5,180
2024-10-07,25.0,-80.0,270
2024-10-07,25.0,-79.5,360
2024-10-07,25.0,-79.0,270
2024-10-07,25.0,-78.5,450
2024-10-07,25.0,-78.0,450
2024-10-07,25.0,-77.5,990
2024-10-07,25.0,-77.0,360
2024-10-07,25.0,-76.5,90
2024-10-07,25.0,-76.0,270
2024-10-07,25.0,-75.0,90
2024-10-07,25.0,-74.5,360
2024-10-07,25.0,-72.5,90
2024-10-07,25.0,-70.5,90
2024-10-07,25.0,-69.0,270
2024-10-07,25.0,-68.0,180
2024-10-07,25.0,-67.5,180
2024-10-07,25.0,-67.0,90
2024-10-07,25.5,-108.5,1080
2024-10-07,25.5,-108.0,900
2024-10-07,25.5,-107.5,540
2024-10-07,25.5,-107.0,90
2024-10-07,25.5,-85.0,270
2024-10-07,25.5,-84.5,3510
2024-10-07,25.5,-84.0,1440
2024-10-07,25.5,-83.5,180
2024-10-07,25.5,-83.0,540
2024-10-07,25.5,-82.5,630
2024-10-07,25.5,-82.0,2700
2024-10-07,25.5,-81.5,450
2024-10-07,25.5,-81.0,630
2024-10-07,25.5,-80.5,540
2024-10-07,25.5,-80.0,270
2024-10-07,25.5,-79.5,90
2024-10-07,25.5,-78.0,180
2024-10-07,25.5,-77.5,1170
2024-10-07,25.5,-77.0,90
2024-10-07,25.5,-75.5,90
2024-10-07,25.5,-74.0,360
2024-10-07,25.5,-73.5,540
2024-10-07,25.5,-73.0,90
2024-10-07,25.5,-72.5,90
2024-10-07,25.5,-72.0,180
2024-10-07,25.5,-71.5,180
2024-10-07,25.5,-71.0,90
2024-10-07,25.5,-69.5,90
2024-10-07,25.5,-69.0,180
2024-10-07,25.5,-67.0,90
2024-10-07,25.5,-66.5,180
2024-10-07,26.0,-109.5,540
2024-10-07,26.0,-109.0,450
2024-10-07,26.0,-108.5,1710
2024-10-07,26.0,-108.0,810
2024-10-07,26.0,-84.5,3060
2024-10-07,26.0,-84.0,2340
2024-10-07,26.0,-83.5,180
2024-10-07,26.0,-83.0,1080
2024-10-07,26.0,-82.5,270
2024-10-07,26.0,-82.0,360
2024-10-07,26.0,-81.5,540
2024-10-07,26.0,-81.0,1620
2024-10-07,26.0,-80.5,990
2024-10-07,26.0,-80.0,180
2024-10-07,26.0,-79.5,180
2024-10-07,26.0,-79.0,270
2024-10-07,26.0,-78.0,270
2024-10-07,26.0,-77.5,360
2024-10-07,26.0,-77.0,90
2024-10-07,26.0,-76.0,90
2024-10-07,26.0,-75.5,180
2024-10-07,26.0,-75.0,270
2024-10-07,26.0,-73.5,180
2024-10-07,26.0,-73.0,90
2024-10-07,26.0,-72.5,450
2024-10-07,26.0,-72.0,900
2024-10-07,26.0,-71.5,540
2024-10-07,26.0,-71.0,450
2024-10-07,26.0,-70.5,900
2024-10-07,26.0,-70.0,180
2024-10-07,26.0,-69.5,180
2024-10-07,26.0,-69.0,90
2024-10-07,26.0,-68.0,90
2024-10-07,26.0,-67.5,270
2024-10-07,26.0,-66.5,90
2024-10-07,26.0,-66.0,270
2024-10-07,26.0,-65.5,90
2024-10-07,26.5,-109.0,1530
2024-10-07,26.5,-108.5,1800
2024-10-07,26.5,-108.0,1260
2024-10-07,26.5,-84.5,180
2024-10-07,26.5,-84.0,540
2024-10-07,26.5,-83.5,540
2024-10-07,26.5,-83.0,720
2024-10-07,26.5,-82.5,180
2024-10-07,26.5,-82.0,720
2024-10-07,26.5,-81.0,1170
2024-10-07,26.5,-80.5,2340
2024-10-07,26.5,-80.0,900
2024-10-07,26.5,-79.5,720
2024-10-07,26.5,-79.0,360
2024-10-07,26.5,-78.5,90
2024-10-07,26.5,-77.5,450
2024-10-07,26.5,-77.0,630
2024-10-07,26.5,-76.0,270
2024-10-07,26.5,-73.5,270
2024-10-07,26.5,-73.0,180
2024-10-07,26.5,-72.0,90
2024-10-07,26.5,-71.5,180
2024-10-07,26.5,-71.0,180
2024-10-07,26.5,-70.5,90
2024-10-07,26.5,-70.0,180
2024-10-07,26.5,-69.5,270
2024-10-07,26.5,-69.0,270
2024-10-07,26.5,-68.5,900
2024-10-07,26.5,-68.0,270
2024-10-07,26.5,-67.5,90
2024-10-07,26.5,-67.0,270
2024-10-07,27.0,-109.0,1710
2024-10-07,27.0,-108.5,450
2024-10-07,27.0,-108.0,90
2024-10-07,27.0,-96.0,90
2024-10-07,27.0,-84.0,180
2024-10-07,27.0,-83.5,270
2024-10-07,27.0,-82.5,270
2024-10-07,27.0,-82.0,720
2024-10-07,27.0,-81.5,630
2024-10-07,27.0,-81.0,1620
2024-10-07,27.0,-80.5,4230
2024-10-07,27.0,-80.0,1080
2024-10-07,27.0,-79.5,720
2024-10-07,27.0,-79.0,90
2024-10-07,27.0,-78.5,180
2024-10-07,27.0,-78.0,720
2024-10-07,27.0,-77.5,90
2024-10-07,27.0,-77.0,900
2024-10-07,27.0,-76.5,720
2024-10-07,27.0,-76.0,1440
2024-10-07,27.0,-75.5,180
2024-10-07,27.0,-74.0,180
2024-10-07,27.0,-73.0,360
2024-10-07,27.0,-72.5,180
2024-10-07,27.0,-72.0,180
2024-10-07,27.0,-70.5,270
2024-10-07,27.0,-69.0,180
2024-10-07,27.0,-68.5,180
2024-10-07,27.0,-68.0,630
2024-10-07,27.0,-67.5,90
2024-10-07,27.0,-67.0,90
2024-10-07,27.0,-66.5,90
2024-10-07,27.5,-110.5,360
2024-10-07,27.5,-110.0,360
2024-10-07,27.5,-109.5,2880
2024-10-07,27.5,-109.0,540
2024-10-07,27.5,-108.5,720
2024-10-07,27.5,-96.0,90
2024-10-07,27.5,-84.0,90
2024-10-07,27.5,-82.0,540
2024-10-07,27.5,-81.5,180
2024-10-07,27.5,-81.0,2970
2024-10-07,27.5,-80.5,7380
2024-10-07,27.5,-80.0,3150
2024-10-07,27.5,-79.5,1080
2024-10-07,27.5,-79.0,900
2024-10-07,27.5,-78.5,630
2024-10-07,27.5,-78.0,1890
2024-10-07,27.5,-77.5,270
2024-10-07,27.5,-77.0,180
2024-10-07,27.5,-76.0,90
2024-10-07,27.5,-75.5,450
2024-10-07,27.5,-75.0,90
2024-10-07,27.5,-74.5,270
2024-10-07,27.5,-73.5,90
2024-10-07,27.5,-72.0,180
2024-10-07,27.5,-71.5,90
2024-10-07,27.5,-71.0,270
2024-10-07,27.5,-70.5,270
2024-10-07,27.5,-69.5,180
2024-10-07,27.5,-69.0,180
2024-10-07,27.5,-68.0,270
2024-10-07,27.5,-67.5,270
2024-10-07,27.5,-67.0,270
2024-10-07,27.5,-66.5,90
2024-10-07,28.0,-111.0,90
2024-10-07,28.0,-110.0,1170
2024-10-07,28.0,-109.5,2160
2024-10-07,28.0,-109.0,90
2024-10-07,28.0,-82.0,270
2024-10-07,28.0,-81.5,450
2024-10-07,28.0,-81.0,450
2024-10-07,28.0,-80.5,3870
2024-10-07,28.0,-80.0,3600
2024-10-07,28.0,-79.5,1170
2024-10-07,28.0,-79.0,5580
2024-10-07,28.0,-78.5,2610
2024-10-07,28.0,-78.0,3150
2024-10-07,28.0,-77.5,180
2024-10-07,28.0,-77.0,270
2024-10-07,28.0,-76.5,360
2024-10-07,28.0,-76.0,270
2024-10-07,28.0,-75.5,180
2024-10-07,28.0,-74.5,270
2024-10-07,28.0,-74.0,90
2024-10-07,28.0,-72.5,90
2024-10-07,28.0,-72.0,90
2024-10-07,28.0,-71.0,90
2024-10-07,28.0,-67.0,180
2024-10-07,28.0,-66.5,180
2024-10-07,28.0,-66.0,90
2024-10-07,28.5,-110.0,360
2024-10-07,28.5,-109.5,360
2024-10-07,28.5,-105.0,90
2024-10-07,28.5,-104.5,90
2024-10-07,28.5,-81.0,90
2024-10-07,28.5,-80.5,900
2024-10-07,28.5,-80.0,3510
2024-10-07,28.5,-79.5,810
2024-10-07,28.5,-79.0,2790
2024-10-07,28.5,-78.5,1710
2024-10-07,28.5,-78.0,1260
2024-10-07,28.5,-77.5,540
2024-10-07,28.5,-77.0,270
2024-10-07,28.5,-76.5,180
2024-10-07,28.5,-76.0,90
2024-10-07,28.5,-75.0,180
2024-10-07,28.5,-74.5,270
2024-10-07,28.5,-74.0,180
2024-10-07,28.5,-72.0,270
2024-10-07,28.5,-71.5,450
2024-10-07,28.5,-70.5,180
2024-10-07,28.5,-69.5,180
2024-10-07,29.0,-110.5,90
2024-10-07,29.0,-110.0,180
2024-10-07,29.0,-81.0,90
2024-10-07,29.0,-80.5,90
2024-10-07,29.0,-80.0,180
2024-10-07,29.0,-79.5,90
2024-10-07,29.0,-79.0,900
2024-10-07,29.0,-78.5,360
2024-10-07,29.0,-78.0,180
2024-10-07,29.0,-77.5,1890
2024-10-07,29.0,-76.5,90
2024-10-07,29.0,-75.5,450
2024-10-07,29.0,-75.0,90
2024-10-07,29.0,-74.5,360
2024-10-07,29.0,-73.0,90
2024-10-07,29.0,-72.5,180
2024-10-07,29.0,-71.5,270
2024-10-07,29.5,-112.0,630
2024-10-07,29.5,-111.5,180
2024-10-07,29.5,-111.0,720
2024-10-07,29.5,-110.5,180
2024-10-07,29.5,-105.0,90
2024-10-07,29.5,-104.5,90
2024-10-07,29.5,-80.5,90
2024-10-07,29.5,-79.5,1350
2024-10-07,29.5,-78.0,90
2024-10-07,29.5,-77.5,180
2024-10-07,29.5,-76.5,90
2024-10-07,29.5,-74.0,90
2024-10-07,29.5,-70.5,90
2024-10-07,29.5,-68.5,90
2024-10-07,29.5,-67.5,270
2024-10-07,29.5,-67.0,90
2024-10-07,30.0,-112.0,90
2024-10-07,30.0,-111.5,270
2024-10-07,30.0,-111.0,180
2024-10-07,30.0,-106.0,90
2024-10-07,30.0,-105.0,180
2024-10-07,30.0,-104.0,90
2024-10-07,30.0,-80.5,90
2024-10-07,30.0,-80.0,90
2024-10-07,30.0,-79.5,90
2024-10-07,30.0,-78.0,90
2024-10-07,30.0,-77.5,630
2024-10-07,30.0,-77.0,180
2024-10-07,30.0,-76.0,180
2024-10-07,30.0,-75.5,90
2024-10-07,30.0,-71.5,180
2024-10-07,30.0,-70.0,270
2024-10-07,30.0,-69.5,360
2024-10-07,30.0,-69.0,90
2024-10-07,30.0,-68.5,90
2024-10-07,30.0,-67.5,270
2024-10-07,30.0,-67.0,90
2024-10-07,30.0,-66.5,90
2024-10-07,30.0,-66.0,900
2024-10-07,30.5,-111.5,270
2024-10-07,30.5,-104.5,90
2024-10-07,30.5,-104.0,90
2024-10-07,30.5,-80.5,90
2024-10-07,30.5,-80.0,90
2024-10-07,30.5,-79.5,180
2024-10-07,30.5,-79.0,90
2024-10-07,30.5,-77.5,180
2024-10-07,30.5,-76.5,90
2024-10-07,30.5,-68.5,90
2024-10-07,30.5,-65.5,540
2024-10-07,31.0,-112.5,180
2024-10-07,31.0,-112.0,90
2024-10-07,31.0,-67.5,90
2024-10-07,31.0,-67.0,90
2024-10-07,31.0,-66.5,90
2024-10-07,31.5,-112.5,180
2024-10-07,32.0,-74.5,90
2024-10-07,32.5,-108.0,90
2024-10-07,33.0,-109.5,90
2024-10-07,33.5,-109.5,90
2024-10-07,33.5,-100.5,360
2024-10-07,33.5,-100.0,90
2024-10-07,33.5,-99.0,90
2024-10-07,33.5,-97.5,90
2024-10-07,33.5,-97.0,180
2024-10-07,34.0,-100.5,90
2024-10-07,34.0,-100.0,180
2024-10-07,34.0,-99.5,450
2024-10-07,34.0,-98.0,900
2024-10-07,34.0,-97.5,90
2024-10-07,34.5,-101.0,630
2024-10-07,34.5,-100.5,450
2024-10-07,34.5,-100.0,180
2024-10-07,34.5,-99.5,180
2024-10-07,34.5,-99.0,90
2024-10-07,34.5,-98.5,90
2024-10-07,34.5,-98.0,360
2024-10-07,34.5,-97.0,450
2024-10-07,34.5,-96.5,180
2024-10-07,35.0,-103.5,90
2024-10-07,35.0,-101.0,450
2024-10-07,35.0,-100.5,270
2024-10-07,35.0,-100.0,180
2024-10-07,35.0,-99.5,180
2024-10-07,35.0,-99.0,450
2024-10-07,35.0,-98.5,360
2024-10-07,35.0,-97.5,90
2024-10-07,35.0,-97.0,720
2024-10-07,35.0,-96.5,360
2024-10-07,35.0,-96.0,90
2024-10-07,35.5,-105.5,90
2024-10-07,35.5,-99.5,90
2024-10-07,35.5,-99.0,360
2024-10-07,35.5,-98.5,180
2024-10-07,35.5,-96.5,90
2024-10-07,35.5,-96.0,180
2024-10-07,36.0,-118.5,90
2024-10-07,36.0,-99.5,90
2024-10-07,36.5,-85.0,90
2024-10-07,36.5,-68.5,90
2024-10-07,36.5,-68.0,90
2024-10-07,37.0,-107.5,180
2024-10-07,37.0,-97.0,90
2024-10-07,37.0,-96.5,90
2024-10-07,37.5,-117.0,90
2024-10-07,37.5,-105.5,180
2024-10-07,37.5,-101.0,90
2024-10-07,37.5,-69.5,90
2024-10-07,38.0,-116.0,90
2024-10-07,38.0,-101.5,270
2024-10-07,38.0,-101.0,270
2024-10-07,38.0,-100.5,180
2024-10-07,38.0,-100.0,90
2024-10-07,38.0,-82.0,90
2024-10-07,38.5,-100.5,360
2024-10-07,38.5,-96.5,180
2024-10-07,38.5,-82.5,180
2024-10-07,38.5,-82.0,360
2024-10-07,38.5,-81.5,630
2024-10-07,38.5,-81.0,90
2024-10-07,38.5,-80.5,90
2024-10-07,38.5,-80.0,270
2024-10-07,38.5,-79.5,90
2024-10-07,39.0,-111.5,90
2024-10-07,39.0,-96.5,180
2024-10-07,39.0,-82.5,90
2024-10-07,39.0,-82.0,540
2024-10-07,39.0,-81.5,1170
2024-10-07,39.0,-80.5,990
2024-10-07,39.0,-80.0,270
2024-10-07,39.0,-79.5,90
2024-10-07,39.0,-79.0,90
2024-10-07,39.5,-119.0,90
2024-10-07,39.5,-111.5,90
2024-10-07,39.5,-111.0,90
2024-10-07,39.5,-81.0,1170
2024-10-07,39.5,-80.5,2430
2024-10-07,39.5,-80.0,810
2024-10-07,39.5,-79.5,270
2024-10-07,39.5,-78.5,180
2024-10-07,39.5,-77.5,90
2024-10-07,40.0,-82.0,90
2024-10-07,40.0,-81.5,90
2024-10-07,40.0,-81.0,990
2024-10-07,40.0,-80.5,720
2024-10-07,40.0,-80.0,1530
2024-10-07,40.0,-79.5,540
2024-10-07,40.0,-79.0,180
2024-10-07,40.0,-78.0,90
2024-10-07,40.5,-80.5,540
2024-10-07,40.5,-80.0,1170
2024-10-07,40.5,-79.5,630
2024-10-07,40.5,-79.0,450
2024-10-07,40.5,-74.0,90
2024-10-07,40.5,-73.0,180
2024-10-07,40.5,-66.0,90
2024-10-07,41.0,-86.0,90
2024-10-07,41.0,-85.0,270
2024-10-07,41.0,-84.5,90
2024-10-07,41.0,-84.0,90
2024-10-07,41.0,-83.5,90
2024-10-07,41.0,-82.5,90
2024-10-07,41.0,-82.0,90
2024-10-07,41.0,-81.5,90
2024-10-07,41.0,-81.0,180
2024-10-07,41.0,-80.5,360
2024-10-07,41.0,-80.0,270
2024-10-07,41.0,-79.5,360
2024-10-07,41.0,-79.0,270
2024-10-07,41.0,-78.5,180
2024-10-07,41.0,-78.0,90
2024-10-07,41.0,-76.5,180
2024-10-07,41.0,-73.0,270
2024-10-07,41.0,-71.5,180
2024-10-07,41.0,-71.0,90
2024-10-07,41.0,-70.5,180
2024-10-07,41.0,-70.0,90
2024-10-07,41.5,-86.5,630
2024-10-07,41.5,-86.0,270
2024-10-07,41.5,-85.5,720
2024-10-07,41.5,-85.0,180
2024-10-07,41.5,-84.5,720
2024-10-07,41.5,-84.0,270
2024-10-07,41.5,-83.5,270
2024-10-07,41.5,-82.5,180
2024-10-07,41.5,-82.0,180
2024-10-07,41.5,-81.0,90
2024-10-07,41.5,-80.5,90
2024-10-07,41.5,-79.0,90
2024-10-07,41.5,-77.0,90
2024-10-07,41.5,-72.5,180
2024-10-07,41.5,-70.5,360
2024-10-07,41.5,-70.0,90
2024-10-07,41.5,-68.0,90
2024-10-07,41.5,-67.5,90
2024-10-07,42.0,-88.0,90
2024-10-07,42.0,-87.5,540
2024-10-07,42.0,-87.0,990
2024-10-07,42.0,-86.5,720
2024-10-07,42.0,-86.0,1350
2024-10-07,42.0,-85.5,360
2024-10-07,42.0,-80.0,90
2024-10-07,42.0,-79.0,90
2024-10-07,42.0,-70.5,90
2024-10-07,42.0,-70.0,180
2024-10-07,42.0,-68.5,90
2024-10-07,42.0,-67.5,90
2024-10-07,42.5,-89.0,270
2024-10-07,42.5,-88.5,630
2024-10-07,42.5,-88.0,990
2024-10-07,42.5,-87.5,720
2024-10-07,42.5,-87.0,90
2024-10-07,42.5,-78.0,270
2024-10-07,42.5,-70.0,90
2024-10-07,42.5,-69.5,180
2024-10-07,42.5,-69.0,90
2024-10-07,42.5,-68.5,90
2024-10-07,43.0,-91.0,630
2024-10-07,43.0,-90.5,450
2024-10-07,43.0,-90.0,180
2024-10-07,43.0,-89.5,270
2024-10-07,43.0,-89.0,270
2024-10-07,43.0,-88.5,90
2024-10-07,43.0,-79.0,90
2024-10-07,43.0,-77.5,1170
2024-10-07,43.0,-77.0,540
2024-10-07,43.0,-76.5,450
2024-10-07,43.0,-76.0,90
2024-10-07,43.0,-75.5,90
2024-10-07,43.0,-75.0,180
2024-10-07,43.0,-68.5,90
2024-10-07,43.0,-68.0,180
2024-10-07,43.5,-87.5,180
2024-10-07,43.5,-86.5,90
2024-10-07,43.5,-85.0,90
2024-10-07,43.5,-78.5,90
2024-10-07,43.5,-78.0,540
2024-10-07,43.5,-77.5,270
2024-10-07,43.5,-77.0,2610
2024-10-07,43.5,-76.5,360
2024-10-07,43.5,-67.5,90
2024-10-07,44.0,-88.0,90
2024-10-07,44.0,-87.5,90
2024-10-07,44.0,-86.0,90
2024-10-07,44.0,-85.0,90
2024-10-07,44.0,-76.5,90
2024-10-07,44.0,-75.0,90
2024-10-07,44.0,-74.5,270
2024-10-07,44.5,-84.0,90
2024-10-07,44.5,-80.0,180
2024-10-07,44.5,-75.5,90
2024-10-07,44.5,-75.0,180
2024-10-07,44.5,-68.0,90
2024-10-07,45.0,-85.0,90
2024-10-07,45.0,-79.5,90
2024-10-07,45.0,-77.5,90
2024-10-07,45.0,-77.0,90
2024-10-07,45.0,-74.0,90
2024-10-07,45.0,-73.0,180
2024-10-07,45.5,-83.0,90
2024-10-07,45.5,-80.5,90
2024-10-07,45.5,-80.0,180
2024-10-07,45.5,-79.5,180
2024-10-07,45.5,-78.5,180
2024-10-07,45.5,-77.5,90
2024-10-07,46.0,-81.0,180
2024-10-07,46.0,-80.5,270
2024-10-07,46.0,-80.0,900
2024-10-07,46.0,-79.5,450
2024-10-07,46.0,-79.0,270
2024-10-07,46.0,-78.5,90
2024-10-07,46.0,-78.0,180
2024-10-07,46.0,-77.5,180
2024-10-07,46.0,-76.0,90
2024-10-07,46.5,-91.5,90
2024-10-07,46.5,-82.5,90
2024-10-07,46.5,-81.5,180
2024-10-07,46.5,-80.5,540
2024-10-07,46.5,-80.0,90
2024-10-07,46.5,-79.5,90
2024-10-07,46.5,-79.0,180
2024-10-07,46.5,-77.0,360
2024-10-07,46.5,-76.5,90
2024-10-07,46.5,-76.0,180
2024-10-07,47.0,-95.5,90
2024-10-07,47.0,-84.5,90
2024-10-07,47.0,-83.5,90
2024-10-07,47.0,-82.5,180
2024-10-07,47.0,-81.5,90
2024-10-07,47.0,-80.0,90
2024-10-07,47.0,-79.5,180
2024-10-07,47.0,-78.5,180
2024-10-07,47.0,-78.0,180
2024-10-07,47.0,-77.5,180
2024-10-07,47.0,-77.0,180
2024-10-07,47.0,-76.0,90
2024-10-07,47.5,-86.0,90
2024-10-07,47.5,-85.5,90
2024-10-07,47.5,-81.0,630
2024-10-07,47.5,-80.0,540
2024-10-07,47.5,-79.5,90
2024-10-07,48.0,-97.5,90
2024-10-07,48.0,-97.0,180
2024-10-07,48.0,-96.5,90
2024-10-07,48.5,-98.0,90
2024-10-07,48.5,-97.5,270
2024-10-07,48.5,-85.0,90
2024-10-07,48.5,-83.5,180
2024-10-07,49.5,-118.0,90
2024-10-07,50.0,-117.5,90
2024-10-07,52.0,-119.0,90
2024-10-07,52.5,-99.0,90
2024-10-07,53.0,-94.5,90
2024-10-07,53.5,-103.0,90
2024-10-07,53.5,-102.0,90
2024-10-07,54.0,-101.5,90
2024-10-14,20.0,-105.0,900
2024-10-14,20.0,-95.0,90
2024-10-14,20.0,-94.0,270
2024-10-14,20.0,-92.0,450
2024-10-14,20.0,-91.5,900
2024-10-14,20.0,-91.0,90
2024-10-14,20.0,-90.5,180
2024-10-14,20.0,-89.5,90
2024-10-14,20.0,-89.0,90
2024-10-14,20.0,-88.0,450
2024-10-14,20.0,-87.5,630
2024-10-14,20.0,-86.5,360
2024-10-14,20.0,-86.0,1260
2024-10-14,20.0,-85.5,900
2024-10-14,20.0,-85.0,90
2024-10-14,20.0,-84.5,180
2024-10-14,20.0,-84.0,360
2024-10-14,20.0,-83.5,1170
2024-10-14,20.0,-83.0,360
2024-10-14,20.0,-82.5,180
2024-10-14,20.0,-82.0,540
2024-10-14,20.0,-81.5,270
2024-10-14,20.0,-81.0,90
2024-10-14,20.0,-80.5,270
2024-10-14,20.0,-80.0,1170
2024-10-14,20.0,-79.5,3240
2024-10-14,20.0,-79.0,1440
2024-10-14,20.0,-78.5,720
2024-10-14,20.0,-78.0,990
2024-10-14,20.0,-77.5,1080
2024-10-14,20.0,-77.0,2520
2024-10-14,20.0,-76.5,6390
2024-10-14,20.0,-76.0,2340
2024-10-14,20.0,-75.5,900
2024-10-14,20.0,-75.0,1170
2024-10-14,20.0,-74.5,1260
2024-10-14,20.0,-73.5,270
2024-10-14,20.0,-73.0,450
2024-10-14,20.0,-72.5,1620
2024-10-14,20.0,-72.0,3240
2024-10-14,20.0,-71.5,270
2024-10-14,20.0,-71.0,540
2024-10-14,20.0,-70.5,90
2024-10-14,20.0,-69.0,180
2024-10-14,20.0,-68.5,90
2024-10-14,20.0,-68.0,90
2024-10-14,20.0,-67.5,90
2024-10-14,20.0,-66.0,180
2024-10-14,20.5,-97.0,90
2024-10-14,20.5,-94.0,90
2024-10-14,20.5,-93.5,90
2024-10-14,20.5,-93.0,270
2024-10-14,20.5,-92.5,180
2024-10-14,20.5,-92.0,450
2024-10-14,20.5,-91.5,180
2024-10-14,20.5,-91.0,270
2024-10-14,20.5,-90.5,270
2024-10-14,20.5,-90.0,450
2024-10-14,20.5,-89.5,90
2024-10-14,20.5,-89.0,90
2024-10-14,20.5,-88.5,90
2024-10-14,20.5,-88.0,90
2024-10-14,20.5,-87.5,450
2024-10-14,20.5,-87.0,270
2024-10-14,20.5,-86.5,1260
2024-10-14,20.5,-84.5,630
2024-10-14,20.5,-84.0,90
2024-10-14,20.5,-83.5,90
2024-10-14,20.5,-82.5,270
2024-10-14,20.5,-82.0,270
2024-10-14,20.5,-81.5,360
2024-10-14,20.5,-81.0,540
2024-10-14,20.5,-80.5,630
2024-10-14,20.5,-80.0,360
2024-10-14,20.5,-79.5,360
2024-10-14,20.5,-79.0,900
2024-10-14,20.5,-78.5,3690
2024-10-14,20.5,-78.0,1980
2024-10-14,20.5,-77.5,2880
2024-10-14,20.5,-77.0,2970
2024-10-14,20.5,-76.5,900
2024-10-14,20.5,-76.0,1530
2024-10-14,20.5,-75.5,2070
2024-10-14,20.5,-75.0,2700
2024-10-14,20.5,-74.5,1440
2024-10-14,20.5,-74.0,450
2024-10-14,20.5,-73.5,1260
2024-10-14,20.5,-73.0,1260
2024-10-14,20.5,-72.5,2160
2024-10-14,20.5,-72.0,1440
2024-10-14,20.5,-71.0,900
2024-10-14,20.5,-70.5,90
2024-10-14,20.5,-70.0,90
2024-10-14,20.5,-69.0,180
2024-10-14,20.5,-68.5,90
2024-10-14,20.5,-66.5,90
2024-10-14,20.5,-66.0,180
2024-10-14,21.0,-105.0,540
2024-10-14,21.0,-104.0,90
2024-10-14,21.0,-97.0,90
2024-10-14,21.0,-94.5,90
2024-10-14,21.0,-94.0,1080
2024-10-14,21.0,-93.5,990
2024-10-14,21.0,-93.0,540
2024-10-14,21.0,-92.5,180
2024-10-14,21.0,-92.0,180
2024-10-14,21.0,-91.5,90
2024-10-14,21.0,-91.0,180
2024-10-14,21.0,-90.5,180
2024-10-14,21.0,-88.5,450
2024-10-14,21.0,-88.0,180
2024-10-14,21.0,-87.5,360
2024-10-14,21.0,-87.0,360
2024-10-14,21.0,-86.0,90
2024-10-14,21.0,-85.5,180
2024-10-14,21.0,-84.5,180
2024-10-14,21.0,-83.0,180
2024-10-14,21.0,-82.5,270
2024-10-14,21.0,-82.0,450
2024-10-14,21.0,-81.5,630
2024-10-14,21.0,-81.0,360
2024-10-14,21.0,-80.5,90
2024-10-14,21.0,-80.0,540
2024-10-14,21.0,-79.5,990
2024-10-14,21.0,-79.0,2250
2024-10-14,21.0,-78.5,720
2024-10-14,21.0,-78.0,720
2024-10-14,21.0,-77.5,810
2024-10-14,21.0,-77.0,900
2024-10-14,21.0,-76.5,1440
2024-10-14,21.0,-76.0,1080
2024-10-14,21.0,-75.5,3420
2024-10-14,21.0,-75.0,900
2024-10-14,21.0,-74.5,2340
2024-10-14,21.0,-74.0,900
2024-10-14,21.0,-73.5,360
2024-10-14,21.0,-73.0,630
2024-10-14,21.0,-72.5,630
2024-10-14,21.0,-72.0,1620
2024-10-14,21.0,-71.5,2520
2024-10-14,21.0,-71.0,270
2024-10-14,21.0,-69.5,180
2024-10-14,21.0,-66.5,90
2024-10-14,21.0,-66.0,90
2024-10-14,21.5,-95.5,90
2024-10-14,21.5,-94.0,810
2024-10-14,21.5,-93.5,180
2024-10-14,21.5,-93.0,270
2024-10-14,21.5,-92.5,180
2024-10-14,21.5,-92.0,180
2024-10-14,21.5,-90.5,90
2024-10-14,21.5,-89.5,90
2024-10-14,21.5,-88.5,180
2024-10-14,21.5,-88.0,180
2024-10-14,21.5,-87.5,180
2024-10-14,21.5,-87.0,90
2024-10-14,21.5,-86.0,270
2024-10-14,21.5,-84.5,180
2024-10-14,21.5,-83.5,180
2024-10-14,21.5,-83.0,1170
2024-10-14,21.5,-82.5,180
2024-10-14,21.5,-82.0,540
2024-10-14,21.5,-81.5,3420
2024-10-14,21.5,-81.0,540
2024-10-14,21.5,-80.5,1080
2024-10-14,21.5,-80.0,1620
2024-10-14,21.5,-79.5,2340
2024-10-14,21.5,-79.0,450
2024-10-14,21.5,-78.5,540
2024-10-14,21.5,-78.0,2520
2024-10-14,21.5,-77.5,1530
2024-10-14,21.5,-77.0,3240
2024-10-14,21.5,-76.5,3600
2024-10-14,21.5,-76.0,3060
2024-10-14,21.5,-75.5,2520
2024-10-14,21.5,-75.0,3060
2024-10-14,21.5,-74.5,630
2024-10-14,21.5,-74.0,810
2024-10-14,21.5,-73.5,180
2024-10-14,21.5,-73.0,180
2024-10-14,21.5,-72.5,270
2024-10-14,21.5,-72.0,180
2024-10-14,21.5,-71.5,270
2024-10-14,21.5,-70.5,90
2024-10-14,21.5,-70.0,270
2024-10-14,21.5,-68.0,90
2024-10-14,21.5,-67.5,90
2024-10-14,21.5,-67.0,360
2024-10-14,21.5,-66.0,90
2024-10-14,22.0,-104.0,90
2024-10-14,22.0,-103.5,90
2024-10-14,22.0,-103.0,270
2024-10-14,22.0,-102.0,90
2024-10-14,22.0,-98.0,180
2024-10-14,22.0,-95.5,90
2024-10-14,22.0,-95.0,90
2024-10-14,22.0,-94.5,360
2024-10-14,22.0,-94.0,90
2024-10-14,22.0,-93.5,450
2024-10-14,22.0,-93.0,90
2024-10-14,22.0,-92.5,1080
2024-10-14,22.0,-92.0,720
2024-10-14,22.0,-91.5,270
2024-10-14,22.0,-91.0,90
2024-10-14,22.0,-90.0,90
2024-10-14,22.0,-88.0,180
2024-10-14,22.0,-87.0,360
2024-10-14,22.0,-86.5,90
2024-10-14,22.0,-86.0,990
2024-10-14,22.0,-85.5,180
2024-10-14,22.0,-84.5,1080
2024-10-14,22.0,-84.0,1620
2024-10-14,22.0,-83.5,450
2024-10-14,22.0,-82.5,450
2024-10-14,22.0,-82.0,3420
2024-10-14,22.0,-81.5,2340
2024-10-14,22.0,-81.0,1350
2024-10-14,22.0,-80.5,1800
2024-10-14,22.0,-80.0,1620
2024-10-14,22.0,-79.5,1080
2024-10-14,22.0,-79.0,900
2024-10-14,22.0,-78.5,1530
2024-10-14,22.0,-78.0,540
2024-10-14,22.0,-77.5,2070
2024-10-14,22.0,-77.0,5400
2024-10-14,22.0,-76.5,1890
2024-10-14,22.0,-76.0,2160
2024-10-14,22.0,-75.5,1620
2024-10-14,22.0,-75.0,1620
2024-10-14,22.0,-74.5,180
2024-10-14,22.0,-74.0,810
2024-10-14,22.0,-73.5,810
2024-10-14,22.0,-73.0,270
2024-10-14,22.0,-72.5,180
2024-10-14,22.0,-72.0,630
2024-10-14,22.0,-71.5,270
2024-10-14,22.0,-71.0,90
2024-10-14,22.0,-70.5,90
2024-10-14,22.0,-70.0,90
2024-10-14,22.0,-69.5,90
2024-10-14,22.0,-66.0,270
2024-10-14,22.5,-99.0,90
2024-10-14,22.5,-98.0,180
2024-10-14,22.5,-96.0,90
2024-10-14,22.5,-95.0,630
2024-10-14,22.5,-94.5,270
2024-10-14,22.5,-94.0,180
2024-10-14,22.5,-93.5,90
2024-10-14,22.5,-93.0,180
2024-10-14,22.5,-92.5,1530
2024-10-14,22.5,-92.0,90
2024-10-14,22.5,-91.0,180
2024-10-14,22.5,-89.0,90
2024-10-14,22.5,-88.5,1260
2024-10-14,22.5,-88.0,90
2024-10-14,22.5,-87.5,180
2024-10-14,22.5,-87.0,270
2024-10-14,22.5,-86.5,270
2024-10-14,22.5,-86.0,270
2024-10-14,22.5,-85.5,630
2024-10-14,22.5,-85.0,990
2024-10-14,22.5,-84.5,450
2024-10-14,22.5,-84.0,630
2024-10-14,22.5,-83.5,3060
2024-10-14,22.5,-83.0,2430
2024-10-14,22.5,-82.5,2790
2024-10-14,22.5,-82.0,3510
2024-10-14,22.5,-81.5,1170
2024-10-14,22.5,-81.0,1530
2024-10-14,22.5,-80.5,810
2024-10-14,22.5,-80.0,540
2024-10-14,22.5,-79.5,180
2024-10-14,22.5,-78.5,630
2024-10-14,22.5,-78.0,720
2024-10-14,22.5,-77.5,900
2024-10-14,22.5,-77.0,1350
2024-10-14,22.5,-76.5,450
2024-10-14,22.5,-76.0,900
2024-10-14,22.5,-75.5,990
2024-10-14,22.5,-75.0,90
2024-10-14,22.5,-74.5,360
2024-10-14,22.5,-74.0,180
2024-10-14,22.5,-73.5,450
2024-10-14,22.5,-73.0,1080
2024-10-14,22.5,-72.5,630
2024-10-14,22.5,-72.0,810
2024-10-14,22.5,-71.5,180
2024-10-14,22.5,-71.0,90
2024-10-14,22.5,-70.5,450
2024-10-14,22.5,-70.0,180
2024-10-14,22.5,-69.5,90
2024-10-14,22.5,-69.0,270
2024-10-14,23.0,-105.5,90
2024-10-14,23.0,-102.0,90
2024-10-14,23.0,-97.5,90
2024-10-14,23.0,-96.0,90
2024-10-14,23.0,-95.5,540
2024-10-14,23.0,-95.0,1710
2024-10-14,23.0,-94.5,360
2024-10-14,23.0,-94.0,360
2024-10-14,23.0,-93.5,180
2024-10-14,23.0,-93.0,360
2024-10-14,23.0,-92.5,810
2024-10-14,23.0,-92.0,90
2024-10-14,23.0,-88.5,270
2024-10-14,23.0,-88.0,90
2024-10-14,23.0,-87.5,720
2024-10-14,23.0,-87.0,630
2024-10-14,23.0,-86.5,450
2024-10-14,23.0,-86.0,990
2024-10-14,23.0,-85.5,990
2024-10-14,23.0,-85.0,1260
2024-10-14,23.0,-84.5,990
2024-10-14,23.0,-84.0,90
2024-10-14,23.0,-83.5,720
2024-10-14,23.0,-83.0,1440
2024-10-14,23.0,-82.5,810
2024-10-14,23.0,-82.0,810
2024-10-14,23.0,-81.5,540
2024-10-14,23.0,-81.0,180
2024-10-14,23.0,-80.5,540
2024-10-14,23.0,-80.0,720
2024-10-14,23.0,-79.5,270
2024-10-14,23.0,-79.0,180
2024-10-14,23.0,-78.5,360
2024-10-14,23.0,-78.0,270
2024-10-14,23.0,-77.5,540
2024-10-14,23.0,-77.0,450
2024-10-14,23.0,-76.5,450
2024-10-14,23.0,-76.0,540
2024-10-14,23.0,-75.5,450
2024-10-14,23.0,-75.0,450
2024-10-14,23.0,-74.5,90
2024-10-14,23.0,-74.0,450
2024-10-14,23.0,-73.5,180
2024-10-14,23.0,-73.0,180
2024-10-14,23.0,-72.5,270
2024-10-14,23.0,-72.0,360
2024-10-14,23.0,-71.5,270
2024-10-14,23.0,-68.5,180
2024-10-14,23.0,-68.0,90
2024-10-14,23.5,-104.0,90
2024-10-14,23.5,-98.0,90
2024-10-14,23.5,-96.5,90
2024-10-14,23.5,-96.0,180
2024-10-14,23.5,-95.5,180
2024-10-14,23.5,-94.5,90
2024-10-14,23.5,-94.0,90
2024-10-14,23.5,-93.5,450
2024-10-14,23.5,-92.0,90
2024-10-14,23.5,-89.5,90
2024-10-14,23.5,-86.0,180
2024-10-14,23.5,-85.5,180
2024-10-14,23.5,-85.0,360
2024-10-14,23.5,-84.5,450
2024-10-14,23.5,-84.0,990
2024-10-14,23.5,-83.5,900
2024-10-14,23.5,-82.5,180
2024-10-14,23.5,-82.0,810
2024-10-14,23.5,-81.5,630
2024-10-14,23.5,-81.0,1260
2024-10-14,23.5,-80.5,180
2024-10-14,23.5,-80.0,450
2024-10-14,23.5,-79.0,90
2024-10-14,23.5,-78.5,360
2024-10-14,23.5,-78.0,180
2024-10-14,23.5,-77.5,720
2024-10-14,23.5,-76.5,900
2024-10-14,23.5,-76.0,720
2024-10-14,23.5,-75.5,630
2024-10-14,23.5,-75.0,450
2024-10-14,23.5,-74.5,540
2024-10-14,23.5,-74.0,90
2024-10-14,23.5,-73.5,540
2024-10-14,23.5,-73.0,90
2024-10-14,23.5,-72.5,180
2024-10-14,23.5,-71.0,90
2024-10-14,23.5,-69.5,270
2024-10-14,23.5,-69.0,180
2024-10-14,24.0,-107.0,180
2024-10-14,24.0,-106.5,90
2024-10-14,24.0,-104.0,90
2024-10-14,24.0,-102.0,90
2024-10-14,24.0,-101.5,90
2024-10-14,24.0,-99.0,90
2024-10-14,24.0,-98.0,180
2024-10-14,24.0,-96.0,180
2024-10-14,24.0,-95.5,270
2024-10-14,24.0,-94.5,90
2024-10-14,24.0,-94.0,900
2024-10-14,24.0,-93.0,90
2024-10-14,24.0,-92.0,90
2024-10-14,24.0,-90.0,90
2024-10-14,24.0,-84.5,180
2024-10-14,24.0,-84.0,180
2024-10-14,24.0,-83.5,450
2024-10-14,24.0,-83.0,450
2024-10-14,24.0,-82.5,270
2024-10-14,24.0,-82.0,90
2024-10-14,24.0,-81.5,540
2024-10-14,24.0,-81.0,180
2024-10-14,24.0,-80.5,90
2024-10-14,24.0,-79.5,90
2024-10-14,24.0,-79.0,360
2024-10-14,24.0,-78.0,540
2024-10-14,24.0,-77.5,360
2024-10-14,24.0,-77.0,720
2024-10-14,24.0,-76.5,270
2024-10-14,24.0,-76.0,450
2024-10-14,24.0,-75.5,360
2024-10-14,24.0,-75.0,1080
2024-10-14,24.0,-74.5,990
2024-10-14,24.0,-74.0,540
2024-10-14,24.0,-73.5,90
2024-10-14,24.0,-73.0,180
2024-10-14,24.0,-72.5,630
2024-10-14,24.0,-72.0,180
2024-10-14,24.0,-69.5,90
2024-10-14,24.0,-67.5,90
2024-10-14,24.0,-67.0,90
2024-10-14,24.5,-107.5,540
2024-10-14,24.5,-107.0,1890
2024-10-14,24.5,-106.5,90
2024-10-14,24.5,-103.0,180
2024-10-14,24.5,-102.0,360
2024-10-14,24.5,-101.5,180
2024-10-14,24.5,-99.0,90
2024-10-14,24.5,-98.5,90
2024-10-14,24.5,-98.0,90
2024-10-14,24.5,-96.0,90
2024-10-14,24.5,-95.5,1530
2024-10-14,24.5,-95.0,180
2024-10-14,24.5,-94.5,720
2024-10-14,24.5,-93.0,90
2024-10-14,24.5,-83.5,90
2024-10-14,24.5,-83.0,180
2024-10-14,24.5,-82.0,180
2024-10-14,24.5,-81.5,90
2024-10-14,24.5,-81.0,90
2024-10-14,24.5,-79.5,180
2024-10-14,24.5,-78.5,90
2024-10-14,24.5,-78.0,360
2024-10-14,24.5,-77.5,810
2024-10-14,24.5,-77.0,1710
2024-10-14,24.5,-76.5,360
2024-10-14,24.5,-76.0,270
2024-10-14,24.5,-75.5,540
2024-10-14,24.5,-75.0,810
2024-10-14,24.5,-74.5,990
2024-10-14,24.5,-74.0,180
2024-10-14,24.5,-73.5,540
2024-10-14,24.5,-73.0,360
2024-10-14,24.5,-72.0,270
2024-10-14,24.5,-71.5,90
2024-10-14,24.5,-69.5,90
2024-10-14,25.0,-108.0,90
2024-10-14,25.0,-107.5,900
2024-10-14,25.0,-107.0,630
2024-10-14,25.0,-106.5,90
2024-10-14,25.0,-103.0,90
2024-10-14,25.0,-100.5,90
2024-10-14,25.0,-100.0,90
2024-10-14,25.0,-99.5,180
2024-10-14,25.0,-99.0,90
2024-10-14,25.0,-96.0,360
2024-10-14,25.0,-95.5,1530
2024-10-14,25.0,-95.0,1260
2024-10-14,25.0,-94.5,90
2024-10-14,25.0,-82.5,90
2024-10-14,25.0,-82.0,90
2024-10-14,25.0,-81.5,180
2024-10-14,25.0,-81.0,270
2024-10-14,25.0,-77.5,360
2024-10-14,25.0,-77.0,180
2024-10-14,25.0,-76.5,1170
2024-10-14,25.0,-76.0,90
2024-10-14,25.0,-75.5,180
2024-10-14,25.0,-75.0,540
2024-10-14,25.0,-74.5,630
2024-10-14,25.0,-74.0,360
2024-10-14,25.0,-73.5,1080
2024-10-14,25.0,-73.0,180
2024-10-14,25.0,-72.0,270
2024-10-14,25.0,-71.5,540
2024-10-14,25.0,-69.5,90
2024-10-14,25.0,-66.0,180
2024-10-14,25.5,-108.0,900
2024-10-14,25.5,-107.5,540
2024-10-14,25.5,-107.0,720
2024-10-14,25.5,-106.5,90
2024-10-14,25.5,-100.5,180
2024-10-14,25.5,-99.5,180
2024-10-14,25.5,-96.5,90
2024-10-14,25.5,-96.0,1890
2024-10-14,25.5,-95.5,360
2024-10-14,25.5,-95.0,270
2024-10-14,25.5,-93.5,90
2024-10-14,25.5,-81.0,540
2024-10-14,25.5,-76.0,450
2024-10-14,25.5,-75.5,540
2024-10-14,25.5,-75.0,540
2024-10-14,25.5,-74.5,450
2024-10-14,25.5,-74.0,540
2024-10-14,25.5,-73.5,540
2024-10-14,25.5,-73.0,360
2024-10-14,25.5,-72.5,360
2024-10-14,25.5,-72.0,720
2024-10-14,25.5,-71.5,180
2024-10-14,25.5,-70.0,90
2024-10-14,25.5,-67.5,90
2024-10-14,26.0,-109.0,360
2024-10-14,26.0,-108.5,900
2024-10-14,26.0,-108.0,270
2024-10-14,26.0,-107.5,990
2024-10-14,26.0,-106.5,90
2024-10-14,26.0,-102.5,180
2024-10-14,26.0,-100.0,90
2024-10-14,26.0,-98.0,360
2024-10-14,26.0,-97.5,90
2024-10-14,26.0,-97.0,270
2024-10-14,26.0,-96.5,2340
2024-10-14,26.0,-96.0,1980
2024-10-14,26.0,-94.5,90
2024-10-14,26.0,-94.0,360
2024-10-14,26.0,-93.0,180
2024-10-14,26.0,-92.5,90
2024-10-14,26.0,-92.0,360
2024-10-14,26.0,-83.0,180
2024-10-14,26.0,-77.5,90
2024-10-14,26.0,-77.0,360
2024-10-14,26.0,-76.0,90
2024-10-14,26.0,-75.5,180
2024-10-14,26.0,-75.0,630
2024-10-14,26.0,-74.5,180
2024-10-14,26.0,-74.0,270
2024-10-14,26.0,-73.5,270
2024-10-14,26.0,-73.0,720
2024-10-14,26.0,-72.5,630
2024-10-14,26.0,-72.0,630
2024-10-14,26.0,-71.5,450
2024-10-14,26.0,-71.0,450
2024-10-14,26.0,-70.5,90
2024-10-14,26.0,-69.5,90
2024-10-14,26.0,-68.5,360
2024-10-14,26.0,-68.0,90
2024-10-14,26.0,-66.5,180
2024-10-14,26.5,-109.5,180
2024-10-14,26.5,-108.5,1890
2024-10-14,26.5,-108.0,630
2024-10-14,26.5,-107.5,630
2024-10-14,26.5,-107.0,90
2024-10-14,26.5,-106.5,180
2024-10-14,26.5,-106.0,90
2024-10-14,26.5,-102.5,90
2024-10-14,26.5,-98.0,540
2024-10-14,26.5,-97.5,2160
2024-10-14,26.5,-97.0,360
2024-10-14,26.5,-96.5,1440
2024-10-14,26.5,-96.0,450
2024-10-14,26.5,-95.5,810
2024-10-14,26.5,-94.0,450
2024-10-14,26.5,-91.5,90
2024-10-14,26.5,-85.0,90
2024-10-14,26.5,-83.0,720
2024-10-14,26.5,-75.0,180
2024-10-14,26.5,-74.5,360
2024-10-14,26.5,-74.0,990
2024-10-14,26.5,-73.5,270
2024-10-14,26.5,-73.0,180
2024-10-14,26.5,-72.5,270
2024-10-14,26.5,-72.0,90
2024-10-14,26.5,-71.5,540
2024-10-14,26.5,-71.0,270
2024-10-14,26.5,-69.0,180
2024-10-14,26.5,-68.0,90
2024-10-14,26.5,-67.5,90
2024-10-14,27.0,-109.5,90
2024-10-14,27.0,-108.5,630
2024-10-14,27.0,-108.0,270
2024-10-14,27.0,-106.0,360
2024-10-14,27.0,-100.0,90
2024-10-14,27.0,-98.0,90
2024-10-14,27.0,-97.5,2790
2024-10-14,27.0,-96.5,360
2024-10-14,27.0,-96.0,90
2024-10-14,27.0,-90.0,90
2024-10-14,27.0,-89.5,360
2024-10-14,27.0,-85.0,270
2024-10-14,27.0,-84.0,90
2024-10-14,27.0,-83.5,1080
2024-10-14,27.0,-83.0,540
2024-10-14,27.0,-76.0,90
2024-10-14,27.0,-75.0,90
2024-10-14,27.0,-73.5,360
2024-10-14,27.0,-73.0,90
2024-10-14,27.0,-72.5,360
2024-10-14,27.0,-71.5,270
2024-10-14,27.0,-71.0,90
2024-10-14,27.0,-70.5,450
2024-10-14,27.0,-70.0,90
2024-10-14,27.0,-69.5,270
2024-10-14,27.0,-69.0,360
2024-10-14,27.0,-68.5,90
2024-10-14,27.0,-68.0,90
2024-10-14,27.0,-67.0,360
2024-10-14,27.5,-109.5,2160
2024-10-14,27.5,-109.0,450
2024-10-14,27.5,-108.5,270
2024-10-14,27.5,-108.0,180
2024-10-14,27.5,-105.5,810
2024-10-14,27.5,-105.0,630
2024-10-14,27.5,-100.5,270
2024-10-14,27.5,-97.0,90
2024-10-14,27.5,-85.5,1350
2024-10-14,27.5,-85.0,630
2024-10-14,27.5,-84.5,540
2024-10-14,27.5,-84.0,810
2024-10-14,27.5,-78.5,90
2024-10-14,27.5,-76.5,90
2024-10-14,27.5,-76.0,360
2024-10-14,27.5,-75.5,90
2024-10-14,27.5,-75.0,90
2024-10-14,27.5,-74.0,180
2024-10-14,27.5,-73.5,90
2024-10-14,27.5,-72.5,90
2024-10-14,27.5,-72.0,1890
2024-10-14,27.5,-71.5,2520
2024-10-14,27.5,-71.0,540
2024-10-14,27.5,-70.5,90
2024-10-14,27.5,-70.0,180
2024-10-14,27.5,-67.5,90
2024-10-14,27.5,-67.0,270
2024-10-14,27.5,-66.5,810
2024-10-14,28.0,-110.0,90
2024-10-14,28.0,-109.5,630
2024-10-14,28.0,-109.0,90
2024-10-14,28.0,-108.5,90
2024-10-14,28.0,-108.0,180
2024-10-14,28.0,-102.5,90
2024-10-14,28.0,-100.5,90
2024-10-14,28.0,-89.5,720
2024-10-14,28.0,-89.0,810
2024-10-14,28.0,-88.5,270
2024-10-14,28.0,-87.5,180
2024-10-14,28.0,-87.0,810
2024-10-14,28.0,-86.5,1440
2024-10-14,28.0,-86.0,630
2024-10-14,28.0,-85.5,450
2024-10-14,28.0,-85.0,540
2024-10-14,28.0,-76.0,90
2024-10-14,28.0,-75.5,90
2024-10-14,28.0,-74.0,90
2024-10-14,28.0,-73.0,540
2024-10-14,28.0,-72.5,360
2024-10-14,28.0,-72.0,450
2024-10-14,28.0,-71.5,90
2024-10-14,28.0,-71.0,270
2024-10-14,28.0,-70.5,90
2024-10-14,28.0,-70.0,180
2024-10-14,28.0,-69.5,90
2024-10-14,28.0,-68.5,180
2024-10-14,28.0,-67.5,90
2024-10-14,28.0,-67.0,270
2024-10-14,28.0,-66.5,450
2024-10-14,28.0,-66.0,180
2024-10-14,28.5,-102.5,90
2024-10-14,28.5,-89.5,1440
2024-10-14,28.5,-89.0,90
2024-10-14,28.5,-88.5,540
2024-10-14,28.5,-88.0,630
2024-10-14,28.5,-87.5,270
2024-10-14,28.5,-87.0,180
2024-10-14,28.5,-86.5,90
2024-10-14,28.5,-86.0,90
2024-10-14,28.5,-80.0,90
2024-10-14,28.5,-79.5,1800
2024-10-14,28.5,-79.0,810
2024-10-14,28.5,-78.0,90
2024-10-14,28.5,-72.5,180
2024-10-14,28.5,-72.0,180
2024-10-14,28.5,-71.5,90
2024-10-14,28.5,-71.0,90
2024-10-14,28.5,-70.5,90
2024-10-14,28.5,-70.0,270
2024-10-14,28.5,-69.5,90
2024-10-14,28.5,-68.5,90
2024-10-14,28.5,-68.0,270
2024-10-14,28.5,-67.5,180
2024-10-14,28.5,-67.0,180
2024-10-14,28.5,-66.5,270
2024-10-14,28.5,-66.0,720
2024-10-14,29.0,-89.5,180
2024-10-14,29.0,-88.5,360
2024-10-14,29.0,-86.5,450
2024-10-14,29.0,-86.0,90
2024-10-14,29.0,-81.0,90
2024-10-14,29.0,-80.0,270
2024-10-14,29.0,-79.5,90
2024-10-14,29.0,-69.5,180
2024-10-14,29.0,-69.0,90
2024-10-14,29.0,-68.5,90
2024-10-14,29.0,-68.0,90
2024-10-14,29.0,-67.0,90
2024-10-14,29.0,-66.5,450
2024-10-14,29.0,-66.0,180
2024-10-14,29.0,-65.5,90
2024-10-14,29.5,-107.5,90
2024-10-14,29.5,-69.5,90
2024-10-14,29.5,-68.5,180
2024-10-14,29.5,-68.0,180
2024-10-14,29.5,-67.5,360
2024-10-14,29.5,-66.5,180
2024-10-14,30.0,-106.5,90
2024-10-14,30.0,-106.0,90
2024-10-14,30.0,-105.5,90
2024-10-14,30.0,-70.0,90
2024-10-14,30.0,-67.5,630
2024-10-14,30.0,-67.0,990
2024-10-14,30.5,-106.0,180
2024-10-14,30.5,-105.0,90
2024-10-14,30.5,-72.5,90
2024-10-14,30.5,-72.0,90
2024-10-14,30.5,-69.5,180
2024-10-14,30.5,-68.5,90
2024-10-14,30.5,-68.0,450
2024-10-14,30.5,-67.5,90
2024-10-14,30.5,-67.0,360
2024-10-14,30.5,-66.0,90
2024-10-14,30.5,-65.5,450
2024-10-14,31.0,-107.5,90
2024-10-14,31.0,-107.0,180
2024-10-14,31.0,-106.5,90
2024-10-14,31.0,-106.0,810
2024-10-14,31.0,-105.5,270
2024-10-14,31.0,-105.0,180
2024-10-14,31.0,-104.5,90
2024-10-14,31.0,-73.5,270
2024-10-14,31.0,-71.0,90
2024-10-14,31.0,-67.5,90
2024-10-14,31.0,-66.5,450
2024-10-14,31.0,-65.5,630
2024-10-14,31.5,-107.0,180
2024-10-14,31.5,-106.5,90
2024-10-14,31.5,-106.0,90
2024-10-14,31.5,-105.5,360
2024-10-14,31.5,-105.0,180
2024-10-14,31.5,-103.5,180
2024-10-14,31.5,-98.0,90
2024-10-14,31.5,-77.0,630
2024-10-14,31.5,-76.0,720
2024-10-14,31.5,-75.5,630
2024-10-14,31.5,-75.0,450
2024-10-14,31.5,-74.5,90
2024-10-14,31.5,-67.0,180
2024-10-14,31.5,-66.5,90
2024-10-14,32.0,-107.0,990
2024-10-14,32.0,-106.5,900
2024-10-14,32.0,-106.0,180
2024-10-14,32.0,-105.5,450
2024-10-14,32.0,-105.0,450
2024-10-14,32.0,-103.0,90
2024-10-14,32.0,-76.0,360
2024-10-14,32.0,-74.5,90
2024-10-14,32.0,-65.5,90
2024-10-14,32.5,-108.0,90
2024-10-14,32.5,-107.5,90
2024-10-14,32.5,-107.0,450
2024-10-14,32.5,-106.5,990
2024-10-14,32.5,-106.0,720
2024-10-14,32.5,-105.5,360
2024-10-14,32.5,-105.0,1350
2024-10-14,32.5,-76.0,90
2024-10-14,32.5,-75.5,90
2024-10-14,32.5,-74.5,90
2024-10-14,32.5,-74.0,180
2024-10-14,32.5,-69.5,90
2024-10-14,33.0,-108.5,360
2024-10-14,33.0,-107.5,90
2024-10-14,33.0,-107.0,450
2024-10-14,33.0,-106.5,270
2024-10-14,33.0,-106.0,270
2024-10-14,33.0,-105.5,360
2024-10-14,33.0,-105.0,8820
2024-10-14,33.0,-104.5,720
2024-10-14,33.0,-75.5,900
2024-10-14,33.0,-75.0,1440
2024-10-14,33.0,-74.0,90
2024-10-14,33.0,-73.5,90
2024-10-14,33.0,-73.0,90
2024-10-14,33.0,-70.5,90
2024-10-14,33.5,-111.0,90
2024-10-14,33.5,-110.5,90
2024-10-14,33.5,-110.0,90
2024-10-14,33.5,-109.5,90
2024-10-14,33.5,-108.5,180
2024-10-14,33.5,-108.0,90
2024-10-14,33.5,-107.0,360
2024-10-14,33.5,-106.5,270
2024-10-14,33.5,-106.0,90
2024-10-14,33.5,-105.5,720
2024-10-14,33.5,-105.0,1890
2024-10-14,33.5,-104.5,1440
2024-10-14,33.5,-104.0,1620
2024-10-14,33.5,-103.5,90
2024-10-14,33.5,-75.5,270
2024-10-14,33.5,-75.0,270
2024-10-14,33.5,-74.5,1890
2024-10-14,33.5,-74.0,180
2024-10-14,33.5,-73.5,450
2024-10-14,33.5,-73.0,180
2024-10-14,33.5,-72.5,90
2024-10-14,33.5,-72.0,90
2024-10-14,33.5,-71.5,1080
2024-10-14,33.5,-70.0,630
2024-10-14,34.0,-112.0,90
2024-10-14,34.0,-111.0,270
2024-10-14,34.0,-110.5,90
2024-10-14,34.0,-110.0,180
2024-10-14,34.0,-108.5,90
2024-10-14,34.0,-107.5,90
2024-10-14,34.0,-107.0,180
2024-10-14,34.0,-106.0,990
2024-10-14,34.0,-105.5,1530
2024-10-14,34.0,-105.0,1080
2024-10-14,34.0,-104.5,1440
2024-10-14,34.0,-104.0,1530
2024-10-14,34.0,-103.5,360
2024-10-14,34.0,-86.0,90
2024-10-14,34.0,-74.5,540
2024-10-14,34.0,-74.0,2790
2024-10-14,34.0,-73.5,3060
2024-10-14,34.0,-73.0,1620
2024-10-14,34.0,-72.5,360
2024-10-14,34.0,-72.0,90
2024-10-14,34.0,-71.5,360
2024-10-14,34.0,-71.0,540
2024-10-14,34.0,-70.5,180
2024-10-14,34.0,-70.0,180
2024-10-14,34.0,-68.5,180
2024-10-14,34.0,-67.0,90
2024-10-14,34.0,-66.5,180
2024-10-14,34.5,-112.0,360
2024-10-14,34.5,-111.0,90
2024-10-14,34.5,-110.0,180
2024-10-14,34.5,-109.5,180
2024-10-14,34.5,-108.5,90
2024-10-14,34.5,-107.5,360
2024-10-14,34.5,-106.5,540
2024-10-14,34.5,-106.0,1620
2024-10-14,34.5,-105.5,990
2024-10-14,34.5,-105.0,900
2024-10-14,34.5,-104.5,1980
2024-10-14,34.5,-104.0,540
2024-10-14,34.5,-103.5,90
2024-10-14,34.5,-87.0,90
2024-10-14,34.5,-86.5,180
2024-10-14,34.5,-85.0,90
2024-10-14,34.5,-84.5,90
2024-10-14,34.5,-74.5,270
2024-10-14,34.5,-74.0,360
2024-10-14,34.5,-73.5,1710
2024-10-14,34.5,-73.0,3600
2024-10-14,34.5,-72.5,2160
2024-10-14,34.5,-72.0,450
2024-10-14,34.5,-71.5,270
2024-10-14,34.5,-70.0,90
2024-10-14,35.0,-112.5,180
2024-10-14,35.0,-112.0,450
2024-10-14,35.0,-111.5,180
2024-10-14,35.0,-111.0,360
2024-10-14,35.0,-109.5,180
2024-10-14,35.0,-109.0,180
2024-10-14,35.0,-108.5,450
2024-10-14,35.0,-108.0,900
2024-10-14,35.0,-107.5,2250
2024-10-14,35.0,-107.0,180
2024-10-14,35.0,-106.5,810
2024-10-14,35.0,-106.0,3420
2024-10-14,35.0,-105.5,1980
2024-10-14,35.0,-105.0,1620
2024-10-14,35.0,-104.5,1890
2024-10-14,35.0,-104.0,360
2024-10-14,35.0,-103.5,180
2024-10-14,35.0,-103.0,180
2024-10-14,35.0,-86.5,180
2024-10-14,35.0,-86.0,270
2024-10-14,35.0,-85.5,360
2024-10-14,35.0,-84.5,270
2024-10-14,35.0,-84.0,180
2024-10-14,35.0,-83.5,90
2024-10-14,35.0,-73.5,1260
2024-10-14,35.0,-73.0,900
2024-10-14,35.0,-72.5,1890
2024-10-14,35.0,-72.0,1170
2024-10-14,35.0,-71.5,1800
2024-10-14,35.0,-71.0,540
2024-10-14,35.0,-70.0,180
2024-10-14,35.5,-112.5,270
2024-10-14,35.5,-112.0,180
2024-10-14,35.5,-111.5,180
2024-10-14,35.5,-111.0,270
2024-10-14,35.5,-110.5,90
2024-10-14,35.5,-109.5,270
2024-10-14,35.5,-108.5,630
2024-10-14,35.5,-108.0,1080
2024-10-14,35.5,-107.5,900
2024-10-14,35.5,-107.0,1170
2024-10-14,35.5,-106.5,990
2024-10-14,35.5,-106.0,720
2024-10-14,35.5,-105.5,2610
2024-10-14,35.5,-105.0,2430
2024-10-14,35.5,-104.5,2520
2024-10-14,35.5,-104.0,900
2024-10-14,35.5,-103.5,180
2024-10-14,35.5,-86.0,360
2024-10-14,35.5,-85.5,540
2024-10-14,35.5,-85.0,720
2024-10-14,35.5,-84.5,180
2024-10-14,35.5,-73.5,540
2024-10-14,35.5,-73.0,270
2024-10-14,35.5,-72.5,900
2024-10-14,35.5,-72.0,3240
2024-10-14,35.5,-71.5,2520
2024-10-14,35.5,-71.0,1890
2024-10-14,35.5,-70.5,450
2024-10-14,35.5,-70.0,1440
2024-10-14,35.5,-69.5,1080
2024-10-14,35.5,-69.0,90
2024-10-14,36.0,-114.0,270
2024-10-14,36.0,-113.5,360
2024-10-14,36.0,-112.5,270
2024-10-14,36.0,-112.0,360
2024-10-14,36.0,-111.5,450
2024-10-14,36.0,-111.0,270
2024-10-14,36.0,-109.5,180
2024-10-14,36.0,-109.0,360
2024-10-14,36.0,-108.5,270
2024-10-14,36.0,-108.0,450
2024-10-14,36.0,-107.5,450
2024-10-14,36.0,-107.0,90
2024-10-14,36.0,-106.5,360
2024-10-14,36.0,-105.5,810
2024-10-14,36.0,-105.0,1350
2024-10-14,36.0,-104.5,2520
2024-10-14,36.0,-104.0,1440
2024-10-14,36.0,-103.5,180
2024-10-14,36.0,-85.5,90
2024-10-14,36.0,-85.0,270
2024-10-14,36.0,-84.0,90
2024-10-14,36.0,-83.0,90
2024-10-14,36.0,-82.5,180
2024-10-14,36.0,-73.0,2160
2024-10-14,36.0,-72.5,1530
2024-10-14,36.0,-72.0,1980
2024-10-14,36.0,-71.5,2880
2024-10-14,36.0,-71.0,3240
2024-10-14,36.0,-70.5,450
2024-10-14,36.0,-70.0,990
2024-10-14,36.0,-69.5,360
2024-10-14,36.0,-69.0,90
2024-10-14,36.0,-68.5,180
2024-10-14,36.5,-114.0,540
2024-10-14,36.5,-113.5,360
2024-10-14,36.5,-113.0,630
2024-10-14,36.5,-112.5,450
2024-10-14,36.5,-112.0,180
2024-10-14,36.5,-111.5,90
2024-10-14,36.5,-111.0,270
2024-10-14,36.5,-109.5,270
2024-10-14,36.5,-108.5,360
2024-10-14,36.5,-108.0,270
2024-10-14,36.5,-107.5,180
2024-10-14,36.5,-107.0,180
2024-10-14,36.5,-106.5,270
2024-10-14,36.5,-105.0,270
2024-10-14,36.5,-104.5,1710
2024-10-14,36.5,-104.0,360
2024-10-14,36.5,-103.5,720
2024-10-14,36.5,-85.0,90
2024-10-14,36.5,-84.0,90
2024-10-14,36.5,-83.0,90
2024-10-14,36.5,-82.0,180
2024-10-14,36.5,-72.5,990
2024-10-14,36.5,-72.0,2340
2024-10-14,36.5,-71.5,540
2024-10-14,36.5,-71.0,540
2024-10-14,36.5,-70.5,180
2024-10-14,36.5,-70.0,720
2024-10-14,36.5,-69.5,540
2024-10-14,36.5,-69.0,360
2024-10-14,36.5,-68.5,180
2024-10-14,37.0,-115.5,180
2024-10-14,37.0,-114.0,90
2024-10-14,37.0,-113.5,450
2024-10-14,37.0,-113.0,360
2024-10-14,37.0,-112.5,90
2024-10-14,37.0,-112.0,360
2024-10-14,37.0,-111.5,270
2024-10-14,37.0,-111.0,90
2024-10-14,37.0,-110.5,270
2024-10-14,37.0,-109.0,270
2024-10-14,37.0,-108.5,270
2024-10-14,37.0,-108.0,450
2024-10-14,37.0,-107.5,90
2024-10-14,37.0,-107.0,360
2024-10-14,37.0,-106.5,90
2024-10-14,37.0,-106.0,450
2024-10-14,37.0,-105.5,180
2024-10-14,37.0,-105.0,90
2024-10-14,37.0,-104.5,270
2024-10-14,37.0,-104.0,270
2024-10-14,37.0,-103.5,1710
2024-10-14,37.0,-103.0,90
2024-10-14,37.0,-84.0,90
2024-10-14,37.0,-72.0,1710
2024-10-14,37.0,-71.5,1710
2024-10-14,37.0,-71.0,2070
2024-10-14,37.0,-70.5,1710
2024-10-14,37.0,-70.0,450
2024-10-14,37.0,-69.5,360
2024-10-14,37.0,-69.0,990
2024-10-14,37.0,-68.5,1710
2024-10-14,37.0,-68.0,630
2024-10-14,37.0,-67.5,90
2024-10-14,37.0,-67.0,180
2024-10-14,37.0,-66.5,90
2024-10-14,37.5,-116.0,180
2024-10-14,37.5,-114.0,180
2024-10-14,37.5,-113.5,360
2024-10-14,37.5,-113.0,1080
2024-10-14,37.5,-112.5,450
2024-10-14,37.5,-112.0,360
2024-10-14,37.5,-111.5,270
2024-10-14,37.5,-111.0,360
2024-10-14,37.5,-110.5,270
2024-10-14,37.5,-109.5,90
2024-10-14,37.5,-109.0,90
2024-10-14,37.5,-108.0,180
2024-10-14,37.5,-106.5,90
2024-10-14,37.5,-105.0,360
2024-10-14,37.5,-104.0,180
2024-10-14,37.5,-103.5,720
2024-10-14,37.5,-103.0,630
2024-10-14,37.5,-71.5,180
2024-10-14,37.5,-71.0,720
2024-10-14,37.5,-70.5,2880
2024-10-14,37.5,-70.0,1890
2024-10-14,37.5,-69.5,720
2024-10-14,37.5,-69.0,1620
2024-10-14,37.5,-68.5,1980
2024-10-14,37.5,-68.0,1350
2024-10-14,37.5,-67.5,900
2024-10-14,37.5,-67.0,540
2024-10-14,37.5,-66.5,540
2024-10-14,37.5,-66.0,360
2024-10-14,37.5,-65.5,540
2024-10-14,38.0,-115.5,90
2024-10-14,38.0,-114.5,90
2024-10-14,38.0,-114.0,180
2024-10-14,38.0,-113.5,450
2024-10-14,38.0,-113.0,270
2024-10-14,38.0,-112.5,180
2024-10-14,38.0,-112.0,90
2024-10-14,38.0,-111.5,180
2024-10-14,38.0,-111.0,90
2024-10-14,38.0,-110.5,540
2024-10-14,38.0,-110.0,90
2024-10-14,38.0,-109.0,180
2024-10-14,38.0,-107.0,90
2024-10-14,38.0,-106.0,90
2024-10-14,38.0,-105.5,90
2024-10-14,38.0,-104.5,90
2024-10-14,38.0,-104.0,180
2024-10-14,38.0,-103.5,720
2024-10-14,38.0,-103.0,180
2024-10-14,38.0,-70.0,450
2024-10-14,38.0,-69.5,360
2024-10-14,38.0,-69.0,630
2024-10-14,38.0,-68.5,180
2024-10-14,38.0,-68.0,1530
2024-10-14,38.0,-67.5,450
2024-10-14,38.0,-67.0,360
2024-10-14,38.0,-66.5,180
2024-10-14,38.0,-66.0,900
2024-10-14,38.0,-65.5,540
2024-10-14,38.5,-113.0,540
2024-10-14,38.5,-112.0,270
2024-10-14,38.5,-111.5,450
2024-10-14,38.5,-111.0,90
2024-10-14,38.5,-110.5,90
2024-10-14,38.5,-108.0,90
2024-10-14,38.5,-107.0,90
2024-10-14,38.5,-104.0,90
2024-10-14,38.5,-103.5,270
2024-10-14,38.5,-103.0,450
2024-10-14,38.5,-69.5,90
2024-10-14,38.5,-69.0,180
2024-10-14,38.5,-68.5,630
2024-10-14,38.5,-68.0,90
2024-10-14,38.5,-67.5,900
2024-10-14,38.5,-67.0,450
2024-10-14,38.5,-66.5,360
2024-10-14,38.5,-66.0,360
2024-10-14,38.5,-65.5,630
2024-10-14,39.0,-119.0,90
2024-10-14,39.0,-113.5,180
2024-10-14,39.0,-113.0,180
2024-10-14,39.0,-112.5,360
2024-10-14,39.0,-112.0,90
2024-10-14,39.0,-111.5,270
2024-10-14,39.0,-111.0,270
2024-10-14,39.0,-110.0,180
2024-10-14,39.0,-109.5,450
2024-10-14,39.0,-108.0,90
2024-10-14,39.0,-103.0,630
2024-10-14,39.0,-102.5,450
2024-10-14,39.0,-69.0,90
2024-10-14,39.0,-68.5,270
2024-10-14,39.0,-68.0,270
2024-10-14,39.0,-67.5,360
2024-10-14,39.0,-67.0,630
2024-10-14,39.0,-66.5,180
2024-10-14,39.0,-66.0,1260
2024-10-14,39.0,-65.5,540
2024-10-14,39.5,-118.5,180
2024-10-14,39.5,-113.0,90
2024-10-14,39.5,-112.0,810
2024-10-14,39.5,-111.5,90
2024-10-14,39.5,-111.0,90
2024-10-14,39.5,-108.5,360
2024-10-14,39.5,-108.0,90
2024-10-14,39.5,-107.0,180
2024-10-14,39.5,-102.5,540
2024-10-14,39.5,-102.0,630
2024-10-14,39.5,-68.5,1170
2024-10-14,39.5,-68.0,1980
2024-10-14,39.5,-67.5,450
2024-10-14,39.5,-67.0,270
2024-10-14,39.5,-66.5,720
2024-10-14,39.5,-66.0,270
2024-10-14,40.0,-112.0,540
2024-10-14,40.0,-109.5,270
2024-10-14,40.0,-108.5,90
2024-10-14,40.0,-108.0,90
2024-10-14,40.0,-107.0,90
2024-10-14,40.0,-106.5,90
2024-10-14,40.0,-102.0,180
2024-10-14,40.0,-72.5,90
2024-10-14,40.0,-68.5,270
2024-10-14,40.0,-68.0,720
2024-10-14,40.0,-67.5,180
2024-10-14,40.0,-67.0,540
2024-10-14,40.0,-66.5,1170
2024-10-14,40.0,-66.0,1530
2024-10-14,40.0,-65.5,540
2024-10-14,40.5,-122.5,90
2024-10-14,40.5,-122.0,90
2024-10-14,40.5,-121.5,90
2024-10-14,40.5,-119.0,90
2024-10-14,40.5,-118.5,90
2024-10-14,40.5,-117.5,90
2024-10-14,40.5,-116.5,180
2024-10-14,40.5,-113.0,90
2024-10-14,40.5,-101.5,180
2024-10-14,40.5,-72.5,90
2024-10-14,40.5,-72.0,180
2024-10-14,40.5,-71.0,90
2024-10-14,40.5,-69.5,90
2024-10-14,40.5,-68.0,90
2024-10-14,40.5,-67.5,990
2024-10-14,40.5,-67.0,90
2024-10-14,40.5,-66.5,450
2024-10-14,40.5,-66.0,90
2024-10-14,40.5,-65.5,630
2024-10-14,41.0,-114.0,90
2024-10-14,41.0,-109.5,90
2024-10-14,41.0,-106.5,90
2024-10-14,41.0,-106.0,90
2024-10-14,41.0,-101.5,90
2024-10-14,41.0,-101.0,180
2024-10-14,41.0,-83.5,90
2024-10-14,41.0,-78.0,180
2024-10-14,41.0,-77.5,360
2024-10-14,41.0,-72.0,180
2024-10-14,41.0,-70.5,90
2024-10-14,41.0,-69.5,90
2024-10-14,41.0,-69.0,90
2024-10-14,41.0,-68.5,90
2024-10-14,41.0,-67.0,90
2024-10-14,41.0,-66.5,180
2024-10-14,41.0,-66.0,90
2024-10-14,41.0,-65.5,90
2024-10-14,41.5,-88.0,90
2024-10-14,41.5,-87.5,180
2024-10-14,41.5,-77.0,90
2024-10-14,41.5,-74.5,90
2024-10-14,41.5,-69.5,90
2024-10-14,41.5,-69.0,90
2024-10-14,41.5,-68.5,90
2024-10-14,41.5,-68.0,180
2024-10-14,41.5,-66.5,90
2024-10-14,41.5,-66.0,720
2024-10-14,41.5,-65.5,90
2024-10-14,42.0,-74.0,90
2024-10-14,42.0,-73.5,180
2024-10-14,42.0,-69.5,270
2024-10-14,42.0,-69.0,180
2024-10-14,42.0,-68.5,180
2024-10-14,42.0,-68.0,450
2024-10-14,42.0,-67.5,180
2024-10-14,42.0,-66.5,180
2024-10-14,42.5,-107.0,90
2024-10-14,42.5,-106.5,90
2024-10-14,42.5,-74.0,90
2024-10-14,42.5,-72.5,270
2024-10-14,42.5,-72.0,90
2024-10-14,42.5,-70.5,90
2024-10-14,42.5,-69.5,90
2024-10-14,42.5,-69.0,90
2024-10-14,42.5,-68.5,360
2024-10-14,42.5,-68.0,90
2024-10-14,42.5,-67.0,180
2024-10-14,42.5,-65.5,90
2024-10-14,43.0,-107.0,90
2024-10-14,43.0,-70.0,90
2024-10-14,43.0,-69.5,180
2024-10-14,43.0,-68.5,90
2024-10-14,43.0,-68.0,180
2024-10-14,43.0,-67.5,180
2024-10-14,43.0,-67.0,180
2024-10-14,43.5,-70.0,270
2024-10-14,43.5,-67.0,90
2024-10-14,43.5,-66.5,270
2024-10-14,43.5,-66.0,180
2024-10-14,44.0,-116.5,90
2024-10-14,44.0,-67.0,90
2024-10-14,44.0,-66.5,270
2024-10-14,44.0,-66.0,270
2024-10-14,44.0,-65.5,90
2024-10-14,44.5,-65.5,450
2024-10-14,45.0,-65.5,180
2024-10-14,45.5,-65.5,360
2024-10-14,47.0,-117.5,90
2024-10-14,47.5,-117.0,90
2024-10-14,48.0,-116.5,90
2024-10-14,48.5,-118.5,90
2024-10-14,49.0,-117.0,90
2024-10-14,49.5,-117.5,90
2024-10-14,51.5,-120.5,90
2024-10-14,51.5,-120.0,90
2024-10-21,20.0,-126.5,270
2024-10-21,20.0,-106.5,90
2024-10-21,20.0,-105.5,720
2024-10-21,20.0,-105.0,1170
2024-10-21,20.0,-95.5,270
2024-10-21,20.0,-95.0,180
2024-10-21,20.0,-94.0,90
2024-10-21,20.0,-93.5,450
2024-10-21,20.0,-93.0,90
2024-10-21,20.0,-92.5,270
2024-10-21,20.0,-92.0,90
2024-10-21,20.0,-89.5,270
2024-10-21,20.0,-89.0,450
2024-10-21,20.0,-87.5,90
2024-10-21,20.0,-75.5,270
2024-10-21,20.0,-75.0,90
2024-10-21,20.0,-74.5,180
2024-10-21,20.0,-74.0,270
2024-10-21,20.0,-73.0,990
2024-10-21,20.0,-72.5,1620
2024-10-21,20.0,-72.0,180
2024-10-21,20.0,-71.5,360
2024-10-21,20.0,-71.0,540
2024-10-21,20.0,-70.5,360
2024-10-21,20.0,-70.0,720
2024-10-21,20.0,-69.5,810
2024-10-21,20.0,-69.0,270
2024-10-21,20.0,-68.5,90
2024-10-21,20.0,-66.0,90
2024-10-21,20.5,-108.5,90
2024-10-21,20.5,-105.5,630
2024-10-21,20.5,-105.0,270
2024-10-21,20.5,-97.0,270
2024-10-21,20.5,-96.5,180
2024-10-21,20.5,-96.0,270
2024-10-21,20.5,-95.5,270
2024-10-21,20.5,-93.5,270
2024-10-21,20.5,-93.0,180
2024-10-21,20.5,-90.5,180
2024-10-21,20.5,-90.0,90
2024-10-21,20.5,-76.5,90
2024-10-21,20.5,-74.0,810
2024-10-21,20.5,-73.5,810
2024-10-21,20.5,-73.0,2880
2024-10-21,20.5,-72.5,5940
2024-10-21,20.5,-72.0,90
2024-10-21,20.5,-71.5,90
2024-10-21,20.5,-71.0,180
2024-10-21,20.5,-70.0,90
2024-10-21,20.5,-69.5,270
2024-10-21,20.5,-69.0,360
2024-10-21,20.5,-68.5,270
2024-10-21,20.5,-68.0,360
2024-10-21,20.5,-67.5,90
2024-10-21,21.0,-106.0,90
2024-10-21,21.0,-105.5,1980
2024-10-21,21.0,-105.0,360
2024-10-21,21.0,-104.5,270
2024-10-21,21.0,-104.0,90
2024-10-21,21.0,-97.5,180
2024-10-21,21.0,-96.0,90
2024-10-21,21.0,-95.0,180
2024-10-21,21.0,-94.5,360
2024-10-21,21.0,-94.0,360
2024-10-21,21.0,-93.5,90
2024-10-21,21.0,-93.0,180
2024-10-21,21.0,-92.0,90
2024-10-21,21.0,-75.5,270
2024-10-21,21.0,-74.5,1350
2024-10-21,21.0,-74.0,630
2024-10-21,21.0,-73.5,1260
2024-10-21,21.0,-73.0,2250
2024-10-21,21.0,-72.5,2790
2024-10-21,21.0,-72.0,1980
2024-10-21,21.0,-71.5,360
2024-10-21,21.0,-71.0,270
2024-10-21,21.0,-70.0,270
2024-10-21,21.0,-69.5,180
2024-10-21,21.0,-69.0,90
2024-10-21,21.0,-68.5,270
2024-10-21,21.0,-68.0,270
2024-10-21,21.0,-67.5,180
2024-10-21,21.0,-67.0,90
2024-10-21,21.0,-66.0,90
2024-10-21,21.5,-106.0,810
2024-10-21,21.5,-105.5,3240
2024-10-21,21.5,-98.0,90
2024-10-21,21.5,-97.5,90
2024-10-21,21.5,-95.5,90
2024-10-21,21.5,-95.0,540
2024-10-21,21.5,-94.5,900
2024-10-21,21.5,-94.0,450
2024-10-21,21.5,-93.5,360
2024-10-21,21.5,-92.0,180
2024-10-21,21.5,-75.0,90
2024-10-21,21.5,-74.5,180
2024-10-21,21.5,-74.0,180
2024-10-21,21.5,-73.5,990
2024-10-21,21.5,-73.0,2070
2024-10-21,21.5,-72.5,810
2024-10-21,21.5,-72.0,2610
2024-10-21,21.5,-71.5,2790
2024-10-21,21.5,-71.0,180
2024-10-21,21.5,-70.5,90
2024-10-21,21.5,-70.0,180
2024-10-21,21.5,-69.5,270
2024-10-21,21.5,-69.0,180
2024-10-21,21.5,-68.5,90
2024-10-21,21.5,-68.0,180
2024-10-21,21.5,-67.5,180
2024-10-21,21.5,-67.0,90
2024-10-21,21.5,-66.5,180
2024-10-21,21.5,-66.0,90
2024-10-21,22.0,-105.5,720
2024-10-21,22.0,-98.0,90
2024-10-21,22.0,-94.0,270
2024-10-21,22.0,-93.0,90
2024-10-21,22.0,-92.5,180
2024-10-21,22.0,-92.0,270
2024-10-21,22.0,-77.5,90
2024-10-21,22.0,-74.0,180
2024-10-21,22.0,-73.5,90
2024-10-21,22.0,-73.0,180
2024-10-21,22.0,-72.5,2520
2024-10-21,22.0,-72.0,1710
2024-10-21,22.0,-71.5,7020
2024-10-21,22.0,-71.0,360
2024-10-21,22.0,-70.5,360
2024-10-21,22.0,-70.0,900
2024-10-21,22.0,-69.5,540
2024-10-21,22.0,-69.0,180
2024-10-21,22.0,-68.5,900
2024-10-21,22.0,-68.0,810
2024-10-21,22.0,-67.5,270
2024-10-21,22.0,-67.0,90
2024-10-21,22.0,-66.5,450
2024-10-21,22.0,-66.0,90
2024-10-21,22.0,-65.5,90
2024-10-21,22.5,-106.0,450
2024-10-21,22.5,-105.5,1350
2024-10-21,22.5,-105.0,270
2024-10-21,22.5,-104.5,90
2024-10-21,22.5,-94.0,90
2024-10-21,22.5,-93.0,630
2024-10-21,22.5,-92.5,180
2024-10-21,22.5,-91.5,90
2024-10-21,22.5,-91.0,90
2024-10-21,22.5,-90.5,90
2024-10-21,22.5,-73.0,90
2024-10-21,22.5,-72.5,1440
2024-10-21,22.5,-72.0,2160
2024-10-21,22.5,-71.5,900
2024-10-21,22.5,-71.0,900
2024-10-21,22.5,-70.5,1440
2024-10-21,22.5,-70.0,1170
2024-10-21,22.5,-69.5,450
2024-10-21,22.5,-69.0,900
2024-10-21,22.5,-68.5,1350
2024-10-21,22.5,-68.0,810
2024-10-21,22.5,-67.5,990
2024-10-21,22.5,-67.0,990
2024-10-21,22.5,-66.5,360
2024-10-21,22.5,-66.0,90
2024-10-21,22.5,-65.5,90
2024-10-21,23.0,-106.5,90
2024-10-21,23.0,-106.0,2610
2024-10-21,23.0,-105.5,90
2024-10-21,23.0,-105.0,810
2024-10-21,23.0,-104.5,540
2024-10-21,23.0,-97.0,90
2024-10-21,23.0,-94.5,90
2024-10-21,23.0,-92.5,90
2024-10-21,23.0,-91.5,450
2024-10-21,23.0,-90.5,90
2024-10-21,23.0,-73.0,180
2024-10-21,23.0,-72.0,180
2024-10-21,23.0,-71.5,270
2024-10-21,23.0,-71.0,180
2024-10-21,23.0,-70.5,630
2024-10-21,23.0,-70.0,2610
2024-10-21,23.0,-69.5,1800
2024-10-21,23.0,-69.0,990
2024-10-21,23.0,-68.5,1620
2024-10-21,23.0,-68.0,1710
2024-10-21,23.0,-67.5,990
2024-10-21,23.0,-67.0,450
2024-10-21,23.0,-66.5,540
2024-10-21,23.0,-66.0,180
2024-10-21,23.5,-106.5,90
2024-10-21,23.5,-105.5,270
2024-10-21,23.5,-105.0,180
2024-10-21,23.5,-104.5,90
2024-10-21,23.5,-103.5,90
2024-10-21,23.5,-98.5,90
2024-10-21,23.5,-93.0,90
2024-10-21,23.5,-92.5,270
2024-10-21,23.5,-92.0,180
2024-10-21,23.5,-91.5,90
2024-10-21,23.5,-73.0,90
2024-10-21,23.5,-72.0,90
2024-10-21,23.5,-71.5,450
2024-10-21,23.5,-71.0,1080
2024-10-21,23.5,-70.5,360
2024-10-21,23.5,-70.0,90
2024-10-21,23.5,-69.5,1980
2024-10-21,23.5,-69.0,1620
2024-10-21,23.5,-68.5,2250
2024-10-21,23.5,-68.0,1980
2024-10-21,23.5,-67.5,810
2024-10-21,23.5,-67.0,540
2024-10-21,23.5,-66.5,450
2024-10-21,23.5,-66.0,450
2024-10-21,23.5,-65.5,360
2024-10-21,24.0,-106.5,90
2024-10-21,24.0,-106.0,450
2024-10-21,24.0,-105.5,90
2024-10-21,24.0,-105.0,90
2024-10-21,24.0,-104.5,180
2024-10-21,24.0,-99.5,90
2024-10-21,24.0,-99.0,180
2024-10-21,24.0,-98.5,90
2024-10-21,24.0,-92.5,180
2024-10-21,24.0,-72.0,90
2024-10-21,24.0,-71.0,180
2024-10-21,24.0,-70.5,90
2024-10-21,24.0,-70.0,90
2024-10-21,24.0,-69.5,90
2024-10-21,24.0,-69.0,630
2024-10-21,24.0,-68.5,810
2024-10-21,24.0,-68.0,180
2024-10-21,24.0,-67.0,810
2024-10-21,24.0,-66.5,540
2024-10-21,24.0,-66.0,270
2024-10-21,24.0,-65.5,540
2024-10-21,24.5,-106.5,90
2024-10-21,24.5,-106.0,450
2024-10-21,24.5,-105.5,360
2024-10-21,24.5,-105.0,90
2024-10-21,24.5,-104.5,360
2024-10-21,24.5,-104.0,90
2024-10-21,24.5,-103.5,90
2024-10-21,24.5,-94.0,90
2024-10-21,24.5,-90.0,180
2024-10-21,24.5,-73.0,90
2024-10-21,24.5,-72.5,270
2024-10-21,24.5,-70.5,360
2024-10-21,24.5,-69.0,180
2024-10-21,24.5,-68.5,540
2024-10-21,24.5,-68.0,450
2024-10-21,24.5,-67.5,90
2024-10-21,24.5,-67.0,180
2024-10-21,24.5,-66.5,1080
2024-10-21,24.5,-66.0,90
2024-10-21,24.5,-65.5,450
2024-10-21,25.0,-107.0,90
2024-10-21,25.0,-106.5,270
2024-10-21,25.0,-106.0,270
2024-10-21,25.0,-105.5,180
2024-10-21,25.0,-105.0,450
2024-10-21,25.0,-104.5,90
2024-10-21,25.0,-104.0,90
2024-10-21,25.0,-102.5,90
2024-10-21,25.0,-96.5,90
2024-10-21,25.0,-96.0,90
2024-10-21,25.0,-93.5,90
2024-10-21,25.0,-93.0,90
2024-10-21,25.0,-89.5,90
2024-10-21,25.0,-89.0,180
2024-10-21,25.0,-69.0,270
2024-10-21,25.0,-68.5,540
2024-10-21,25.0,-68.0,450
2024-10-21,25.0,-67.5,630
2024-10-21,25.0,-66.5,360
2024-10-21,25.0,-66.0,270
2024-10-21,25.0,-65.5,720
2024-10-21,25.5,-107.0,1530
2024-10-21,25.5,-106.5,360
2024-10-21,25.5,-106.0,270
2024-10-21,25.5,-105.0,180
2024-10-21,25.5,-104.5,720
2024-10-21,25.5,-104.0,90
2024-10-21,25.5,-96.5,90
2024-10-21,25.5,-96.0,180
2024-10-21,25.5,-93.5,360
2024-10-21,25.5,-93.0,90
2024-10-21,25.5,-89.5,180
2024-10-21,25.5,-88.5,90
2024-10-21,25.5,-73.5,180
2024-10-21,25.5,-72.0,90
2024-10-21,25.5,-71.0,180
2024-10-21,25.5,-69.5,90
2024-10-21,25.5,-69.0,720
2024-10-21,25.5,-68.5,630
2024-10-21,25.5,-68.0,90
2024-10-21,25.5,-67.5,180
2024-10-21,25.5,-67.0,90
2024-10-21,25.5,-66.5,180
2024-10-21,25.5,-66.0,540
2024-10-21,25.5,-65.5,540
2024-10-21,26.0,-107.5,180
2024-10-21,26.0,-107.0,90
2024-10-21,26.0,-106.5,90
2024-10-21,26.0,-106.0,270
2024-10-21,26.0,-105.5,360
2024-10-21,26.0,-102.5,90
2024-10-21,26.0,-93.5,360
2024-10-21,26.0,-93.0,180
2024-10-21,26.0,-92.5,180
2024-10-21,26.0,-92.0,90
2024-10-21,26.0,-91.5,360
2024-10-21,26.0,-71.0,180
2024-10-21,26.0,-68.0,360
2024-10-21,26.0,-67.0,360
2024-10-21,26.0,-66.5,630
2024-10-21,26.0,-66.0,270
2024-10-21,26.0,-65.5,360
2024-10-21,26.5,-107.5,90
2024-10-21,26.5,-107.0,90
2024-10-21,26.5,-106.5,180
2024-10-21,26.5,-106.0,540
2024-10-21,26.5,-92.0,540
2024-10-21,26.5,-91.5,90
2024-10-21,26.5,-70.5,90
2024-10-21,26.5,-70.0,270
2024-10-21,26.5,-68.5,90
2024-10-21,26.5,-68.0,180
2024-10-21,26.5,-67.5,90
2024-10-21,26.5,-66.5,450
2024-10-21,26.5,-66.0,810
2024-10-21,26.5,-65.5,1260
2024-10-21,27.0,-107.0,180
2024-10-21,27.0,-106.5,360
2024-10-21,27.0,-106.0,990
2024-10-21,27.0,-92.5,270
2024-10-21,27.0,-74.5,90
2024-10-21,27.0,-72.5,180
2024-10-21,27.0,-71.5,90
2024-10-21,27.0,-71.0,90
2024-10-21,27.0,-70.5,540
2024-10-21,27.0,-69.5,90
2024-10-21,27.0,-68.5,450
2024-10-21,27.0,-68.0,360
2024-10-21,27.0,-67.5,180
2024-10-21,27.0,-67.0,180
2024-10-21,27.0,-66.5,360
2024-10-21,27.0,-66.0,450
2024-10-21,27.0,-65.5,540
2024-10-21,27.5,-107.0,630
2024-10-21,27.5,-106.5,180
2024-10-21,27.5,-76.5,90
2024-10-21,27.5,-74.5,90
2024-10-21,27.5,-74.0,180
2024-10-21,27.5,-72.5,180
2024-10-21,27.5,-71.5,90
2024-10-21,27.5,-71.0,270
2024-10-21,27.5,-70.5,90
2024-10-21,27.5,-70.0,90
2024-10-21,27.5,-69.5,90
2024-10-21,27.5,-68.5,1530
2024-10-21,27.5,-68.0,270
2024-10-21,27.5,-67.5,540
2024-10-21,27.5,-67.0,450
2024-10-21,27.5,-66.5,270
2024-10-21,27.5,-66.0,180
2024-10-21,27.5,-65.5,810
2024-10-21,28.0,-107.5,180
2024-10-21,28.0,-107.0,630
2024-10-21,28.0,-106.5,630
2024-10-21,28.0,-75.5,90
2024-10-21,28.0,-75.0,360
2024-10-21,28.0,-74.5,90
2024-10-21,28.0,-74.0,90
2024-10-21,28.0,-73.0,810
2024-10-21,28.0,-72.5,90
2024-10-21,28.0,-71.5,90
2024-10-21,28.0,-71.0,180
2024-10-21,28.0,-70.0,90
2024-10-21,28.0,-69.5,90
2024-10-21,28.0,-68.5,360
2024-10-21,28.0,-68.0,270
2024-10-21,28.0,-67.0,90
2024-10-21,28.0,-66.5,90
2024-10-21,28.0,-66.0,450
2024-10-21,28.0,-65.5,450
2024-10-21,28.5,-107.0,90
2024-10-21,28.5,-106.5,630
2024-10-21,28.5,-105.5,270
2024-10-21,28.5,-105.0,90
2024-10-21,28.5,-104.5,90
2024-10-21,28.5,-102.5,90
2024-10-21,28.5,-74.5,180
2024-10-21,28.5,-74.0,360
2024-10-21,28.5,-73.5,720
2024-10-21,28.5,-73.0,90
2024-10-21,28.5,-72.5,270
2024-10-21,28.5,-72.0,180
2024-10-21,28.5,-69.0,90
2024-10-21,28.5,-68.5,360
2024-10-21,28.5,-68.0,270
2024-10-21,28.5,-67.5,90
2024-10-21,28.5,-66.0,180
2024-10-21,28.5,-65.5,630
2024-10-21,29.0,-107.5,90
2024-10-21,29.0,-106.5,180
2024-10-21,29.0,-103.5,270
2024-10-21,29.0,-102.5,90
2024-10-21,29.0,-77.0,90
2024-10-21,29.0,-75.0,270
2024-10-21,29.0,-74.5,180
2024-10-21,29.0,-74.0,270
2024-10-21,29.0,-73.5,90
2024-10-21,29.0,-72.5,90
2024-10-21,29.0,-71.5,180
2024-10-21,29.0,-71.0,270
2024-10-21,29.0,-70.0,90
2024-10-21,29.0,-68.5,180
2024-10-21,29.0,-68.0,180
2024-10-21,29.0,-67.5,90
2024-10-21,29.0,-65.5,90
2024-10-21,29.5,-106.5,90
2024-10-21,29.5,-105.5,180
2024-10-21,29.5,-104.0,270
2024-10-21,29.5,-103.5,270
2024-10-21,29.5,-74.0,90
2024-10-21,29.5,-73.0,360
2024-10-21,29.5,-72.5,540
2024-10-21,29.5,-72.0,90
2024-10-21,29.5,-71.5,90
2024-10-21,30.0,-104.5,90
2024-10-21,30.0,-104.0,90
2024-10-21,30.0,-103.5,720
2024-10-21,30.0,-74.0,90
2024-10-21,30.0,-73.5,180
2024-10-21,30.0,-73.0,180
2024-10-21,30.0,-69.5,90
2024-10-21,30.0,-67.5,90
2024-10-21,30.0,-66.0,180
2024-10-21,30.5,-70.0,90
2024-10-21,31.0,-69.0,90
2024-10-21,31.0,-68.0,90
2024-10-21,31.0,-67.5,360
2024-10-21,31.5,-78.0,180
2024-10-21,31.5,-77.5,270
2024-10-21,31.5,-67.5,90
2024-10-21,31.5,-67.0,90
2024-10-21,31.5,-65.5,180
2024-10-21,32.0,-78.5,90
2024-10-21,32.0,-78.0,270
2024-10-21,32.0,-77.5,1890
2024-10-21,32.0,-77.0,540
2024-10-21,32.5,-79.0,90
2024-10-21,32.5,-78.5,90
2024-10-21,32.5,-78.0,1170
2024-10-21,32.5,-77.5,1260
2024-10-21,32.5,-77.0,90
2024-10-21,32.5,-66.5,90
2024-10-21,33.0,-94.0,90
2024-10-21,33.0,-78.5,90
2024-10-21,33.0,-78.0,630
2024-10-21,33.0,-73.0,90
2024-10-21,33.0,-66.0,360
2024-10-21,33.5,-105.5,270
2024-10-21,33.5,-105.0,180
2024-10-21,33.5,-103.0,180
2024-10-21,33.5,-102.0,180
2024-10-21,33.5,-78.0,90
2024-10-21,33.5,-73.5,180
2024-10-21,33.5,-72.5,90
2024-10-21,33.5,-66.0,90
2024-10-21,33.5,-65.5,90
2024-10-21,34.0,-105.0,630
2024-10-21,34.0,-104.5,720
2024-10-21,34.0,-104.0,720
2024-10-21,34.0,-103.0,90
2024-10-21,34.0,-97.0,90
2024-10-21,34.0,-93.5,90
2024-10-21,34.0,-93.0,90
2024-10-21,34.0,-91.0,90
2024-10-21,34.5,-104.5,630
2024-10-21,34.5,-104.0,180
2024-10-21,34.5,-103.5,720
2024-10-21,34.5,-103.0,90
2024-10-21,34.5,-102.5,90
2024-10-21,34.5,-101.5,90
2024-10-21,34.5,-97.0,90
2024-10-21,34.5,-91.0,90
2024-10-21,34.5,-81.0,180
2024-10-21,34.5,-72.0,90
2024-10-21,34.5,-71.5,180
2024-10-21,34.5,-71.0,90
2024-10-21,34.5,-70.5,180
2024-10-21,34.5,-70.0,90
2024-10-21,34.5,-69.0,180
2024-10-21,34.5,-67.5,90
2024-10-21,35.0,-106.0,90
2024-10-21,35.0,-105.0,1800
2024-10-21,35.0,-104.5,1890
2024-10-21,35.0,-104.0,1350
2024-10-21,35.0,-103.5,180
2024-10-21,35.0,-103.0,90
2024-10-21,35.0,-96.5,90
2024-10-21,35.0,-82.0,90
2024-10-21,35.0,-81.5,90
2024-10-21,35.0,-72.5,180
2024-10-21,35.0,-72.0,180
2024-10-21,35.0,-71.5,270
2024-10-21,35.0,-71.0,90
2024-10-21,35.0,-70.5,180
2024-10-21,35.0,-70.0,900
2024-10-21,35.0,-69.5,90
2024-10-21,35.5,-106.0,2790
2024-10-21,35.5,-105.5,1080
2024-10-21,35.5,-105.0,1080
2024-10-21,35.5,-104.5,1530
2024-10-21,35.5,-104.0,810
2024-10-21,35.5,-103.5,1710
2024-10-21,35.5,-103.0,540
2024-10-21,35.5,-102.5,450
2024-10-21,35.5,-102.0,540
2024-10-21,35.5,-101.5,180
2024-10-21,35.5,-96.0,90
2024-10-21,35.5,-89.0,90
2024-10-21,35.5,-83.0,90
2024-10-21,35.5,-81.5,90
2024-10-21,35.5,-72.5,90
2024-10-21,35.5,-72.0,360
2024-10-21,35.5,-71.5,360
2024-10-21,35.5,-71.0,180
2024-10-21,35.5,-70.5,180
2024-10-21,35.5,-70.0,360
2024-10-21,35.5,-69.5,270
2024-10-21,35.5,-69.0,90
2024-10-21,35.5,-68.5,180
2024-10-21,36.0,-106.5,180
2024-10-21,36.0,-106.0,540
2024-10-21,36.0,-105.5,360
2024-10-21,36.0,-105.0,4050
2024-10-21,36.0,-104.5,3060
2024-10-21,36.0,-104.0,1800
2024-10-21,36.0,-103.5,270
2024-10-21,36.0,-103.0,540
2024-10-21,36.0,-102.5,360
2024-10-21,36.0,-102.0,720
2024-10-21,36.0,-101.5,90
2024-10-21,36.0,-101.0,180
2024-10-21,36.0,-100.5,90
2024-10-21,36.0,-100.0,90
2024-10-21,36.0,-99.5,180
2024-10-21,36.0,-99.0,270
2024-10-21,36.0,-98.5,90
2024-10-21,36.0,-96.0,90
2024-10-21,36.0,-93.0,90
2024-10-21,36.0,-92.5,180
2024-10-21,36.0,-92.0,90
2024-10-21,36.0,-83.5,90
2024-10-21,36.0,-83.0,270
2024-10-21,36.0,-72.0,180
2024-10-21,36.0,-71.5,270
2024-10-21,36.0,-70.0,360
2024-10-21,36.0,-69.5,180
2024-10-21,36.0,-69.0,180
2024-10-21,36.0,-68.0,90
2024-10-21,36.0,-67.5,90
2024-10-21,36.0,-67.0,90
2024-10-21,36.0,-66.5,90
2024-10-21,36.0,-65.5,90
2024-10-21,36.5,-105.0,1170
2024-10-21,36.5,-104.5,3060
2024-10-21,36.5,-104.0,2250
2024-10-21,36.5,-103.5,1530
2024-10-21,36.5,-103.0,90
2024-10-21,36.5,-102.5,90
2024-10-21,36.5,-102.0,90
2024-10-21,36.5,-101.5,450
2024-10-21,36.5,-101.0,270
2024-10-21,36.5,-100.5,180
2024-10-21,36.5,-100.0,270
2024-10-21,36.5,-99.5,450
2024-10-21,36.5,-98.5,90
2024-10-21,36.5,-98.0,180
2024-10-21,36.5,-97.5,270
2024-10-21,36.5,-97.0,90
2024-10-21,36.5,-96.5,270
2024-10-21,36.5,-95.5,180
2024-10-21,36.5,-72.0,360
2024-10-21,36.5,-71.5,630
2024-10-21,36.5,-71.0,360
2024-10-21,36.5,-70.5,270
2024-10-21,36.5,-70.0,270
2024-10-21,36.5,-69.5,1080
2024-10-21,36.5,-69.0,360
2024-10-21,36.5,-68.5,90
2024-10-21,36.5,-68.0,90
2024-10-21,36.5,-67.5,90
2024-10-21,37.0,-104.5,90
2024-10-21,37.0,-104.0,1530
2024-10-21,37.0,-103.5,1350
2024-10-21,37.0,-103.0,720
2024-10-21,37.0,-102.5,180
2024-10-21,37.0,-101.0,90
2024-10-21,37.0,-100.5,90
2024-10-21,37.0,-100.0,360
2024-10-21,37.0,-99.5,270
2024-10-21,37.0,-99.0,270
2024-10-21,37.0,-98.5,990
2024-10-21,37.0,-98.0,630
2024-10-21,37.0,-97.5,180
2024-10-21,37.0,-96.5,90
2024-10-21,37.0,-96.0,90
2024-10-21,37.0,-95.5,180
2024-10-21,37.0,-95.0,270
2024-10-21,37.0,-94.5,90
2024-10-21,37.0,-94.0,90
2024-10-21,37.0,-93.5,180
2024-10-21,37.0,-93.0,90
2024-10-21,37.0,-83.5,90
2024-10-21,37.0,-72.5,90
2024-10-21,37.0,-72.0,180
2024-10-21,37.0,-71.5,90
2024-10-21,37.0,-70.5,90
2024-10-21,37.0,-70.0,90
2024-10-21,37.0,-69.5,90
2024-10-21,37.0,-69.0,270
2024-10-21,37.0,-68.5,90
2024-10-21,37.5,-106.0,90
2024-10-21,37.5,-105.5,90
2024-10-21,37.5,-105.0,180
2024-10-21,37.5,-104.5,180
2024-10-21,37.5,-104.0,360
2024-10-21,37.5,-103.5,2250
2024-10-21,37.5,-103.0,720
2024-10-21,37.5,-102.5,630
2024-10-21,37.5,-102.0,90
2024-10-21,37.5,-101.0,180
2024-10-21,37.5,-100.5,90
2024-10-21,37.5,-100.0,90
2024-10-21,37.5,-99.5,180
2024-10-21,37.5,-99.0,540
2024-10-21,37.5,-98.5,360
2024-10-21,37.5,-98.0,720
2024-10-21,37.5,-97.5,360
2024-10-21,37.5,-97.0,270
2024-10-21,37.5,-96.5,180
2024-10-21,37.5,-96.0,270
2024-10-21,37.5,-95.5,90
2024-10-21,37.5,-95.0,360
2024-10-21,37.5,-94.5,90
2024-10-21,37.5,-94.0,90
2024-10-21,37.5,-93.5,90
2024-10-21,37.5,-91.5,90
2024-10-21,37.5,-71.5,90
2024-10-21,37.5,-70.5,90
2024-10-21,37.5,-70.0,90
2024-10-21,37.5,-69.5,90
2024-10-21,37.5,-68.5,90
2024-10-21,38.0,-105.5,90
2024-10-21,38.0,-104.0,180
2024-10-21,38.0,-103.5,180
2024-10-21,38.0,-103.0,720
2024-10-21,38.0,-102.5,270
2024-10-21,38.0,-102.0,1080
2024-10-21,38.0,-101.0,90
2024-10-21,38.0,-100.5,180
2024-10-21,38.0,-99.5,270
2024-10-21,38.0,-99.0,90
2024-10-21,38.0,-98.5,630
2024-10-21,38.0,-98.0,1350
2024-10-21,38.0,-97.5,270
2024-10-21,38.0,-97.0,720
2024-10-21,38.0,-96.5,630
2024-10-21,38.0,-96.0,1620
2024-10-21,38.0,-95.5,810
2024-10-21,38.0,-95.0,720
2024-10-21,38.0,-94.5,270
2024-10-21,38.0,-94.0,450
2024-10-21,38.0,-93.5,90
2024-10-21,38.0,-93.0,180
2024-10-21,38.0,-92.5,90
2024-10-21,38.0,-91.0,90
2024-10-21,38.0,-65.5,90
2024-10-21,38.5,-103.5,90
2024-10-21,38.5,-102.5,90
2024-10-21,38.5,-102.0,180
2024-10-21,38.5,-101.0,270
2024-10-21,38.5,-100.5,270
2024-10-21,38.5,-100.0,90
2024-10-21,38.5,-99.5,90
2024-10-21,38.5,-99.0,270
2024-10-21,38.5,-98.5,630
2024-10-21,38.5,-98.0,810
2024-10-21,38.5,-97.5,1080
2024-10-21,38.5,-97.0,270
2024-10-21,38.5,-96.5,270
2024-10-21,38.5,-96.0,450
2024-10-21,38.5,-95.5,360
2024-10-21,38.5,-95.0,270
2024-10-21,38.5,-94.5,270
2024-10-21,38.5,-94.0,540
2024-10-21,38.5,-93.5,90
2024-10-21,38.5,-91.0,90
2024-10-21,39.0,-102.0,90
2024-10-21,39.0,-101.5,360
2024-10-21,39.0,-100.5,90
2024-10-21,39.0,-100.0,630
2024-10-21,39.0,-99.5,90
2024-10-21,39.0,-99.0,180
2024-10-21,39.0,-98.5,540
2024-10-21,39.0,-98.0,720
2024-10-21,39.0,-97.5,360
2024-10-21,39.0,-97.0,270
2024-10-21,39.0,-96.5,540
2024-10-21,39.0,-96.0,2880
2024-10-21,39.0,-95.5,1620
2024-10-21,39.0,-95.0,1260
2024-10-21,39.0,-94.5,1080
2024-10-21,39.0,-94.0,450
2024-10-21,39.0,-93.5,270
2024-10-21,39.0,-93.0,180
2024-10-21,39.0,-92.5,90
2024-10-21,39.0,-92.0,90
2024-10-21,39.0,-90.5,90
2024-10-21,39.5,-105.0,360
2024-10-21,39.5,-101.5,180
2024-10-21,39.5,-101.0,990
2024-10-21,39.5,-100.5,1260
2024-10-21,39.5,-100.0,810
2024-10-21,39.5,-99.5,3870
2024-10-21,39.5,-99.0,1440
2024-10-21,39.5,-98.5,720
2024-10-21,39.5,-98.0,270
2024-10-21,39.5,-97.5,90
2024-10-21,39.5,-97.0,540
2024-10-21,39.5,-96.5,450
2024-10-21,39.5,-96.0,1260
2024-10-21,39.5,-95.5,1260
2024-10-21,39.5,-95.0,450
2024-10-21,39.5,-94.5,450
2024-10-21,39.5,-94.0,1350
2024-10-21,39.5,-93.5,720
2024-10-21,39.5,-93.0,270
2024-10-21,39.5,-92.5,180
2024-10-21,39.5,-91.5,90
2024-10-21,39.5,-91.0,270
2024-10-21,39.5,-90.0,90
2024-10-21,39.5,-89.5,90
2024-10-21,39.5,-85.5,90
2024-10-21,39.5,-80.5,90
2024-10-21,40.0,-108.0,90
2024-10-21,40.0,-101.0,180
2024-10-21,40.0,-100.5,1260
2024-10-21,40.0,-100.0,1890
2024-10-21,40.0,-99.5,180
2024-10-21,40.0,-99.0,2880
2024-10-21,40.0,-98.5,4320
2024-10-21,40.0,-98.0,1890
2024-10-21,40.0,-97.5,900
2024-10-21,40.0,-97.0,450
2024-10-21,40.0,-96.5,90
2024-10-21,40.0,-96.0,180
2024-10-21,40.0,-95.5,90
2024-10-21,40.0,-95.0,1080
2024-10-21,40.0,-94.5,1080
2024-10-21,40.0,-93.5,720
2024-10-21,40.0,-93.0,630
2024-10-21,40.0,-92.5,90
2024-10-21,40.0,-92.0,360
2024-10-21,40.0,-91.5,180
2024-10-21,40.0,-91.0,270
2024-10-21,40.0,-90.5,360
2024-10-21,40.0,-88.0,90
2024-10-21,40.0,-83.5,180
2024-10-21,40.0,-81.5,90
2024-10-21,40.0,-81.0,450
2024-10-21,40.0,-80.0,540
2024-10-21,40.5,-107.0,180
2024-10-21,40.5,-100.5,90
2024-10-21,40.5,-100.0,270
2024-10-21,40.5,-99.5,90
2024-10-21,40.5,-98.5,810
2024-10-21,40.5,-98.0,990
2024-10-21,40.5,-97.5,630
2024-10-21,40.5,-97.0,720
2024-10-21,40.5,-96.5,360
2024-10-21,40.5,-96.0,360
2024-10-21,40.5,-95.5,90
2024-10-21,40.5,-95.0,90
2024-10-21,40.5,-94.5,180
2024-10-21,40.5,-94.0,1350
2024-10-21,40.5,-93.5,180
2024-10-21,40.5,-93.0,360
2024-10-21,40.5,-92.5,810
2024-10-21,40.5,-92.0,1080
2024-10-21,40.5,-90.5,360
2024-10-21,40.5,-90.0,90
2024-10-21,40.5,-89.5,90
2024-10-21,40.5,-89.0,90
2024-10-21,40.5,-81.5,90
2024-10-21,40.5,-80.5,90
2024-10-21,40.5,-80.0,270
2024-10-21,40.5,-79.5,90
2024-10-21,40.5,-79.0,90
2024-10-21,40.5,-78.5,90
2024-10-21,41.0,-111.0,180
2024-10-21,41.0,-107.0,180
2024-10-21,41.0,-100.5,90
2024-10-21,41.0,-100.0,180
2024-10-21,41.0,-98.0,90
2024-10-21,41.0,-97.0,360
2024-10-21,41.0,-94.5,180
2024-10-21,41.0,-94.0,990
2024-10-21,41.0,-93.5,630
2024-10-21,41.0,-93.0,810
2024-10-21,41.0,-92.5,1260
2024-10-21,41.0,-92.0,2340
2024-10-21,41.0,-91.5,1530
2024-10-21,41.0,-91.0,2160
2024-10-21,41.0,-90.5,1800
2024-10-21,41.0,-90.0,1170
2024-10-21,41.0,-89.5,360
2024-10-21,41.0,-88.5,180
2024-10-21,41.0,-87.5,90
2024-10-21,41.0,-86.5,90
2024-10-21,41.0,-86.0,90
2024-10-21,41.0,-80.5,180
2024-10-21,41.0,-80.0,90
2024-10-21,41.0,-79.5,90
2024-10-21,41.0,-79.0,90
2024-10-21,41.0,-78.5,90
2024-10-21,41.5,-97.0,180
2024-10-21,41.5,-94.5,180
2024-10-21,41.5,-94.0,270
2024-10-21,41.5,-93.5,1080
2024-10-21,41.5,-93.0,1530
2024-10-21,41.5,-92.5,3510
2024-10-21,41.5,-92.0,2520
2024-10-21,41.5,-91.5,3060
2024-10-21,41.5,-91.0,1980
2024-10-21,41.5,-90.5,990
2024-10-21,41.5,-90.0,720
2024-10-21,41.5,-89.5,720
2024-10-21,41.5,-89.0,180
2024-10-21,41.5,-88.5,450
2024-10-21,41.5,-88.0,90
2024-10-21,41.5,-87.5,180
2024-10-21,41.5,-87.0,90
2024-10-21,41.5,-81.5,90
2024-10-21,42.0,-93.5,270
2024-10-21,42.0,-93.0,450
2024-10-21,42.0,-92.5,450
2024-10-21,42.0,-92.0,900
2024-10-21,42.0,-91.5,180
2024-10-21,42.0,-91.0,90
2024-10-21,42.0,-90.5,270
2024-10-21,42.0,-90.0,180
2024-10-21,42.0,-89.5,450
2024-10-21,42.0,-89.0,90
2024-10-21,42.0,-88.5,270
2024-10-21,42.0,-82.0,270
2024-10-21,42.0,-81.0,180
2024-10-21,42.0,-79.5,180
2024-10-21,42.5,-99.5,90
2024-10-21,42.5,-88.5,90
2024-10-21,42.5,-82.5,90
2024-10-21,42.5,-80.5,90
2024-10-21,42.5,-78.5,90
2024-10-21,43.0,-101.0,90
2024-10-21,43.0,-93.0,450
2024-10-21,43.0,-92.5,450
2024-10-21,43.0,-92.0,270
2024-10-21,43.0,-91.5,360
2024-10-21,43.0,-90.5,90
2024-10-21,43.0,-85.0,90
2024-10-21,43.0,-82.5,90
2024-10-21,43.5,-97.5,270
2024-10-21,43.5,-96.5,90
2024-10-21,43.5,-96.0,630
2024-10-21,43.5,-95.5,720
2024-10-21,43.5,-94.5,630
2024-10-21,43.5,-94.0,450
2024-10-21,43.5,-93.5,450
2024-10-21,43.5,-93.0,360
2024-10-21,43.5,-92.5,180
2024-10-21,43.5,-92.0,270
2024-10-21,43.5,-90.0,90
2024-10-21,44.0,-98.5,90
2024-10-21,44.0,-98.0,270
2024-10-21,44.0,-97.5,270
2024-10-21,44.0,-97.0,360
2024-10-21,44.0,-96.5,450
2024-10-21,44.0,-96.0,90
2024-10-21,44.0,-95.5,90
2024-10-21,44.0,-95.0,90
2024-10-21,44.0,-94.5,540
2024-10-21,44.0,-94.0,180
2024-10-21,44.0,-93.5,1080
2024-10-21,44.0,-93.0,450
2024-10-21,44.0,-92.0,180
2024-10-21,44.0,-91.5,90
2024-10-21,44.0,-91.0,90
2024-10-21,44.0,-90.5,90
2024-10-21,44.5,-96.5,90
2024-10-21,44.5,-94.5,360
2024-10-21,44.5,-93.5,180
2024-10-21,44.5,-93.0,90
2024-10-21,44.5,-73.5,90
2024-10-21,45.0,-110.0,90
2024-10-21,46.0,-125.5,90
2024-10-21,46.0,-111.5,90
2024-10-21,46.0,-79.5,90
2024-10-21,46.0,-75.5,90
2024-10-21,46.5,-79.5,90
2024-10-21,46.5,-74.5,90
2024-10-21,48.0,-113.0,90
2024-10-21,48.0,-96.5,90
2024-10-21,48.0,-86.5,180
2024-10-21,48.0,-86.0,90
2024-10-21,48.0,-85.5,90
2024-10-21,48.5,-96.0,90
2024-10-21,49.0,-117.5,90
2024-10-21,49.5,-117.0,90
2024-10-21,49.5,-93.5,180
2024-10-21,50.0,-117.5,90
2024-10-21,50.0,-80.5,90
2024-10-21,50.5,-92.0,270
2024-10-21,50.5,-83.5,90
2024-10-21,51.0,-89.5,90
2024-10-21,51.0,-79.5,180
2024-10-21,51.0,-78.5,90
2024-10-21,51.0,-78.0,90
2024-10-21,51.0,-75.0,90
2024-10-21,51.5,-87.5,90
2024-10-21,51.5,-76.5,180
2024-10-21,51.5,-76.0,90
2024-10-21,51.5,-75.5,270
2024-10-21,51.5,-75.0,90
2024-10-21,52.0,-86.5,540
2024-10-21,52.0,-85.5,180
2024-10-21,52.0,-85.0,90
2024-10-21,52.0,-79.0,90
2024-10-21,52.0,-76.0,90
2024-10-21,52.5,-86.5,180
2024-10-21,52.5,-85.0,180
2024-10-21,52.5,-84.5,270
2024-10-21,53.0,-85.0,90
2024-10-21,53.0,-83.5,630
2024-10-21,53.0,-83.0,90
2024-10-21,53.0,-82.5,90
2024-10-21,53.0,-81.5,90
2024-10-21,53.0,-78.5,90
2024-10-21,53.0,-74.0,90
2024-10-21,53.5,-82.0,180
2024-10-21,53.5,-80.5,180
2024-10-21,53.5,-80.0,270
2024-10-21,53.5,-79.5,360
2024-10-21,53.5,-79.0,90
2024-10-21,53.5,-78.5,90
2024-10-21,53.5,-78.0,540
2024-10-21,53.5,-77.5,180
2024-10-21,53.5,-76.0,90
2024-10-21,54.0,-79.5,90
2024-10-21,54.0,-79.0,90
2024-10-21,54.0,-78.5,270
2024-10-21,54.0,-78.0,90
2024-10-21,54.0,-77.5,90
2024-10-21,54.0,-76.5,90
2024-10-21,54.0,-76.0,270
2024-10-21,54.0,-75.5,90
2024-10-21,54.0,-73.5,90
2024-10-21,54.0,-72.0,90
2024-10-21,54.5,-77.0,90
2024-10-21,54.5,-76.5,180
2024-10-21,54.5,-75.5,180
2024-10-28,20.0,-103.0,90
2024-10-28,20.0,-101.5,270
2024-10-28,20.0,-101.0,90
2024-10-28,20.0,-100.5,1440
2024-10-28,20.0,-100.0,900
2024-10-28,20.0,-99.5,180
2024-10-28,20.0,-99.0,360
2024-10-28,20.0,-98.5,180
2024-10-28,20.0,-95.5,90
2024-10-28,20.0,-95.0,90
2024-10-28,20.0,-94.5,450
2024-10-28,20.0,-91.0,180
2024-10-28,20.0,-90.5,90
2024-10-28,20.0,-90.0,90
2024-10-28,20.0,-89.5,180
2024-10-28,20.0,-88.0,180
2024-10-28,20.0,-87.5,90
2024-10-28,20.0,-87.0,360
2024-10-28,20.0,-86.0,270
2024-10-28,20.0,-85.5,450
2024-10-28,20.0,-84.5,90
2024-10-28,20.0,-83.5,90
2024-10-28,20.0,-82.5,360
2024-10-28,20.0,-78.5,1170
2024-10-28,20.0,-78.0,990
2024-10-28,20.0,-77.5,90
2024-10-28,20.0,-77.0,90
2024-10-28,20.0,-76.0,360
2024-10-28,20.0,-75.0,270
2024-10-28,20.0,-74.5,1260
2024-10-28,20.0,-74.0,540
2024-10-28,20.0,-73.5,2970
2024-10-28,20.0,-73.0,270
2024-10-28,20.0,-72.5,810
2024-10-28,20.0,-72.0,360
2024-10-28,20.0,-71.5,630
2024-10-28,20.0,-71.0,360
2024-10-28,20.0,-70.5,90
2024-10-28,20.0,-70.0,180
2024-10-28,20.0,-69.5,360
2024-10-28,20.0,-69.0,180
2024-10-28,20.0,-68.5,540
2024-10-28,20.0,-68.0,450
2024-10-28,20.0,-67.5,630
2024-10-28,20.0,-66.0,90
2024-10-28,20.5,-101.0,450
2024-10-28,20.5,-100.5,360
2024-10-28,20.5,-100.0,450
2024-10-28,20.5,-92.5,90
2024-10-28,20.5,-91.0,90
2024-10-28,20.5,-90.0,630
2024-10-28,20.5,-89.5,1080
2024-10-28,20.5,-89.0,270
2024-10-28,20.5,-88.5,180
2024-10-28,20.5,-87.0,180
2024-10-28,20.5,-86.0,360
2024-10-28,20.5,-85.0,90
2024-10-28,20.5,-79.0,90
2024-10-28,20.5,-78.5,360
2024-10-28,20.5,-78.0,90
2024-10-28,20.5,-76.0,180
2024-10-28,20.5,-75.0,360
2024-10-28,20.5,-74.0,90
2024-10-28,20.5,-73.5,1260
2024-10-28,20.5,-72.5,90
2024-10-28,20.5,-72.0,180
2024-10-28,20.5,-71.5,180
2024-10-28,20.5,-71.0,180
2024-10-28,20.5,-70.5,90
2024-10-28,20.5,-70.0,90
2024-10-28,20.5,-69.5,90
2024-10-28,20.5,-68.5,540
2024-10-28,20.5,-68.0,90
2024-10-28,20.5,-67.5,270
2024-10-28,20.5,-67.0,180
2024-10-28,20.5,-66.5,540
2024-10-28,20.5,-66.0,270
2024-10-28,21.0,-101.0,180
2024-10-28,21.0,-92.5,90
2024-10-28,21.0,-89.5,270
2024-10-28,21.0,-88.0,90
2024-10-28,21.0,-78.0,720
2024-10-28,21.0,-77.5,90
2024-10-28,21.0,-77.0,90
2024-10-28,21.0,-72.5,90
2024-10-28,21.0,-72.0,90
2024-10-28,21.0,-70.0,180
2024-10-28,21.0,-69.5,270
2024-10-28,21.0,-69.0,180
2024-10-28,21.0,-68.5,180
2024-10-28,21.0,-68.0,180
2024-10-28,21.0,-67.5,360
2024-10-28,21.0,-67.0,90
2024-10-28,21.5,-101.5,180
2024-10-28,21.5,-101.0,540
2024-10-28,21.5,-95.5,90
2024-10-28,21.5,-94.0,90
2024-10-28,21.5,-93.5,90
2024-10-28,21.5,-78.0,90
2024-10-28,21.5,-77.5,180
2024-10-28,21.5,-74.5,270
2024-10-28,21.5,-73.0,90
2024-10-28,21.5,-72.5,180
2024-10-28,21.5,-71.5,360
2024-10-28,21.5,-71.0,270
2024-10-28,21.5,-70.5,180
2024-10-28,21.5,-69.0,180
2024-10-28,21.5,-68.5,180
2024-10-28,21.5,-68.0,270
2024-10-28,21.5,-67.0,180
2024-10-28,21.5,-66.5,90
2024-10-28,21.5,-66.0,90
2024-10-28,21.5,-65.5,90
2024-10-28,22.0,-101.5,90
2024-10-28,22.0,-101.0,180
2024-10-28,22.0,-94.0,90
2024-10-28,22.0,-93.5,180
2024-10-28,22.0,-93.0,180
2024-10-28,22.0,-89.5,720
2024-10-28,22.0,-86.5,90
2024-10-28,22.0,-74.5,90
2024-10-28,22.0,-73.5,540
2024-10-28,22.0,-72.5,360
2024-10-28,22.0,-71.5,360
2024-10-28,22.0,-70.5,180
2024-10-28,22.0,-70.0,90
2024-10-28,22.0,-69.0,90
2024-10-28,22.0,-68.5,180
2024-10-28,22.0,-67.0,90
2024-10-28,22.0,-66.5,90
2024-10-28,22.5,-105.5,90
2024-10-28,22.5,-96.5,90
2024-10-28,22.5,-95.0,90
2024-10-28,22.5,-94.0,90
2024-10-28,22.5,-90.5,90
2024-10-28,22.5,-90.0,90
2024-10-28,22.5,-89.5,90
2024-10-28,22.5,-77.5,90
2024-10-28,22.5,-72.0,90
2024-10-28,22.5,-70.5,90
2024-10-28,22.5,-70.0,90
2024-10-28,22.5,-69.0,180
2024-10-28,22.5,-68.5,360
2024-10-28,22.5,-67.0,180
2024-10-28,22.5,-66.5,360
2024-10-28,23.0,-100.0,90
2024-10-28,23.0,-97.5,90
2024-10-28,23.0,-95.0,270
2024-10-28,23.0,-94.0,180
2024-10-28,23.0,-93.5,1170
2024-10-28,23.0,-93.0,180
2024-10-28,23.0,-92.5,90
2024-10-28,23.0,-92.0,90
2024-10-28,23.0,-88.5,90
2024-10-28,23.0,-87.0,180
2024-10-28,23.0,-86.5,90
2024-10-28,23.0,-84.0,90
2024-10-28,23.0,-75.5,90
2024-10-28,23.0,-74.0,720
2024-10-28,23.0,-73.5,180
2024-10-28,23.0,-72.5,360
2024-10-28,23.0,-71.5,90
2024-10-28,23.0,-71.0,270
2024-10-28,23.0,-70.5,90
2024-10-28,23.0,-69.5,90
2024-10-28,23.0,-69.0,180
2024-10-28,23.0,-68.5,90
2024-10-28,23.0,-67.5,90
2024-10-28,23.0,-67.0,180
2024-10-28,23.5,-97.0,90
2024-10-28,23.5,-96.5,90
2024-10-28,23.5,-96.0,180
2024-10-28,23.5,-95.0,90
2024-10-28,23.5,-94.5,90
2024-10-28,23.5,-93.5,6930
2024-10-28,23.5,-93.0,540
2024-10-28,23.5,-92.5,360
2024-10-28,23.5,-91.5,90
2024-10-28,23.5,-90.0,90
2024-10-28,23.5,-89.0,630
2024-10-28,23.5,-88.5,3240
2024-10-28,23.5,-88.0,1350
2024-10-28,23.5,-87.5,180
2024-10-28,23.5,-76.0,90
2024-10-28,23.5,-75.5,450
2024-10-28,23.5,-75.0,180
2024-10-28,23.5,-74.0,450
2024-10-28,23.5,-73.5,270
2024-10-28,23.5,-72.5,90
2024-10-28,23.5,-72.0,180
2024-10-28,23.5,-71.5,180
2024-10-28,23.5,-70.0,90
2024-10-28,23.5,-68.5,90
2024-10-28,23.5,-66.0,180
2024-10-28,23.5,-65.5,180
2024-10-28,24.0,-97.5,90
2024-10-28,24.0,-97.0,90
2024-10-28,24.0,-95.5,90
2024-10-28,24.0,-95.0,90
2024-10-28,24.0,-94.0,540
2024-10-28,24.0,-93.5,180
2024-10-28,24.0,-92.5,270
2024-10-28,24.0,-91.0,90
2024-10-28,24.0,-89.5,630
2024-10-28,24.0,-89.0,1530
2024-10-28,24.0,-88.5,360
2024-10-28,24.0,-74.0,270
2024-10-28,24.0,-73.0,180
2024-10-28,24.0,-72.5,90
2024-10-28,24.0,-71.5,90
2024-10-28,24.0,-71.0,450
2024-10-28,24.0,-70.5,180
2024-10-28,24.0,-68.5,90
2024-10-28,24.0,-66.5,90
2024-10-28,24.5,-97.5,540
2024-10-28,24.5,-94.5,630
2024-10-28,24.5,-94.0,180
2024-10-28,24.5,-93.5,270
2024-10-28,24.5,-93.0,180
2024-10-28,24.5,-92.5,90
2024-10-28,24.5,-91.0,180
2024-10-28,24.5,-90.5,90
2024-10-28,24.5,-90.0,90
2024-10-28,24.5,-73.5,270
2024-10-28,24.5,-70.0,90
2024-10-28,24.5,-68.0,90
2024-10-28,24.5,-66.5,90
2024-10-28,25.0,-97.5,90
2024-10-28,25.0,-95.0,270
2024-10-28,25.0,-94.0,270
2024-10-28,25.0,-91.0,270
2024-10-28,25.0,-90.5,180
2024-10-28,25.5,-95.0,90
2024-10-28,25.5,-91.5,450
2024-10-28,25.5,-91.0,360
2024-10-28,25.5,-71.5,180
2024-10-28,25.5,-70.0,90
2024-10-28,26.0,-94.0,90
2024-10-28,26.0,-92.5,540
2024-10-28,26.0,-92.0,450
2024-10-28,26.0,-91.5,360
2024-10-28,26.5,-98.5,900
2024-10-28,26.5,-98.0,90
2024-10-28,26.5,-94.0,450
2024-10-28,26.5,-93.5,90
2024-10-28,26.5,-93.0,1800
2024-10-28,26.5,-92.5,2250
2024-10-28,26.5,-92.0,1620
2024-10-28,26.5,-91.5,90
2024-10-28,27.0,-98.5,360
2024-10-28,27.0,-98.0,1170
2024-10-28,27.0,-95.0,90
2024-10-28,27.0,-94.5,90
2024-10-28,27.0,-94.0,360
2024-10-28,27.0,-93.5,90
2024-10-28,27.0,-93.0,900
2024-10-28,27.0,-92.5,180
2024-10-28,27.0,-92.0,270
2024-10-28,27.0,-74.5,90
2024-10-28,27.5,-98.0,90
2024-10-28,27.5,-96.0,90
2024-10-28,27.5,-95.5,270
2024-10-28,27.5,-95.0,90
2024-10-28,27.5,-94.0,180
2024-10-28,27.5,-93.5,450
2024-10-28,27.5,-93.0,630
2024-10-28,27.5,-92.5,90
2024-10-28,27.5,-92.0,630
2024-10-28,28.0,-98.0,90
2024-10-28,28.0,-97.5,360
2024-10-28,28.0,-96.0,270
2024-10-28,28.0,-95.5,1350
2024-10-28,28.0,-95.0,90
2024-10-28,28.0,-94.5,90
2024-10-28,28.0,-94.0,720
2024-10-28,28.0,-93.5,2520
2024-10-28,28.0,-93.0,180
2024-10-28,28.0,-92.5,450
2024-10-28,28.0,-92.0,180
2024-10-28,28.5,-97.5,1080
2024-10-28,28.5,-97.0,1350
2024-10-28,28.5,-96.5,720
2024-10-28,28.5,-96.0,90
2024-10-28,28.5,-95.5,180
2024-10-28,28.5,-95.0,1530
2024-10-28,28.5,-94.5,540
2024-10-28,28.5,-93.5,180
2024-10-28,28.5,-92.5,270
2024-10-28,28.5,-92.0,90
2024-10-28,29.0,-97.5,90
2024-10-28,29.0,-97.0,90
2024-10-28,29.0,-96.5,180
2024-10-28,29.0,-96.0,2520
2024-10-28,29.0,-95.5,3780
2024-10-28,29.0,-95.0,720
2024-10-28,29.0,-94.5,180
2024-10-28,29.0,-94.0,180
2024-10-28,29.0,-93.5,180
2024-10-28,29.0,-93.0,90
2024-10-28,29.0,-92.5,450
2024-10-28,29.0,-92.0,90
2024-10-28,29.0,-81.0,90
2024-10-28,29.5,-96.5,810
2024-10-28,29.5,-96.0,1800
2024-10-28,29.5,-95.5,990
2024-10-28,29.5,-95.0,900
2024-10-28,29.5,-94.5,540
2024-10-28,29.5,-94.0,450
2024-10-28,29.5,-93.5,90
2024-10-28,29.5,-93.0,90
2024-10-28,29.5,-92.5,810
2024-10-28,30.0,-96.0,180
2024-10-28,30.0,-95.5,630
2024-10-28,30.0,-95.0,180
2024-10-28,30.0,-94.5,2250
2024-10-28,30.0,-94.0,630
2024-10-28,30.0,-93.5,270
2024-10-28,30.0,-93.0,1350
2024-10-28,30.0,-92.5,450
2024-10-28,30.0,-91.5,90
2024-10-28,30.5,-95.5,270
2024-10-28,30.5,-95.0,720
2024-10-28,30.5,-94.5,720
2024-10-28,30.5,-94.0,360
2024-10-28,30.5,-93.5,720
2024-10-28,30.5,-93.0,1710
2024-10-28,30.5,-92.5,1890
2024-10-28,30.5,-92.0,90
2024-10-28,30.5,-90.5,270
2024-10-28,30.5,-90.0,90
2024-10-28,30.5,-88.0,90
2024-10-28,31.0,-97.5,180
2024-10-28,31.0,-95.0,990
2024-10-28,31.0,-94.5,360
2024-10-28,31.0,-94.0,540
2024-10-28,31.0,-93.5,360
2024-10-28,31.0,-93.0,360
2024-10-28,31.0,-92.5,1710
2024-10-28,31.0,-92.0,180
2024-10-28,31.0,-91.0,180
2024-10-28,31.0,-90.0,180
2024-10-28,31.0,-79.5,90
2024-10-28,31.0,-79.0,270
2024-10-28,31.5,-99.0,180
2024-10-28,31.5,-98.5,270
2024-10-28,31.5,-98.0,90
2024-10-28,31.5,-97.5,180
2024-10-28,31.5,-97.0,90
2024-10-28,31.5,-96.5,180
2024-10-28,31.5,-96.0,90
2024-10-28,31.5,-95.5,540
2024-10-28,31.5,-95.0,810
2024-10-28,31.5,-94.5,1170
2024-10-28,31.5,-94.0,540
2024-10-28,31.5,-93.5,360
2024-10-28,31.5,-93.0,450
2024-10-28,31.5,-92.5,180
2024-10-28,31.5,-92.0,180
2024-10-28,31.5,-91.5,90
2024-10-28,31.5,-91.0,90
2024-10-28,31.5,-89.5,180
2024-10-28,32.0,-100.0,630
2024-10-28,32.0,-99.5,810
2024-10-28,32.0,-99.0,630
2024-10-28,32.0,-98.5,270
2024-10-28,32.0,-97.5,180
2024-10-28,32.0,-97.0,90
2024-10-28,32.0,-96.0,1710
2024-10-28,32.0,-95.5,1080
2024-10-28,32.0,-94.5,630
2024-10-28,32.0,-94.0,1170
2024-10-28,32.0,-93.5,720
2024-10-28,32.0,-93.0,630
2024-10-28,32.0,-92.5,360
2024-10-28,32.0,-92.0,630
2024-10-28,32.0,-91.0,180
2024-10-28,32.0,-89.5,90
2024-10-28,32.0,-89.0,90
2024-10-28,32.0,-77.5,180
2024-10-28,32.0,-77.0,90
2024-10-28,32.5,-100.0,270
2024-10-28,32.5,-99.5,810
2024-10-28,32.5,-99.0,630
2024-10-28,32.5,-98.5,90
2024-10-28,32.5,-97.5,90
2024-10-28,32.5,-97.0,180
2024-10-28,32.5,-96.5,630
2024-10-28,32.5,-96.0,450
2024-10-28,32.5,-95.5,180
2024-10-28,32.5,-95.0,90
2024-10-28,32.5,-94.0,990
2024-10-28,32.5,-93.5,540
2024-10-28,32.5,-93.0,270
2024-10-28,32.5,-92.5,90
2024-10-28,32.5,-92.0,270
2024-10-28,32.5,-91.5,360
2024-10-28,32.5,-89.5,90
2024-10-28,32.5,-89.0,90
2024-10-28,32.5,-77.5,180
2024-10-28,33.0,-99.5,180
2024-10-28,33.0,-99.0,720
2024-10-28,33.0,-98.5,810
2024-10-28,33.0,-98.0,630
2024-10-28,33.0,-97.5,270
2024-10-28,33.0,-97.0,180
2024-10-28,33.0,-96.5,450
2024-10-28,33.0,-96.0,270
2024-10-28,33.0,-95.5,90
2024-10-28,33.0,-95.0,540
2024-10-28,33.0,-94.5,180
2024-10-28,33.0,-94.0,270
2024-10-28,33.0,-93.5,540
2024-10-28,33.0,-93.0,90
2024-10-28,33.0,-92.5,540
2024-10-28,33.0,-92.0,90
2024-10-28,33.0,-91.5,270
2024-10-28,33.0,-90.0,90
2024-10-28,33.5,-98.5,540
2024-10-28,33.5,-98.0,540
2024-10-28,33.5,-97.5,90
2024-10-28,33.5,-97.0,450
2024-10-28,33.5,-96.5,900
2024-10-28,33.5,-96.0,720
2024-10-28,33.5,-95.5,270
2024-10-28,33.5,-95.0,180
2024-10-28,33.5,-94.0,180
2024-10-28,33.5,-93.5,180
2024-10-28,33.5,-93.0,90
2024-10-28,33.5,-92.5,90
2024-10-28,33.5,-92.0,720
2024-10-28,33.5,-91.5,270
2024-10-28,33.5,-91.0,270
2024-10-28,33.5,-90.5,90
2024-10-28,33.5,-77.0,90
2024-10-28,34.0,-106.5,90
2024-10-28,34.0,-99.0,1710
2024-10-28,34.0,-98.5,540
2024-10-28,34.0,-98.0,990
2024-10-28,34.0,-97.5,360
2024-10-28,34.0,-97.0,630
2024-10-28,34.0,-96.5,1530
2024-10-28,34.0,-96.0,810
2024-10-28,34.0,-95.5,450
2024-10-28,34.0,-95.0,270
2024-10-28,34.0,-94.5,180
2024-10-28,34.0,-94.0,90
2024-10-28,34.0,-93.5,270
2024-10-28,34.0,-93.0,540
2024-10-28,34.0,-92.5,270
2024-10-28,34.0,-92.0,180
2024-10-28,34.0,-91.5,180
2024-10-28,34.0,-91.0,180
2024-10-28,34.0,-90.5,180
2024-10-28,34.5,-100.0,360
2024-10-28,34.5,-99.5,90
2024-10-28,34.5,-99.0,1800
2024-10-28,34.5,-98.5,2430
2024-10-28,34.5,-98.0,90
2024-10-28,34.5,-97.5,270
2024-10-28,34.5,-97.0,1170
2024-10-28,34.5,-96.5,1620
2024-10-28,34.5,-96.0,1260
2024-10-28,34.5,-95.5,630
2024-10-28,34.5,-95.0,1080
2024-10-28,34.5,-94.5,360
2024-10-28,34.5,-94.0,1260
2024-10-28,34.5,-93.5,270
2024-10-28,34.5,-93.0,360
2024-10-28,34.5,-92.5,180
2024-10-28,34.5,-92.0,360
2024-10-28,34.5,-90.5,180
2024-10-28,35.0,-100.0,450
2024-10-28,35.0,-99.5,630
2024-10-28,35.0,-99.0,2970
2024-10-28,35.0,-98.5,1980
2024-10-28,35.0,-98.0,630
2024-10-28,35.0,-97.5,630
2024-10-28,35.0,-97.0,1170
2024-10-28,35.0,-96.5,2160
2024-10-28,35.0,-96.0,1080
2024-10-28,35.0,-95.5,810
2024-10-28,35.0,-95.0,180
2024-10-28,35.0,-94.5,90
2024-10-28,35.0,-94.0,720
2024-10-28,35.0,-93.5,720
2024-10-28,35.0,-93.0,270
2024-10-28,35.0,-92.5,450
2024-10-28,35.0,-92.0,90
2024-10-28,35.0,-91.0,90
2024-10-28,35.0,-90.5,90
2024-10-28,35.5,-110.5,90
2024-10-28,35.5,-100.0,90
2024-10-28,35.5,-99.5,990
2024-10-28,35.5,-99.0,900
2024-10-28,35.5,-98.5,3420
2024-10-28,35.5,-98.0,2340
2024-10-28,35.5,-97.5,450
2024-10-28,35.5,-97.0,630
2024-10-28,35.5,-96.5,2070
2024-10-28,35.5,-96.0,1440
2024-10-28,35.5,-95.5,1620
2024-10-28,35.5,-95.0,2790
2024-10-28,35.5,-94.5,540
2024-10-28,35.5,-94.0,450
2024-10-28,35.5,-93.5,540
2024-10-28,35.5,-93.0,360
2024-10-28,35.5,-92.0,990
2024-10-28,35.5,-91.5,90
2024-10-28,35.5,-91.0,360
2024-10-28,35.5,-90.5,360
2024-10-28,36.0,-111.0,90
2024-10-28,36.0,-109.5,90
2024-10-28,36.0,-99.5,450
2024-10-28,36.0,-99.0,900
2024-10-28,36.0,-98.5,1530
2024-10-28,36.0,-98.0,2340
2024-10-28,36.0,-97.5,1710
2024-10-28,36.0,-97.0,630
2024-10-28,36.0,-96.5,2430
2024-10-28,36.0,-96.0,1800
2024-10-28,36.0,-95.5,810
2024-10-28,36.0,-95.0,720
2024-10-28,36.0,-94.5,360
2024-10-28,36.0,-94.0,3420
2024-10-28,36.0,-93.5,1620
2024-10-28,36.0,-93.0,360
2024-10-28,36.0,-92.5,360
2024-10-28,36.0,-92.0,270
2024-10-28,36.0,-91.5,540
2024-10-28,36.0,-91.0,270
2024-10-28,36.0,-90.5,630
2024-10-28,36.0,-90.0,450
2024-10-28,36.5,-110.5,90
2024-10-28,36.5,-100.0,360
2024-10-28,36.5,-99.5,90
2024-10-28,36.5,-99.0,180
2024-10-28,36.5,-98.5,90
2024-10-28,36.5,-98.0,900
2024-10-28,36.5,-97.5,1170
2024-10-28,36.5,-97.0,1260
2024-10-28,36.5,-96.5,900
2024-10-28,36.5,-96.0,2970
2024-10-28,36.5,-95.5,2430
2024-10-28,36.5,-95.0,900
2024-10-28,36.5,-94.5,990
2024-10-28,36.5,-94.0,450
2024-10-28,36.5,-93.5,270
2024-10-28,36.5,-93.0,360
2024-10-28,36.5,-92.5,180
2024-10-28,36.5,-92.0,90
2024-10-28,36.5,-91.5,180
2024-10-28,36.5,-90.5,270
2024-10-28,37.0,-110.0,90
2024-10-28,37.0,-109.0,90
2024-10-28,37.0,-100.0,90
2024-10-28,37.0,-99.5,360
2024-10-28,37.0,-99.0,540
2024-10-28,37.0,-98.5,180
2024-10-28,37.0,-98.0,90
2024-10-28,37.0,-97.5,360
2024-10-28,37.0,-97.0,630
2024-10-28,37.0,-96.5,810
2024-10-28,37.0,-96.0,990
2024-10-28,37.0,-95.5,2250
2024-10-28,37.0,-95.0,1530
2024-10-28,37.0,-94.5,810
2024-10-28,37.0,-94.0,1440
2024-10-28,37.0,-93.5,1530
2024-10-28,37.0,-93.0,360
2024-10-28,37.0,-92.5,90
2024-10-28,37.0,-92.0,180
2024-10-28,37.0,-89.5,180
2024-10-28,37.5,-110.5,90
2024-10-28,37.5,-109.0,90
2024-10-28,37.5,-99.5,540
2024-10-28,37.5,-99.0,540
2024-10-28,37.5,-98.5,1170
2024-10-28,37.5,-98.0,180
2024-10-28,37.5,-97.5,540
2024-10-28,37.5,-97.0,540
2024-10-28,37.5,-96.5,720
2024-10-28,37.5,-96.0,810
2024-10-28,37.5,-95.5,540
2024-10-28,37.5,-95.0,1260
2024-10-28,37.5,-94.5,810
2024-10-28,37.5,-94.0,270
2024-10-28,37.5,-93.5,270
2024-10-28,37.5,-93.0,90
2024-10-28,37.5,-92.5,540
2024-10-28,37.5,-92.0,270
2024-10-28,37.5,-91.5,450
2024-10-28,37.5,-91.0,90
2024-10-28,37.5,-90.0,90
2024-10-28,37.5,-89.0,270
2024-10-28,38.0,-110.5,180
2024-10-28,38.0,-101.0,180
2024-10-28,38.0,-99.5,360
2024-10-28,38.0,-99.0,810
2024-10-28,38.0,-98.5,450
2024-10-28,38.0,-98.0,720
2024-10-28,38.0,-97.5,1620
2024-10-28,38.0,-97.0,720
2024-10-28,38.0,-96.5,630
2024-10-28,38.0,-96.0,270
2024-10-28,38.0,-95.5,270
2024-10-28,38.0,-95.0,270
2024-10-28,38.0,-94.5,90
2024-10-28,38.0,-94.0,360
2024-10-28,38.0,-93.5,360
2024-10-28,38.0,-93.0,720
2024-10-28,38.0,-92.5,90
2024-10-28,38.0,-91.0,90
2024-10-28,38.0,-90.0,90
2024-10-28,38.0,-89.0,90
2024-10-28,38.5,-101.0,270
2024-10-28,38.5,-100.5,360
2024-10-28,38.5,-100.0,90
2024-10-28,38.5,-99.5,360
2024-10-28,38.5,-99.0,540
2024-10-28,38.5,-98.5,1260
2024-10-28,38.5,-98.0,900
2024-10-28,38.5,-97.5,720
2024-10-28,38.5,-97.0,1530
2024-10-28,38.5,-96.5,630
2024-10-28,38.5,-96.0,630
2024-10-28,38.5,-95.5,630
2024-10-28,38.5,-95.0,270
2024-10-28,38.5,-94.5,1170
2024-10-28,38.5,-94.0,360
2024-10-28,38.5,-93.5,540
2024-10-28,38.5,-93.0,540
2024-10-28,38.5,-92.5,360
2024-10-28,38.5,-92.0,360
2024-10-28,38.5,-87.5,180
2024-10-28,39.0,-110.0,90
2024-10-28,39.0,-100.5,540
2024-10-28,39.0,-100.0,630
2024-10-28,39.0,-99.5,90
2024-10-28,39.0,-98.5,450
2024-10-28,39.0,-98.0,450
2024-10-28,39.0,-97.5,990
2024-10-28,39.0,-97.0,1080
2024-10-28,39.0,-96.5,720
2024-10-28,39.0,-96.0,630
2024-10-28,39.0,-95.5,1260
2024-10-28,39.0,-94.5,450
2024-10-28,39.0,-94.0,180
2024-10-28,39.0,-93.5,810
2024-10-28,39.0,-93.0,720
2024-10-28,39.0,-92.5,450
2024-10-28,39.0,-92.0,270
2024-10-28,39.0,-91.5,90
2024-10-28,39.0,-86.5,90
2024-10-28,39.5,-100.0,360
2024-10-28,39.5,-99.5,450
2024-10-28,39.5,-99.0,900
2024-10-28,39.5,-98.5,270
2024-10-28,39.5,-98.0,180
2024-10-28,39.5,-97.5,450
2024-10-28,39.5,-97.0,1080
2024-10-28,39.5,-96.5,720
2024-10-28,39.5,-96.0,540
2024-10-28,39.5,-95.5,630
2024-10-28,39.5,-95.0,540
2024-10-28,39.5,-94.5,450
2024-10-28,39.5,-94.0,90
2024-10-28,39.5,-93.5,270
2024-10-28,39.5,-93.0,270
2024-10-28,39.5,-92.5,270
2024-10-28,39.5,-92.0,360
2024-10-28,39.5,-91.5,270
2024-10-28,40.0,-109.0,90
2024-10-28,40.0,-99.5,90
2024-10-28,40.0,-99.0,180
2024-10-28,40.0,-98.5,1080
2024-10-28,40.0,-98.0,180
2024-10-28,40.0,-97.5,90
2024-10-28,40.0,-97.0,450
2024-10-28,40.0,-96.5,180
2024-10-28,40.0,-96.0,540
2024-10-28,40.0,-95.5,360
2024-10-28,40.0,-95.0,450
2024-10-28,40.0,-94.5,360
2024-10-28,40.0,-94.0,90
2024-10-28,40.0,-93.5,270
2024-10-28,40.0,-93.0,270
2024-10-28,40.0,-92.5,990
2024-10-28,40.0,-92.0,90
2024-10-28,40.0,-91.5,360
2024-10-28,40.0,-91.0,270
2024-10-28,40.5,-110.5,360
2024-10-28,40.5,-108.5,90
2024-10-28,40.5,-98.5,720
2024-10-28,40.5,-98.0,90
2024-10-28,40.5,-97.5,450
2024-10-28,40.5,-97.0,180
2024-10-28,40.5,-96.5,540
2024-10-28,40.5,-96.0,180
2024-10-28,40.5,-95.5,360
2024-10-28,40.5,-95.0,990
2024-10-28,40.5,-94.5,270
2024-10-28,40.5,-94.0,630
2024-10-28,40.5,-92.5,90
2024-10-28,41.0,-98.0,90
2024-10-28,41.0,-97.0,270
2024-10-28,41.0,-96.5,270
2024-10-28,41.0,-96.0,360
2024-10-28,41.0,-94.5,360
2024-10-28,41.0,-94.0,540
2024-10-28,41.0,-93.5,270
2024-10-28,41.0,-93.0,360
2024-10-28,41.0,-92.5,270
2024-10-28,41.0,-92.0,360
2024-10-28,41.0,-91.5,90
2024-10-28,41.0,-91.0,90
2024-10-28,41.5,-96.0,360
2024-10-28,41.5,-95.5,90
2024-10-28,41.5,-95.0,450
2024-10-28,41.5,-94.5,270
2024-10-28,41.5,-94.0,180
2024-10-28,41.5,-93.5,450
2024-10-28,41.5,-93.0,180
2024-10-28,41.5,-92.5,630
2024-10-28,41.5,-92.0,90
2024-10-28,42.0,-110.0,90
2024-10-28,42.0,-109.5,90
2024-10-28,42.0,-97.5,180
2024-10-28,42.0,-95.5,630
2024-10-28,42.0,-94.5,180
2024-10-28,42.0,-93.5,180
2024-10-28,42.0,-93.0,270
2024-10-28,42.0,-92.5,360
2024-10-28,42.0,-92.0,90
2024-10-28,42.0,-91.5,180
2024-10-28,42.0,-91.0,360
2024-10-28,42.0,-90.5,90
2024-10-28,42.0,-85.5,90
2024-10-28,42.5,-126.0,90
2024-10-28,42.5,-100.0,270
2024-10-28,42.5,-94.5,180
2024-10-28,42.5,-94.0,90
2024-10-28,42.5,-92.0,90
2024-10-28,42.5,-91.5,90
2024-10-28,42.5,-91.0,90
2024-10-28,42.5,-90.5,90
2024-10-28,42.5,-90.0,90
2024-10-28,42.5,-89.5,90
2024-10-28,42.5,-87.0,90
2024-10-28,42.5,-81.5,90
2024-10-28,43.0,-107.5,90
2024-10-28,43.0,-100.0,90
2024-10-28,43.0,-99.5,90
2024-10-28,43.0,-93.0,270
2024-10-28,43.0,-92.0,90
2024-10-28,43.0,-91.0,90
2024-10-28,43.0,-90.5,90
2024-10-28,43.0,-89.5,90
2024-10-28,43.0,-86.5,90
2024-10-28,43.0,-86.0,180
2024-10-28,43.0,-82.5,90
2024-10-28,43.0,-82.0,180
2024-10-28,43.5,-94.0,90
2024-10-28,43.5,-93.0,90
2024-10-28,43.5,-92.5,90
2024-10-28,43.5,-92.0,180
2024-10-28,43.5,-91.5,90
2024-10-28,43.5,-90.5,180
2024-10-28,43.5,-85.5,270
2024-10-28,43.5,-84.5,270
2024-10-28,43.5,-84.0,360
2024-10-28,43.5,-83.5,90
2024-10-28,43.5,-83.0,180
2024-10-28,43.5,-82.5,90
2024-10-28,44.0,-99.5,90
2024-10-28,44.0,-98.5,90
2024-10-28,44.0,-91.5,270
2024-10-28,44.0,-91.0,270
2024-10-28,44.0,-90.5,90
2024-10-28,44.0,-87.5,90
2024-10-28,44.0,-87.0,270
2024-10-28,44.0,-86.5,90
2024-10-28,44.0,-86.0,90
2024-10-28,44.0,-85.0,90
2024-10-28,44.0,-84.5,90
2024-10-28,44.5,-99.5,90
2024-10-28,44.5,-98.0,90
2024-10-28,44.5,-97.5,90
2024-10-28,44.5,-89.5,180
2024-10-28,44.5,-88.0,180
2024-10-28,44.5,-86.5,180
2024-10-28,44.5,-86.0,90
2024-10-28,44.5,-85.5,180
2024-10-28,44.5,-85.0,180
2024-10-28,44.5,-84.5,270
2024-10-28,44.5,-82.5,90
2024-10-28,44.5,-76.5,90
2024-10-28,44.5,-75.5,90
2024-10-28,44.5,-75.0,90
2024-10-28,45.0,-97.5,90
2024-10-28,45.0,-95.0,90
2024-10-28,45.0,-88.5,90
2024-10-28,45.0,-88.0,90
2024-10-28,45.0,-87.0,180
2024-10-28,45.0,-86.5,180
2024-10-28,45.0,-77.0,90
2024-10-28,45.5,-97.0,90
2024-10-28,45.5,-96.0,90
2024-10-28,45.5,-95.5,90
2024-10-28,45.5,-95.0,180
2024-10-28,45.5,-94.5,180
2024-10-28,45.5,-92.0,90
2024-10-28,45.5,-91.0,90
2024-10-28,45.5,-86.5,180
2024-10-28,45.5,-85.5,360
2024-10-28,45.5,-78.0,90
2024-10-28,45.5,-77.5,90
2024-10-28,45.5,-76.5,90
2024-10-28,46.0,-96.0,90
2024-10-28,46.0,-95.5,360
2024-10-28,46.0,-94.5,90
2024-10-28,46.0,-94.0,270
2024-10-28,46.0,-92.5,270
2024-10-28,46.0,-92.0,180
2024-10-28,46.0,-91.0,180
2024-10-28,46.0,-87.0,90
2024-10-28,46.0,-86.5,90
2024-10-28,46.0,-86.0,90
2024-10-28,46.0,-85.0,360
2024-10-28,46.0,-84.5,90
2024-10-28,46.0,-84.0,180
2024-10-28,46.0,-78.5,90
2024-10-28,46.0,-78.0,90
2024-10-28,46.0,-77.5,90
2024-10-28,46.0,-76.5,90
2024-10-28,46.5,-96.0,90
2024-10-28,46.5,-94.5,180
2024-10-28,46.5,-94.0,90
2024-10-28,46.5,-93.5,90
2024-10-28,46.5,-93.0,270
2024-10-28,46.5,-92.5,180
2024-10-28,46.5,-91.5,990
2024-10-28,46.5,-91.0,540
2024-10-28,46.5,-90.5,90
2024-10-28,46.5,-89.5,90
2024-10-28,46.5,-88.5,180
2024-10-28,46.5,-85.5,90
2024-10-28,46.5,-84.5,180
2024-10-28,46.5,-83.5,180
2024-10-28,46.5,-78.0,90
2024-10-28,47.0,-93.5,180
2024-10-28,47.0,-93.0,90
2024-10-28,47.0,-92.5,90
2024-10-28,47.0,-92.0,90
2024-10-28,47.0,-91.5,540
2024-10-28,47.0,-91.0,630
2024-10-28,47.0,-90.0,360
2024-10-28,47.0,-89.5,360
2024-10-28,47.0,-89.0,270
2024-10-28,47.0,-88.0,90
2024-10-28,47.0,-84.5,180
2024-10-28,47.0,-84.0,90
2024-10-28,47.0,-81.5,90
2024-10-28,47.0,-80.5,90
2024-10-28,47.5,-92.0,90
2024-10-28,47.5,-91.0,900
2024-10-28,47.5,-90.0,900
2024-10-28,47.5,-89.5,90
2024-10-28,47.5,-89.0,90
2024-10-28,47.5,-88.5,270
2024-10-28,47.5,-88.0,270
2024-10-28,47.5,-87.5,180
2024-10-28,47.5,-87.0,180
2024-10-28,47.5,-86.5,180
2024-10-28,47.5,-85.0,360
2024-10-28,47.5,-84.5,180
2024-10-28,47.5,-84.0,180
2024-10-28,47.5,-82.5,180
2024-10-28,47.5,-81.0,90
2024-10-28,48.0,-95.5,90
2024-10-28,48.0,-90.0,90
2024-10-28,48.0,-89.5,270
2024-10-28,48.0,-89.0,450
2024-10-28,48.0,-88.5,450
2024-10-28,48.0,-88.0,270
2024-10-28,48.0,-87.5,450
2024-10-28,48.0,-87.0,720
2024-10-28,48.0,-86.5,180
2024-10-28,48.0,-86.0,540
2024-10-28,48.0,-85.5,450
2024-10-28,48.0,-85.0,90
2024-10-28,48.0,-81.5,90
2024-10-28,48.5,-87.5,180
2024-10-28,48.5,-87.0,90
2024-10-28,48.5,-86.5,630
2024-10-28,48.5,-85.5,630
2024-10-28,48.5,-85.0,180
2024-10-28,48.5,-84.5,270
2024-10-28,48.5,-84.0,630
2024-10-28,48.5,-82.0,180
2024-10-28,48.5,-76.5,90
2024-10-28,49.0,-86.5,180
2024-10-28,49.0,-86.0,270
2024-10-28,49.0,-85.5,180
2024-10-28,49.0,-84.5,540
2024-10-28,49.0,-84.0,90
2024-10-28,49.0,-83.5,360
2024-10-28,49.0,-83.0,270
2024-10-28,49.0,-82.0,270
2024-10-28,49.0,-81.5,360
2024-10-28,49.0,-81.0,180
2024-10-28,49.0,-80.5,180
2024-10-28,49.0,-80.0,90
2024-10-28,49.0,-75.5,90
2024-10-28,49.0,-75.0,90
2024-10-28,49.5,-85.5,180
2024-10-28,49.5,-85.0,270
2024-10-28,49.5,-84.5,180
2024-10-28,49.5,-84.0,180
2024-10-28,49.5,-83.0,90
2024-10-28,49.5,-82.5,270
2024-10-28,49.5,-81.5,90
2024-10-28,49.5,-81.0,90
2024-10-28,49.5,-80.5,90
2024-10-28,49.5,-79.5,270
2024-10-28,49.5,-78.5,90
2024-10-28,49.5,-78.0,270
2024-10-28,49.5,-77.5,90
2024-10-28,49.5,-76.5,90
2024-10-28,49.5,-76.0,90
2024-10-28,49.5,-75.5,180
2024-10-28,49.5,-75.0,180
2024-10-28,50.0,-86.0,450
2024-10-28,50.0,-85.5,180
2024-10-28,50.0,-85.0,90
2024-10-28,50.0,-84.5,540
2024-10-28,50.0,-84.0,360
2024-10-28,50.0,-83.0,180
2024-10-28,50.0,-82.5,90
2024-10-28,50.0,-79.0,180
2024-10-28,50.0,-78.5,180
2024-10-28,50.0,-76.0,90
2024-10-28,50.0,-75.5,90
2024-10-28,50.0,-73.5,90
2024-10-28,50.5,-85.0,180
2024-10-28,50.5,-83.5,90
2024-10-28,50.5,-77.0,90
2024-10-28,50.5,-76.0,90
2024-10-28,50.5,-75.5,90
2024-10-28,50.5,-73.5,180
2024-10-28,51.0,-114.5,90
2024-10-28,51.0,-114.0,90
2024-10-28,51.0,-85.0,90
2024-10-28,51.0,-84.5,90
2024-10-28,51.0,-73.5,180
2024-10-28,51.5,-115.0,90
2024-10-28,52.5,-116.5,90
